VariationalSeries/SI/f58.grd
DSAA
101	101
32.816463539100	34.260883539100
35.556306596100	36.727886596100
3.273615147918e-04	5.370677185059e+01
[rows 76 to 94 of 101, columns 43 to 85 of 101]
8.273696899414e-02 7.039336860180e-02 1.287914663553e-01 3.243586421013e-01 3.468654751778e-01 6.905772686005e-01 1.101144194603e+00 1.237479567528e+00 7.662721872330e-01 2.144294679165e-01 7.799159288406e-01 1.747985482216e+00 1.306207895279e+00 3.403162360191e-01 1.533090919256e-01 2.171620428562e-01 2.290715873241e-01 1.171318665147e-01 1.096580997109e-01 1.365809440613e-01 5.033742189407e-01 1.152358889580e+00 2.714316248894e-01 1.832797229290e-01 1.335086673498e-01 8.948954939842e-02 4.549109935760e-02 3.911131992936e-02 3.809982538223e-02 3.592949360609e-02 3.401729464531e-02 3.545223921537e-02 3.732395917177e-02 3.959116339684e-02 3.998362272978e-02 3.720383718610e-02 3.411658108234e-02 3.188476711512e-02 3.032363206148e-02 2.939789928496e-02 3.283584490418e-02 5.029934644699e-02 6.862150132656e-02
1.346890628338e-01 1.815827786922e-01 2.323045134544e-01 2.422369867563e-01 3.328830301762e-01 4.593631625175e-01 5.921891331673e-01 5.601355433464e-01 8.982324600220e-01 1.310398221016e+00 1.298729062080e+00 6.231166124344e-01 4.420787692070e-01 3.936222493649e-01 2.537590861320e-01 2.682855427265e-01 7.424870133400e-02 4.594296962023e-02 5.644211173058e-02 6.318607181311e-02 4.790119826794e-02 5.734510719776e-02 9.080916643143e-02 9.115250408649e-02 8.270262926817e-02 5.072299018502e-02 2.483076415956e-02 2.228799834847e-02 2.596670575440e-02 2.991469018161e-02 3.190580010414e-02 3.259902819991e-02 3.241981565952e-02 3.099482133985e-02 2.695240452886e-02 2.162745222449e-02 1.732795871794e-02 1.715997606516e-02 1.818663068116e-02 2.112494036555e-02 2.652140893042e-02 4.525290429592e-02 6.055998802185e-02
2.850547730923e-01 4.304227530956e-01 2.855119705200e-01 1.343572288752e-01 1.560703814030e-01 5.706554055214e-01 1.600517868996e+00 2.130705595016e+00 1.595844149590e+00 7.872663736343e-01 4.242565333843e-01 2.728586196899e-01 1.975936144590e-01 3.179630041122e-01 2.629208564758e-01 9.828345477581e-02 3.275140002370e-02 2.987102977931e-02 3.111931867898e-02 4.216085746884e-02 3.146849200130e-02 2.868048846722e-02 3.318177536130e-02 3.737073391676e-02 3.386095166206e-02 3.086679428816e-02 2.501550689340e-02 2.602614462376e-02 2.189718931913e-02 2.504703402519e-02 2.621387876570e-02 2.442338876426e-02 2.338960580528e-02 2.260172739625e-02 1.591539196670e-02 1.533646881580e-02 1.628860831261e-02 1.622762158513e-02 1.589075103402e-02 1.682993397117e-02 2.058257535100e-02 3.926661610603e-02 5.760551989079e-02
4.060555398464e-01 4.729636013508e-01 1.596187204123e-01 1.654833853245e-01 5.862523913383e-01 1.049483418465e+00 1.082749366760e+00 9.296477437019e-01 7.750653624535e-01 3.675439953804e-01 3.245232105255e-01 3.931251764297e-01 2.419818937778e-01 1.521691679955e-01 6.733531504869e-02 3.627212718129e-02 2.296808548272e-02 2.200373634696e-02 2.113229967654e-02 2.644273452461e-02 2.348509058356e-02 2.349602244794e-02 2.185718156397e-02 2.159481868148e-02 2.090854197741e-02 2.134148590267e-02 2.062533795834e-02 2.097239345312e-02 2.256255596876e-02 2.161229774356e-02 2.189768664539e-02 1.804395206273e-02 1.999315433204e-02 2.097613550723e-02 1.669696904719e-02 1.272066682577e-02 1.522221229970e-02 1.619785651565e-02 1.626667194068e-02 1.598327420652e-02 1.643100380898e-02 2.110130898654e-02 3.550420328975e-02
1.774336099625e-01 2.912246584892e-01 4.206424355507e-01 5.482187867165e-01 6.039350032806e-01 4.959826171398e-01 5.565457940102e-01 6.873100996017e-01 9.807381629944e-01 3.811190128326e-01 3.962854444981e-01 2.407101690769e-01 9.688292443752e-02 4.102883487940e-02 2.837745659053e-02 2.307880856097e-02 2.068982273340e-02 1.865100488067e-02 1.709045656025e-02 1.618324033916e-02 1.797953993082e-02 1.386519987136e-02 1.405118964612e-02 1.399961952120e-02 1.476906891912e-02 1.551024243236e-02 1.564978063107e-02 1.433297060430e-02 1.232453156263e-02 1.478890795261e-02 1.437868643552e-02 1.396202109754e-02 1.566860452294e-02 1.749276742339e-02 1.609059795737e-02 1.261525694281e-02 1.414155308157e-02 1.587954536080e-02 1.630649343133e-02 1.653192192316e-02 1.916924118996e-02 2.300851419568e-02 2.901253476739e-02
1.954240351915e-01 5.944640040398e-01 1.101674675941e+00 6.451499462128e-01 4.153184294701e-01 7.237447500229e-01 9.632914662361e-01 1.295208334923e+00 6.340534687042e-01 3.261880576611e-01 1.536797881126e-01 8.893167227507e-02 3.759144619107e-02 2.413033507764e-02 1.702846586704e-02 1.433641090989e-02 1.316385995597e-02 1.223432458937e-02 1.256094314158e-02 1.338424906135e-02 1.381735317409e-02 1.281365938485e-02 1.240163482726e-02 1.331991702318e-02 1.591243781149e-02 1.853258907795e-02 2.026609145105e-02 1.969461515546e-02 1.555580925196e-02 1.203768514097e-02 1.199241261929e-02 1.106734294444e-02 1.123725809157e-02 1.404410041869e-02 1.454300712794e-02 1.356075331569e-02 1.285988092422e-02 1.506492588669e-02 1.590371876955e-02 1.606304943562e-02 1.838588714600e-02 2.546884119511e-02 3.446646407247e-02
3.674372434616e-01 1.153415441513e+00 8.835824131966e-01 7.187656760216e-01 7.869777679443e-01 7.530442476273e-01 5.274984836578e-01 5.108225345612e-01 4.003814756870e-01 2.049431800842e-01 7.420071959496e-02 4.595061764121e-02 2.501791529357e-02 1.609915681183e-02 1.288571208715e-02 1.057442277670e-02 1.056995242834e-02 1.128878630698e-02 1.102838572115e-02 1.061816234142e-02 1.153791416436e-02 1.190323941410e-02 1.148893311620e-02 1.151726208627e-02 1.450412534177e-02 1.780348084867e-02 2.021453715861e-02 2.016305737197e-02 1.637317612767e-02 1.115026418120e-02 1.165273692459e-02 1.206558011472e-02 9.863993152976e-03 1.033718883991e-02 1.232704333961e-02 1.376600842923e-02 1.391057763249e-02 1.378697622567e-02 1.507036853582e-02 1.573058962822e-02 1.561205089092e-02 1.770967431366e-02 2.236781455576e-02
4.954991638660e-01 8.406578302383e-01 5.006256699562e-01 3.054060041904e-01 2.037940770388e-01 2.498957365751e-01 2.177518904209e-01 2.600753605366e-01 2.208707332611e-01 7.694201171398e-02 5.352422222495e-02 3.186199069023e-02 2.655271999538e-02 1.970218122005e-02 1.229063328356e-02 1.000253204256e-02 1.086826343089e-02 1.096214819700e-02 9.981910698116e-03 9.515385143459e-03 1.104084402323e-02 1.208904199302e-02 1.264950819314e-02 1.220776420087e-02 1.131584029645e-02 1.352198887616e-02 1.509086973965e-02 1.495641935617e-02 1.236283965409e-02 1.002314407378e-02 1.035385951400e-02 1.136424019933e-02 1.084248442203e-02 9.219681844115e-03 9.410256519914e-03 1.125166378915e-02 1.250714156777e-02 1.222924329340e-02 1.391339115798e-02 1.510880235583e-02 1.538910623640e-02 1.622139103711e-02 1.820201799273e-02
7.053201794624e-01 5.827165246010e-01 1.885191798210e-01 1.428855210543e-01 1.515022814274e-01 9.112158417702e-02 1.279998272657e-01 2.090716362000e-01 1.393048912287e-01 6.784737855196e-02 5.065802112222e-02 2.847054600716e-02 2.772621624172e-02 2.627173811197e-02 1.643544621766e-02 1.299782376736e-02 1.102759409696e-02 1.054576225579e-02 9.093959815800e-03 9.171679615974e-03 1.109862886369e-02 1.330880075693e-02 1.463150978088e-02 1.366817019880e-02 1.167424861342e-02 1.001349929720e-02 1.097613666207e-02 1.172754727304e-02 1.166114304215e-02 1.237630192190e-02 1.112231425941e-02 1.026718597859e-02 1.041344646364e-02 9.444109164178e-03 9.107029065490e-03 1.096686907113e-02 1.198969688267e-02 1.167802978307e-02 1.252979319543e-02 1.409460324794e-02 1.477783918381e-02 1.655367948115e-02 2.090375497937e-02
1.115921497345e+00 4.899634718895e-01 9.613343328238e-02 6.871870905161e-02 5.282968655229e-02 6.472173333168e-02 6.966154277325e-02 1.569204032421e-01 1.588859558105e-01 9.683983772993e-02 4.828111082315e-02 2.758148871362e-02 2.385751157999e-02 2.491694130003e-02 2.043747156858e-02 1.256979629397e-02 1.095049548894e-02 1.014526281506e-02 8.431753143668e-03 9.066032245755e-03 1.135826110840e-02 1.483044493943e-02 1.617405749857e-02 1.436343323439e-02 1.206200197339e-02 1.062193885446e-02 1.135500054806e-02 1.264698803425e-02 1.320707611740e-02 1.294926274568e-02 1.199493836612e-02 9.945789352059e-03 1.140971295536e-02 9.469180367887e-03 8.867354132235e-03 9.653923101723e-03 1.213460043073e-02 1.335967890918e-02 1.423237100244e-02 1.617631502450e-02 1.857694797218e-02 1.928698457778e-02 1.874903775752e-02
9.596700668335e-01 2.958284318447e-01 7.318887859583e-02 4.125419631600e-02 3.777186200023e-02 4.382848739624e-02 8.113580942154e-02 1.037820726633e-01 1.247252374887e-01 8.706523478031e-02 5.722830072045e-02 3.201928362250e-02 2.096179313958e-02 1.801454089582e-02 1.724108494818e-02 1.455971971154e-02 1.266712322831e-02 1.391591224819e-02 1.161119993776e-02 1.000707130879e-02 1.247967127711e-02 1.666757278144e-02 1.735120266676e-02 1.457310095429e-02 1.237203273922e-02 1.127166673541e-02 1.187438890338e-02 1.333061326295e-02 1.439244393259e-02 1.343094836920e-02 1.183570642024e-02 9.790626354516e-03 1.163849048316e-02 8.996602147818e-03 8.712635375559e-03 8.365897461772e-03 9.116363711655e-03 1.200967188925e-02 1.529880519956e-02 1.969758793712e-02 2.404934912920e-02 2.576598711312e-02 2.605911530554e-02
5.052258372307e-01 9.266705811024e-02 4.364985600114e-02 3.797832503915e-02 3.176082298160e-02 3.244311362505e-02 5.233895406127e-02 2.899894490838e-02 7.574284076691e-02 1.144737228751e-01 8.132068067789e-02 6.185778975487e-02 3.094173781574e-02 1.902327314019e-02 1.625355891883e-02 1.643168367445e-02 1.742321811616e-02 1.566322892904e-02 1.382691133767e-02 1.221092976630e-02 1.492794696242e-02 1.833715476096e-02 1.765610277653e-02 1.486644148827e-02 1.326655317098e-02 1.248106360435e-02 1.254907064140e-02 1.399873197079e-02 1.521043758839e-02 1.457525324076e-02 1.218584366143e-02 9.641747921705e-03 1.098287943751e-02 9.949853643775e-03 8.643862791359e-03 8.592794649303e-03 8.278832770884e-03 8.656665682793e-03 1.106151379645e-02 1.691016368568e-02 2.309416048229e-02 2.692856825888e-02 2.912887930870e-02
1.367821097374e-01 5.293041467667e-02 3.426675125957e-02 3.277175128460e-02 2.557558007538e-02 2.323213033378e-02 2.353553473949e-02 2.209409885108e-02 2.755499631166e-02 9.442479163408e-02 1.046799048781e-01 1.533119380474e-01 9.810301661491e-02 3.524954244494e-02 2.187407761812e-02 1.823390834033e-02 1.977517269552e-02 2.339559793472e-02 2.179186791182e-02 1.744722202420e-02 1.701488345861e-02 1.906106807292e-02 1.713546551764e-02 1.478786580265e-02 1.391539629549e-02 1.377782411873e-02 1.404004171491e-02 1.430802233517e-02 1.556273363531e-02 1.563581079245e-02 1.348730735481e-02 1.040119677782e-02 1.030165608972e-02 1.030606776476e-02 9.644036181271e-03 9.878702461720e-03 9.781232103705e-03 9.609711356461e-03 9.483368135989e-03 9.749145247042e-03 1.314390823245e-02 1.750609651208e-02 2.063988149166e-02
4.876817390323e-02 3.047032281756e-02 3.070457093418e-02 2.677265740931e-02 2.181600965559e-02 1.979516632855e-02 1.718445867300e-02 1.714273542166e-02 2.024655044079e-02 3.913205862045e-02 1.563049554825e-01 3.837446868420e-01 2.633213698864e-01 8.395554870367e-02 3.690072149038e-02 2.290765382349e-02 2.058330178261e-02 2.468985319138e-02 2.391036599874e-02 2.513672038913e-02 2.418990619481e-02 1.993981190026e-02 1.782545261085e-02 1.598863303661e-02 1.549655199051e-02 1.560851931572e-02 1.557833328843e-02 1.517264731228e-02 1.559739187360e-02 1.645470224321e-02 1.488004531711e-02 1.087498385459e-02 1.004068180919e-02 9.898268617690e-03 1.040666550398e-02 1.117124967277e-02 1.169182173908e-02 1.185363624245e-02 1.175288669765e-02 1.132486667484e-02 1.136950869113e-02 1.196090783924e-02 1.234184857458e-02
4.423503205180e-02 2.512273937464e-02 2.733206376433e-02 2.090763300657e-02 1.705982349813e-02 1.609326712787e-02 1.408747397363e-02 1.452587544918e-02 1.459687948227e-02 2.712354250252e-02 1.183961629868e-01 3.193517029285e-01 2.890148460865e-01 1.862249523401e-01 4.504325613379e-02 2.491797879338e-02 1.896400749683e-02 2.732069045305e-02 3.242282196879e-02 3.040592931211e-02 2.486382052302e-02 1.944105140865e-02 1.924136281013e-02 1.809221506119e-02 1.748062483966e-02 1.707338355482e-02 1.634086854756e-02 1.490544993430e-02 1.572535932064e-02 1.661540009081e-02 1.464682258666e-02 1.131126191467e-02 1.171024236828e-02 1.133184693754e-02 1.074436772615e-02 1.043874956667e-02 1.115274801850e-02 1.158257480711e-02 1.146159321070e-02 1.072353497148e-02 1.191310398281e-02 1.406312454492e-02 1.558829192072e-02
5.452859774232e-02 2.858204022050e-02 2.405087277293e-02 1.859400048852e-02 1.394780818373e-02 1.315783523023e-02 1.352135650814e-02 1.320411358029e-02 1.325817778707e-02 1.696093752980e-02 4.496585577726e-02 1.641590595245e-01 5.966165065765e-01 4.603579044342e-01 7.717538625002e-02 2.911852113903e-02 3.208486735821e-02 3.421936184168e-02 3.041793592274e-02 2.420181967318e-02 1.965590007603e-02 2.005145512521e-02 2.124652080238e-02 2.056809701025e-02 1.916321367025e-02 1.738316379488e-02 1.503767818213e-02 1.387744490057e-02 1.625019684434e-02 1.671427488327e-02 1.500511635095e-02 1.666589826345e-02 1.670572534204e-02 1.579831168056e-02 1.420929841697e-02 1.104908809066e-02 9.291185066104e-03 9.255129843950e-03 9.509206749499e-03 1.021863520145e-02 1.200602948666e-02 1.496216282248e-02 1.853195019066e-02
5.773592740297e-02 3.244098648429e-02 2.432891353965e-02 1.622370630503e-02 1.216991152614e-02 1.276425179094e-02 1.260639913380e-02 1.283753197640e-02 1.155290845782e-02 1.297816541046e-02 2.541911788285e-02 8.351544290781e-02 2.898774743080e-01 2.554456889629e-01 8.526991307735e-02 4.850811883807e-02 3.985884040594e-02 3.091680817306e-02 2.380973473191e-02 1.905793882906e-02 1.898113638163e-02 2.024499885738e-02 2.151773497462e-02 2.045670337975e-02 1.766461879015e-02 1.432849094272e-02 1.196385361254e-02 1.302773039788e-02 1.633851416409e-02 1.718258671463e-02 1.778372563422e-02 1.953908056021e-02 1.939818821847e-02 1.806687004864e-02 1.535684242845e-02 1.155473198742e-02 1.183721236885e-02 1.228941138834e-02 1.301855593920e-02 1.363805029541e-02 1.380804926157e-02 1.540136896074e-02 1.986886188388e-02
5.397042259574e-02 2.900568768382e-02 2.046455815434e-02 1.274101808667e-02 1.168633997440e-02 1.260542124510e-02 1.217755954713e-02 1.053635869175e-02 8.375811390579e-03 1.170879509300e-02 2.162580378354e-02 3.695848211646e-02 1.022342368960e-01 1.213736385107e-01 8.784668147564e-02 5.377276241779e-02 3.399333730340e-02 2.414903976023e-02 2.236851491034e-02 2.171577326953e-02 1.954775676131e-02 1.847878657281e-02 1.786884851754e-02 1.569468900561e-02 1.237781532109e-02 1.114518474787e-02 1.099449675530e-02 1.174290105700e-02 1.523925364017e-02 1.705053821206e-02 1.263006776571e-02 1.373157463968e-02 1.373277604580e-02 1.284003630280e-02 1.248907018453e-02 1.364896073937e-02 1.475073769689e-02 1.620962657034e-02 1.779930666089e-02 1.869478821754e-02 1.835494674742e-02 1.710338704288e-02 1.950244791806e-02
4.821480438113e-02 2.144887112081e-02 1.470766123384e-02 9.132084436715e-03 1.094218809158e-02 1.214073691517e-02 1.163129974157e-02 9.600669145584e-03 7.094116415828e-03 1.054034009576e-02 1.943393982947e-02 3.007325530052e-02 7.112926244736e-02 9.117038547993e-02 7.083117216825e-02 4.192080348730e-02 2.594365738332e-02 2.405966445804e-02 2.366856858134e-02 1.983686536551e-02 1.576630026102e-02 1.316564250737e-02 1.151701994240e-02 9.648680686951e-03 9.136834181845e-03 8.985549211502e-03 9.011235088110e-03 9.983967058361e-03 1.327869948000e-02 1.554126199335e-02 1.206497754902e-02 9.468304924667e-03 9.016618132591e-03 1.152061671019e-02 1.362753100693e-02 1.547698955983e-02 1.762022078037e-02 2.028659917414e-02 2.278706431389e-02 2.380362339318e-02 2.264083363116e-02 1.996267214417e-02 1.922695338726e-02
