VariationalSeries/SI/f59.grd
DSAA
101	101
32.816463539100	34.260883539100
35.556306596100	36.727886596100
3.261500387453e-04	5.349705123901e+01
[rows 19 to 37 of 101, columns 0 to 42 of 101]
1.025301441550e-01 2.090301066637e-01 2.673024535179e-01 2.723412215710e-01 2.246170639992e-01 1.782159656286e-01 1.217118874192e-01 1.381589174271e-01 1.673386842012e-01 2.010782808065e-01 2.636369168758e-01 3.149265348911e-01 3.070629835129e-01 3.329254090786e-01 3.354171216488e-01 3.252686262131e-01 3.093462288380e-01 2.962638139725e-01 3.432187139988e-01 3.090599775314e-01 3.199062645435e-01 3.451372981071e-01 3.671442568302e-01 3.520596027374e-01 3.140075206757e-01 2.655953764915e-01 2.748896181583e-01 4.394025504589e-01 5.241742134094e-01 3.945900201797e-01 3.629764914513e-01 3.333151340485e-01 3.529785275459e-01 3.529063761234e-01 3.531841337681e-01 3.415377438068e-01 2.729034125805e-01 2.384520769119e-01 2.557724118233e-01 2.454184740782e-01 3.552744090557e-01 8.786115050316e-01 4.085682630539e-01
8.018293231726e-02 1.684860289097e-01 2.271962016821e-01 2.485298365355e-01 2.209701389074e-01 2.127646654844e-01 1.949731558561e-01 1.385743021965e-01 1.848398447037e-01 2.159167230129e-01 2.297371923923e-01 2.881341874599e-01 2.558216750622e-01 2.982820570469e-01 3.223779201508e-01 3.326250016689e-01 3.319441974163e-01 3.168799281120e-01 3.995961546898e-01 3.201692402363e-01 3.762832581997e-01 4.487985968590e-01 4.834724962711e-01 4.705087244511e-01 4.416705965996e-01 3.416324853897e-01 3.642101585865e-01 3.555865883827e-01 5.507441163063e-01 4.008578062057e-01 3.427331745625e-01 3.228227198124e-01 3.144272863865e-01 3.167046308517e-01 2.999929785728e-01 3.883934020996e-01 2.594274878502e-01 2.728821039200e-01 2.798084020615e-01 2.862481474876e-01 4.401423633099e-01 7.437380552292e-01 6.087563037872e-01
6.195539236069e-02 1.248546317220e-01 1.717087030411e-01 1.976290494204e-01 1.865080147982e-01 1.626152992249e-01 2.008172571659e-01 1.983997523785e-01 2.273909151554e-01 2.712786495686e-01 3.129402995110e-01 4.124700427055e-01 4.948611855507e-01 4.528557062149e-01 3.080248832703e-01 2.977382838726e-01 3.145720064640e-01 3.282321095467e-01 5.821837782860e-01 4.678376317024e-01 3.518441915512e-01 5.459292531013e-01 5.784794092178e-01 6.330337524414e-01 5.215598344803e-01 4.618380069733e-01 4.551239609718e-01 2.815687060356e-01 5.181213021278e-01 3.697326779366e-01 2.841288149357e-01 2.953176796436e-01 3.487902581692e-01 2.879548072815e-01 3.153134584427e-01 4.109747707844e-01 3.272093832493e-01 2.894951701164e-01 3.022408187389e-01 3.243933618069e-01 5.132883787155e-01 5.326696038246e-01 8.079984188080e-01
8.341388404369e-02 1.498581618071e-01 1.451184898615e-01 1.519922614098e-01 1.771835833788e-01 2.242259383202e-01 2.618621289730e-01 3.134913146496e-01 3.808239698410e-01 4.787372052670e-01 6.097666025162e-01 7.650721669197e-01 8.599175214767e-01 7.472235560417e-01 4.693118631840e-01 2.874455153942e-01 3.967348635197e-01 5.572955608368e-01 7.048789262772e-01 5.729617476463e-01 4.518502354622e-01 5.928114652634e-01 6.307337284088e-01 7.109779715538e-01 5.187207460403e-01 5.259482860565e-01 5.405368804932e-01 3.391603529453e-01 4.230344891548e-01 3.063046336174e-01 2.906388938427e-01 2.878487110138e-01 3.617047965527e-01 3.688786923885e-01 3.668487668037e-01 3.487974405289e-01 4.603349864483e-01 3.214899897575e-01 3.245401084423e-01 3.563051819801e-01 5.722193717957e-01 4.960986971855e-01 9.382786750793e-01
8.096870034933e-02 1.669742017984e-01 1.812446415424e-01 1.736789643764e-01 2.221132367849e-01 3.016705811024e-01 3.306461572647e-01 3.497018218040e-01 3.875360190868e-01 4.486310184002e-01 5.418781042099e-01 6.182745695114e-01 6.334100365639e-01 5.419772863388e-01 3.970757126808e-01 3.536229431629e-01 3.858516812325e-01 5.201770663261e-01 6.930502057076e-01 4.396811127663e-01 4.233227074146e-01 5.978052020073e-01 6.298934221268e-01 6.817649602890e-01 5.437808632851e-01 5.242256522179e-01 6.092991232872e-01 5.196627974510e-01 5.247208476067e-01 4.471364915371e-01 3.864636421204e-01 5.695136785507e-01 5.321944355965e-01 3.981702327728e-01 3.877290487289e-01 3.868030309677e-01 5.104275345802e-01 3.744090199471e-01 3.547005951405e-01 3.762806057930e-01 6.052832007408e-01 5.029811859131e-01 9.584032297134e-01
1.609366089106e-01 2.779651582241e-01 1.810230463743e-01 1.811384260654e-01 2.043012082577e-01 2.625288069248e-01 2.971977591515e-01 2.941383421421e-01 2.924958467484e-01 3.044633865356e-01 3.219323754311e-01 3.410721719265e-01 3.250761330128e-01 3.581169545650e-01 3.625052571297e-01 3.246494531631e-01 3.238702118397e-01 5.964820981026e-01 6.823429465294e-01 3.622764647007e-01 3.660115301609e-01 5.534925460815e-01 5.977240800858e-01 5.809102654457e-01 5.313103199005e-01 4.796133935452e-01 6.559213399887e-01 5.747184753418e-01 4.795301854610e-01 4.641370475292e-01 4.552705585957e-01 7.332192659378e-01 1.091718554497e+00 1.039334774017e+00 9.406206011772e-01 8.974723815918e-01 9.325022697449e-01 5.755649209023e-01 4.880714118481e-01 4.031570553780e-01 6.193578839302e-01 4.858308732510e-01 8.483725786209e-01
2.983891069889e-01 6.323117017746e-01 6.514545679092e-01 5.715405941010e-01 3.571728765965e-01 2.057181000710e-01 1.992448270321e-01 2.089499235153e-01 2.267439812422e-01 2.931251823902e-01 3.514374494553e-01 3.928256034851e-01 4.055382907391e-01 3.887746632099e-01 3.551608324051e-01 3.680498898029e-01 3.871039450169e-01 5.811333060265e-01 5.728016495705e-01 3.372973501682e-01 3.651447296143e-01 4.515123367310e-01 5.167819261551e-01 4.820088148117e-01 5.458958745003e-01 5.264540910721e-01 6.805528998375e-01 7.236899137497e-01 7.696811556816e-01 6.890658736229e-01 5.196973085403e-01 4.358448088169e-01 8.839921355247e-01 9.656124114990e-01 1.064439177513e+00 1.287567019463e+00 1.609432458878e+00 9.815903902054e-01 7.206125855446e-01 6.119129061699e-01 6.083613634109e-01 4.532598853111e-01 6.350813508034e-01
3.188253641129e-01 6.873666048050e-01 7.933563590050e-01 9.367212653160e-01 1.026038646698e+00 8.905867934227e-01 4.993849694729e-01 2.728286087513e-01 3.721405267715e-01 4.345765709877e-01 4.463773071766e-01 4.222009181976e-01 3.953643143177e-01 5.326703190804e-01 5.871126055717e-01 5.831182599068e-01 5.742221474648e-01 5.587161779404e-01 5.519310832024e-01 5.331086516380e-01 5.210979580879e-01 5.210955142975e-01 5.055073499680e-01 6.323314905167e-01 7.614983320236e-01 6.587406396866e-01 7.446691989899e-01 9.563336968422e-01 9.669714570045e-01 8.589999675751e-01 6.413727402687e-01 4.697921276093e-01 5.175209045410e-01 8.147446513176e-01 1.214600086212e+00 1.069456577301e+00 1.088377356529e+00 8.238548040390e-01 8.784842491150e-01 8.947519659996e-01 7.279922366142e-01 4.683193564415e-01 5.646631121635e-01
2.047330439091e-01 4.517652988434e-01 5.253856778145e-01 6.449705958366e-01 8.394887447357e-01 1.104353308678e+00 1.248555183411e+00 9.714075922966e-01 5.074864029884e-01 4.698678851128e-01 4.182951152325e-01 5.397432446480e-01 6.367075443268e-01 6.633486747742e-01 6.305940747261e-01 6.303083300591e-01 6.239978671074e-01 6.053400039673e-01 6.341367959976e-01 6.399527788162e-01 6.577526330948e-01 7.147135138512e-01 6.757419705391e-01 6.222241520882e-01 6.003295779228e-01 7.748194932938e-01 7.425524592400e-01 9.175330400467e-01 1.009146094322e+00 9.058088660240e-01 6.768945455551e-01 7.335247397423e-01 9.464157223701e-01 1.266685962677e+00 1.510975241661e+00 1.094100356102e+00 7.620382905006e-01 6.362482309341e-01 7.879996895790e-01 1.010327339172e+00 1.103471994400e+00 7.497354745865e-01 5.638507008553e-01
1.407060623169e-01 2.762634456158e-01 3.448594808578e-01 3.176322877407e-01 3.650924265385e-01 5.467185974121e-01 8.554312586784e-01 1.161026239395e+00 1.158326029778e+00 7.972043156624e-01 6.035546064377e-01 6.373159289360e-01 6.461523771286e-01 6.172763109207e-01 6.068637967110e-01 5.968183875084e-01 5.658249855042e-01 6.070635914803e-01 6.228393912315e-01 6.459560990334e-01 6.846266984940e-01 6.606923937798e-01 6.348790526390e-01 6.267349720001e-01 6.164315342903e-01 6.063098907471e-01 6.376073360443e-01 7.118293642998e-01 8.560097813606e-01 8.903942108154e-01 6.976727843285e-01 8.504117727280e-01 1.024663448334e+00 1.164076805115e+00 1.127459645271e+00 7.062206268311e-01 7.451899647713e-01 8.568823337555e-01 9.252912998199e-01 8.323102593422e-01 1.235393643379e+00 1.256728410721e+00 7.040339112282e-01
1.632999181747e-01 3.214138448238e-01 3.190970122814e-01 3.920121788979e-01 3.218269944191e-01 2.781571745872e-01 3.272067308426e-01 6.024590134621e-01 9.677994847298e-01 1.125036239624e+00 9.167588949203e-01 6.097528934479e-01 5.794915556908e-01 5.667199492455e-01 5.301715731621e-01 5.149660110474e-01 5.314191579819e-01 5.777369141579e-01 5.619989037514e-01 5.610102415085e-01 5.063116550446e-01 4.162041842937e-01 5.257934927940e-01 4.664963483810e-01 7.062627077103e-01 6.312029957771e-01 7.228977680206e-01 7.945616245270e-01 6.647877693176e-01 7.168021202087e-01 7.944765090942e-01 8.551260232925e-01 7.391768693924e-01 9.120106697083e-01 6.756338477135e-01 5.793770551682e-01 7.521906495094e-01 1.036065816879e+00 1.241434693336e+00 1.175732135773e+00 9.996902346611e-01 1.553383111954e+00 1.169919133186e+00
2.109400480986e-01 4.055047631264e-01 3.770994842052e-01 3.873879313469e-01 4.320586323738e-01 3.238512873650e-01 4.503680765629e-01 5.473996996880e-01 6.054307818413e-01 8.466207981110e-01 1.090759754181e+00 9.890811443329e-01 6.054912805557e-01 4.864772856236e-01 4.786477982998e-01 4.898409843445e-01 5.071029067039e-01 5.009766221046e-01 5.292629599571e-01 5.201668739319e-01 4.536322355270e-01 3.780566751957e-01 4.028856456280e-01 6.427028775215e-01 9.598858356476e-01 1.293282866478e+00 1.554418444633e+00 1.265281558037e+00 8.549261689186e-01 7.990764975548e-01 9.796229600906e-01 6.919627785683e-01 5.165300965309e-01 1.135824084282e+00 4.742535352707e-01 6.721248030663e-01 6.229295730591e-01 8.710354566574e-01 1.267928481102e+00 1.364467740059e+00 1.174600958824e+00 1.308144807816e+00 1.774862408638e+00
1.916772872210e-01 4.189545512199e-01 4.428775608540e-01 4.327193498611e-01 4.568088054657e-01 4.626648128033e-01 5.549439191818e-01 5.835432410240e-01 5.796682834625e-01 5.478735566139e-01 7.577195763588e-01 1.080612659454e+00 1.054820895195e+00 7.277916669846e-01 4.593070149422e-01 4.584035277367e-01 4.420009851456e-01 4.043512642384e-01 5.415151119232e-01 5.637295842171e-01 5.700081586838e-01 4.754719436169e-01 4.359190762043e-01 7.965568304062e-01 1.353292942047e+00 1.995952248573e+00 2.342715501785e+00 2.239409208298e+00 1.458159685135e+00 9.221768975258e-01 1.055666923523e+00 8.906455039978e-01 8.276644945145e-01 1.387377500534e+00 7.170769572258e-01 1.383634448051e+00 1.001294732094e+00 7.238666415215e-01 9.686279296875e-01 1.393397688866e+00 1.429125189781e+00 1.207830309868e+00 1.903772592545e+00
2.356837838888e-01 4.798177480698e-01 4.853195846081e-01 4.712639451027e-01 4.888361096382e-01 5.542657375336e-01 5.585034489632e-01 5.647891759872e-01 5.192455649376e-01 4.786544442177e-01 4.626991152763e-01 6.518167853355e-01 1.047948360443e+00 1.104757666588e+00 8.372251987457e-01 3.963487744331e-01 3.689105212688e-01 4.134206473827e-01 4.810716807842e-01 7.669867873192e-01 6.932616233826e-01 6.357703804970e-01 5.831632018089e-01 7.952834963799e-01 1.384005188942e+00 1.975112318993e+00 2.689077138901e+00 3.150871992111e+00 2.627596139908e+00 1.269025921822e+00 1.147556781769e+00 1.245084762573e+00 1.187302589417e+00 1.640791058540e+00 9.137692451477e-01 1.851462244987e+00 1.533781290054e+00 1.008968591690e+00 9.246990680695e-01 1.338662147522e+00 2.871690511703e+00 1.458235025406e+00 1.552112102509e+00
3.094942569733e-01 5.824058651924e-01 5.412055850029e-01 5.776710510254e-01 6.130136847496e-01 6.475999355316e-01 6.875129342079e-01 7.149676680565e-01 7.305750250816e-01 7.331060767174e-01 7.112248539925e-01 6.855854988098e-01 6.565601825714e-01 9.680804014206e-01 1.123997688293e+00 9.364273548126e-01 4.689272344112e-01 4.223676621914e-01 4.654253125191e-01 7.328966259956e-01 7.766580581665e-01 6.996924877167e-01 6.450725197792e-01 6.827266812325e-01 1.145977258682e+00 1.705513834953e+00 2.641006231308e+00 3.689202547073e+00 3.484311580658e+00 2.119955778122e+00 1.648474454880e+00 2.078151464462e+00 2.230655670166e+00 2.057856321335e+00 1.703738927841e+00 1.995916843414e+00 1.900490641594e+00 1.467023253441e+00 1.666305184364e+00 1.493903994560e+00 4.102170467377e+00 3.355070114136e+00 9.066271185875e-01
3.170000910759e-01 6.587072014809e-01 6.575511693954e-01 6.375905871391e-01 5.620444417000e-01 5.079109668732e-01 4.820053279400e-01 5.328767895699e-01 5.900912284851e-01 6.575521826744e-01 7.326894402504e-01 8.203882575035e-01 9.036567211151e-01 1.429202318192e+00 1.463785767555e+00 1.112385272980e+00 1.048622250557e+00 9.985485076904e-01 9.307034611702e-01 8.537407517433e-01 7.704297304153e-01 6.675698757172e-01 7.267137765884e-01 7.104281783104e-01 7.836030721664e-01 1.291301965714e+00 1.902900099754e+00 3.009510278702e+00 3.822852134705e+00 2.645634174347e+00 1.251729011536e+00 1.301514983177e+00 1.912304401398e+00 2.538613557816e+00 2.818938732147e+00 2.613011360168e+00 1.884534478188e+00 1.588411688805e+00 1.198256850243e+00 1.714484214783e+00 4.279421806335e+00 5.142332553864e+00 1.379792213440e+00
2.693637609482e-01 5.432310104370e-01 5.659326910973e-01 6.167793273926e-01 6.475409865379e-01 6.258133649826e-01 5.254162549973e-01 4.576926231384e-01 4.602167308331e-01 4.600344300270e-01 4.574000835419e-01 4.474829435349e-01 4.332808852196e-01 5.493239760399e-01 8.242519497871e-01 9.029396772385e-01 1.083199024200e+00 1.046550750732e+00 8.539904952049e-01 9.448072910309e-01 9.994549155235e-01 1.031727194786e+00 1.070345640182e+00 1.118090629578e+00 1.075356721878e+00 8.587545752525e-01 1.283926844597e+00 2.281477689743e+00 3.221043586731e+00 2.362673521042e+00 1.181895613670e+00 8.316790461540e-01 7.404690384865e-01 1.233488202095e+00 1.491100549698e+00 2.424196243286e+00 3.077507734299e+00 2.844196081161e+00 1.769574165344e+00 1.932715296745e+00 2.746752023697e+00 6.098471164703e+00 2.217814207077e+00
2.180141806602e-01 4.215897023678e-01 4.200959801674e-01 4.024321436882e-01 4.101456999779e-01 4.588947594166e-01 4.793860018253e-01 4.718874990940e-01 4.012986421585e-01 4.351732134819e-01 4.728291630745e-01 5.109781622887e-01 5.461434125900e-01 5.812883377075e-01 6.170822978020e-01 6.480591893196e-01 6.750069260597e-01 1.016448855400e+00 1.083396077156e+00 1.402109503746e+00 1.098569154739e+00 9.036003947258e-01 8.627800345421e-01 8.395526409149e-01 8.433342576027e-01 9.575743675232e-01 1.277173042297e+00 1.462920188904e+00 2.060965299606e+00 1.679418087006e+00 8.502150177956e-01 1.002844214439e+00 7.476942539215e-01 9.902904033661e-01 1.163144588470e+00 1.411229133606e+00 1.424233078957e+00 2.388533830643e+00 3.375090360641e+00 2.735214233398e+00 2.440754652023e+00 4.991182327271e+00 4.504015922546e+00
1.375212371349e-01 2.772183120251e-01 2.729569673538e-01 2.666071057320e-01 3.009214997292e-01 3.542600274086e-01 3.881810903549e-01 4.071478545666e-01 4.136741757393e-01 3.812501728535e-01 3.543560504913e-01 3.722846806049e-01 3.936905860901e-01 3.973236382008e-01 4.028033316135e-01 5.376679301262e-01 5.984801054001e-01 8.016316294670e-01 1.516563177109e+00 1.588194847107e+00 1.406657099724e+00 1.200375199318e+00 1.406475305557e+00 1.683817267418e+00 1.185616016388e+00 1.356574177742e+00 1.321357607841e+00 1.228332638741e+00 1.282352924347e+00 1.692491292953e+00 1.589793324471e+00 9.910982847214e-01 1.032058835030e+00 1.085070252419e+00 1.175514340401e+00 1.223566174507e+00 1.268719077110e+00 1.633894801140e+00 2.387710332870e+00 2.784988164902e+00 3.326783180237e+00 4.465084552765e+00 3.690838098526e+00
