VariationalSeries/SI/f59.grd
DSAA
101	101
32.816463539100	34.260883539100
35.556306596100	36.727886596100
3.261500387453e-04	5.349705123901e+01
[rows 38 to 56 of 101, columns 43 to 85 of 101]
3.273472547531e+00 5.084049701691e+00 5.432295322418e+00 3.221809148788e+00 5.401028633118e+00 2.651341438293e+00 2.722803354263e+00 3.658599853516e+00 3.136796712875e+00 2.516465663910e+00 3.707215309143e+00 1.922664165497e+00 2.112381696701e+00 1.787603020668e+00 2.777540445328e+00 2.021178245544e+00 2.192131757736e+00 1.244631648064e+00 1.695844769478e+00 2.574911355972e+00 2.624764919281e+00 2.012075185776e+00 1.387918591499e+00 1.099050641060e+00 9.458084702492e-01 8.541330695152e-01 7.925217151642e-01 8.110924959183e-01 7.210214138031e-01 5.411994457245e-01 5.377532243729e-01 6.366803646088e-01 7.277144789696e-01 7.483757734299e-01 7.590082883835e-01 7.606503963470e-01 7.491627931595e-01 6.920242905617e-01 6.146503090858e-01 5.479620099068e-01 4.938983023167e-01 4.954437911510e-01 4.193402826786e-01
3.256201505661e+00 6.742197513580e+00 4.349535942078e+00 6.071495056152e+00 4.370321273804e+00 6.177567481995e+00 5.192167758942e+00 3.212222576141e+00 3.262765645981e+00 2.619709491730e+00 4.207302570343e+00 2.717573642731e+00 1.765833258629e+00 2.027211666107e+00 3.687620401382e+00 2.200951337814e+00 2.515791654587e+00 3.932326555252e+00 3.526109933853e+00 2.390310525894e+00 1.614789247513e+00 1.097916126251e+00 1.000628709793e+00 9.048172831535e-01 9.108932614326e-01 8.703585863113e-01 7.627769112587e-01 6.652005910873e-01 6.001283526421e-01 5.998333692551e-01 6.586140394211e-01 6.186829209328e-01 5.077697038651e-01 4.295723736286e-01 4.151463508606e-01 3.581524789333e-01 3.831710517406e-01 4.210420846939e-01 4.633512198925e-01 5.129642486572e-01 5.555643439293e-01 7.301129698753e-01 7.530304789543e-01
4.794878005981e+00 3.353686332703e+00 5.934900283813e+00 4.702779769897e+00 4.998436450958e+00 6.510552883148e+00 3.964884281158e+00 3.604561805725e+00 2.575318813324e+00 2.674123764038e+00 4.500776290894e+00 2.433093786240e+00 2.498682975769e+00 2.451962709427e+00 2.990144968033e+00 4.830887317657e+00 3.296663045883e+00 1.710013031960e+00 1.596891045570e+00 1.059289574623e+00 8.046423792839e-01 1.160035848618e+00 1.523146629333e+00 1.372447133064e+00 9.882782697678e-01 8.616022467613e-01 8.421782851219e-01 7.763727903366e-01 6.705393195152e-01 6.233633160591e-01 5.863636136055e-01 5.940285921097e-01 5.683222413063e-01 5.284094810486e-01 5.153761506081e-01 5.417149662971e-01 5.344679355621e-01 4.852325022221e-01 6.447274088860e-01 8.789159655571e-01 7.221501469612e-01 5.402857661247e-01 4.674376249313e-01
5.322117328644e+00 4.876462936401e+00 7.735551834106e+00 6.463281154633e+00 6.107595443726e+00 6.732807636261e+00 6.341104984283e+00 3.497671604156e+00 3.945042371750e+00 3.745165586472e+00 4.430409908295e+00 3.456390619278e+00 3.218494176865e+00 5.472218990326e+00 3.528129577637e+00 2.616924762726e+00 2.222206354141e+00 1.799671173096e+00 1.324959516525e+00 2.144476175308e+00 2.309350013733e+00 1.212822079659e+00 1.910309314728e+00 1.450783610344e+00 1.305656790733e+00 1.151380658150e+00 1.016831755638e+00 9.092605710030e-01 8.190073966980e-01 7.893241047859e-01 1.477328777313e+00 6.277378201485e-01 5.964148640633e-01 5.645843148232e-01 7.135957479477e-01 8.909936547279e-01 8.166837692261e-01 9.342858791351e-01 7.947210669518e-01 8.715385198593e-01 8.794339895248e-01 8.601978421211e-01 7.898764610291e-01
5.074380874634e+00 7.020316600800e+00 6.059562206268e+00 6.027429103851e+00 5.589240550995e+00 7.062569618225e+00 1.116564559937e+01 4.814273834229e+00 5.624498844147e+00 5.610430717468e+00 5.114206314087e+00 5.129870414734e+00 5.835161209106e+00 3.339492321014e+00 3.613541126251e+00 2.037214279175e+00 2.758481264114e+00 3.687480449677e+00 2.900563955307e+00 2.772274732590e+00 2.883163452148e+00 1.944630384445e+00 1.204550266266e+00 1.168972969055e+00 1.083974123001e+00 1.015215754509e+00 1.238994956017e+00 2.142212152481e+00 2.571226835251e+00 2.280586004257e+00 1.125545144081e+00 8.136482238770e-01 7.723177671432e-01 8.354426026344e-01 1.051851630211e+00 1.078423738480e+00 9.761185050011e-01 8.734966516495e-01 6.506779193878e-01 8.096674084663e-01 9.674909114838e-01 9.657969474792e-01 9.289985299110e-01
6.010085582733e+00 8.733492851257e+00 1.442309951782e+01 8.829194068909e+00 1.423797416687e+01 7.311829090118e+00 1.748548507690e+01 5.020800113678e+00 9.729862213135e+00 7.005031108856e+00 6.131617546082e+00 5.980662822723e+00 3.394977331161e+00 4.142862796783e+00 4.683997631073e+00 4.575784683228e+00 2.831875562668e+00 1.682265400887e+00 3.612271547318e+00 3.123686552048e+00 1.711408019066e+00 1.562773823738e+00 1.479497313499e+00 2.693516731262e+00 3.311994552612e+00 2.926717281342e+00 1.924866318703e+00 1.385464906693e+00 1.505891323090e+00 9.515748023987e-01 7.632781267166e-01 1.145026922226e+00 1.423440098763e+00 1.277107000351e+00 1.126309037209e+00 1.521311163902e+00 1.801951289177e+00 1.611245751381e+00 1.155254125595e+00 8.432869911194e-01 1.053869247437e+00 1.157525062561e+00 1.220984697342e+00
7.419870376587e+00 9.343784332275e+00 1.101177597046e+01 1.462173461914e+01 1.221970653534e+01 1.238462734222e+01 2.049864006042e+01 8.139070510864e+00 9.452759742737e+00 7.441757678986e+00 7.518445968628e+00 4.342135429382e+00 4.696058273315e+00 5.863405704498e+00 4.574914932251e+00 3.271798849106e+00 4.720500469208e+00 4.382765769958e+00 3.471631288528e+00 4.392726421356e+00 4.447030544281e+00 3.856435775757e+00 2.759424448013e+00 1.507333397865e+00 1.655200839043e+00 1.493295073509e+00 1.185825586319e+00 1.223925590515e+00 1.320661902428e+00 1.419215679169e+00 1.381812572479e+00 1.178889751434e+00 1.132402896881e+00 9.502778649330e-01 1.734603047371e+00 2.119361400604e+00 1.986885547638e+00 1.463433146477e+00 8.865293264389e-01 5.438551902771e-01 7.566052675247e-01 8.681981563568e-01 7.989273071289e-01
7.021822929382e+00 1.031205081940e+01 1.223912048340e+01 1.167446422577e+01 1.736614036560e+01 1.297121238708e+01 2.086399650574e+01 1.150903606415e+01 9.844637870789e+00 1.092109966278e+01 8.362459182739e+00 5.502162456512e+00 5.463344573975e+00 5.841662883759e+00 3.370997428894e+00 4.997240066528e+00 6.447299480438e+00 4.439160823822e+00 2.641414403915e+00 2.615233898163e+00 2.307491064072e+00 1.786566495895e+00 1.721856236458e+00 1.906522154808e+00 1.907037854195e+00 1.684273123741e+00 1.457753181458e+00 1.422830581665e+00 1.185460090637e+00 1.304083347321e+00 1.248737573624e+00 1.138856410980e+00 7.905415296555e-01 1.447797894478e+00 1.726949691772e+00 1.637222409248e+00 1.143490791321e+00 6.159664988518e-01 8.474369049072e-01 7.972272038460e-01 5.966266989708e-01 5.687533617020e-01 6.147826910019e-01
1.040399646759e+01 1.456787872314e+01 1.486417198181e+01 1.620302009583e+01 1.761530303955e+01 2.214319038391e+01 2.087568855286e+01 4.067470169067e+01 1.497634983063e+01 9.489151954651e+00 8.819298744202e+00 7.855917930603e+00 6.683207035065e+00 1.017922687531e+01 8.903587341309e+00 5.193170070648e+00 4.809053897858e+00 4.992894172668e+00 3.655606269836e+00 3.232379198074e+00 3.202564477921e+00 3.046378850937e+00 3.263283252716e+00 2.432983875275e+00 3.129159927368e+00 2.768448114395e+00 1.740627646446e+00 1.584866762161e+00 1.604966402054e+00 1.498124122620e+00 1.279153347015e+00 1.235978364944e+00 1.289731860161e+00 1.484187602997e+00 1.379869937897e+00 1.058896541595e+00 8.080917000771e-01 7.318477034569e-01 7.133626937866e-01 7.056414484978e-01 6.898746490479e-01 6.646021008492e-01 6.400643587112e-01
6.590873241425e+00 1.927443695068e+01 1.330668640137e+01 1.662316131592e+01 2.627444267273e+01 2.102925682068e+01 2.498040580750e+01 2.969150543213e+01 1.463197326660e+01 1.382809829712e+01 1.754754257202e+01 1.118469047546e+01 1.387946796417e+01 1.078114986420e+01 9.028544425964e+00 7.877484798431e+00 6.697860717773e+00 5.796732902527e+00 5.115934371948e+00 7.182722568512e+00 8.398303031921e+00 3.504132747650e+00 2.285728216171e+00 2.312050580978e+00 3.247332096100e+00 2.043549299240e+00 1.766277194023e+00 1.679361343384e+00 1.550317525864e+00 1.475190281868e+00 1.416737437248e+00 1.465541958809e+00 1.550892710686e+00 1.325923085213e+00 1.014825105667e+00 9.468861222267e-01 8.969016671181e-01 7.359052896500e-01 7.280993461609e-01 7.295116186142e-01 6.731654405594e-01 6.897271871567e-01 7.244701385498e-01
1.779566001892e+01 2.081015968323e+01 2.380050659180e+01 2.509501075745e+01 2.905023002625e+01 4.023865509033e+01 5.349705123901e+01 2.476597023010e+01 1.995854949951e+01 1.390090847015e+01 1.977762031555e+01 1.969253540039e+01 7.456239223480e+00 1.190676403046e+01 1.306114387512e+01 6.477910518646e+00 5.989369392395e+00 6.349278926849e+00 7.004978656769e+00 8.253399848938e+00 6.365711688995e+00 2.706039667130e+00 3.067361354828e+00 2.520521640778e+00 2.354638338089e+00 2.015112876892e+00 1.959313988686e+00 1.944357633591e+00 1.615613102913e+00 1.121526956558e+00 1.003098487854e+00 1.099293589592e+00 1.166990995407e+00 1.199049830437e+00 1.176144599915e+00 1.126343250275e+00 1.004140853882e+00 1.029781103134e+00 1.148025989532e+00 1.175698161125e+00 1.052709817886e+00 9.136130213737e-01 7.972850203514e-01
1.188941478729e+01 2.118089103699e+01 2.186304092407e+01 2.771291160583e+01 2.741557121277e+01 2.713522338867e+01 2.661938095093e+01 2.208640098572e+01 1.545789527893e+01 1.764086723328e+01 1.691647911072e+01 1.775523567200e+01 2.148708343506e+01 9.433541297913e+00 7.979491710663e+00 4.956984043121e+00 4.516690731049e+00 3.195183753967e+00 2.942198514938e+00 2.509058713913e+00 2.154347896576e+00 2.440735578537e+00 3.008710145950e+00 3.462317943573e+00 3.544042110443e+00 3.110859155655e+00 2.488505601883e+00 1.723738789558e+00 1.196277260780e+00 9.863253831863e-01 8.010619878769e-01 9.042518734932e-01 1.176149368286e+00 7.878086566925e-01 8.907294869423e-01 9.732458591461e-01 7.776550650597e-01 9.513026475906e-01 1.124448180199e+00 1.191508889198e+00 1.352326154709e+00 1.698957681656e+00 1.928924322128e+00
4.668065071106e+00 6.375826358795e+00 1.004768657684e+01 4.750976562500e+01 2.617493057251e+01 2.496905899048e+01 1.394999408722e+01 1.431628990173e+01 1.323776054382e+01 2.108529853821e+01 1.961645698547e+01 2.777609062195e+01 4.029591369629e+01 2.962063598633e+01 1.930991744995e+01 8.894362449646e+00 4.185552120209e+00 2.983950138092e+00 2.720128536224e+00 3.644177436829e+00 4.742667675018e+00 4.391777992249e+00 3.241714000702e+00 2.083594560623e+00 2.291599750519e+00 2.168374538422e+00 3.100691795349e+00 4.621248245239e+00 2.142946720123e+00 1.127633690834e+00 1.043367624283e+00 1.713335156441e+00 1.122566938400e+00 7.027890086174e-01 6.170321702957e-01 6.397004127502e-01 6.430032849312e-01 6.618637442589e-01 6.738256216049e-01 6.734647750854e-01 6.746027469635e-01 7.465052604675e-01 6.514473557472e-01
8.462539315224e-01 2.110353708267e+00 5.082381725311e+00 6.778522491455e+00 6.910395622253e+00 6.757286548615e+00 5.268016815186e+00 7.185653686523e+00 7.182878017426e+00 1.143325996399e+01 2.320876121521e+01 2.619824218750e+01 3.605052947998e+01 2.093866729736e+01 1.495469760895e+01 8.461042404175e+00 3.862356662750e+00 2.024926185608e+00 2.140297889709e+00 4.717613697052e+00 1.502486705780e+01 6.271779537201e+00 5.363255500793e+00 4.002831459045e+00 4.080403327942e+00 3.504434823990e+00 3.774135112762e+00 2.644690513611e+00 1.308736681938e+00 1.726295709610e+00 1.455423593521e+00 1.470837354660e+00 8.940910100937e-01 8.108236193657e-01 5.655421018600e-01 5.177829861641e-01 5.370841622353e-01 5.365057587624e-01 5.794535279274e-01 5.358254909515e-01 6.974723339081e-01 8.192854523659e-01 7.924473881721e-01
5.911225676537e-01 1.100087642670e+00 3.199717760086e+00 1.858481168747e+00 1.646481990814e+00 1.342418432236e+00 2.044160127640e+00 3.366017103195e+00 3.520668268204e+00 3.732795238495e+00 1.057254886627e+01 5.209053802490e+01 4.132410049438e+01 1.865836524963e+01 8.563978195190e+00 2.466529846191e+00 1.481811165810e+00 9.741488695145e-01 1.210914492607e+00 3.096335172653e+00 7.100371837616e+00 1.237364196777e+01 6.198585987091e+00 4.717519283295e+00 3.722732782364e+00 2.794626712799e+00 2.961525678635e+00 2.768408298492e+00 2.429842948914e+00 2.189915418625e+00 2.669155120850e+00 1.141894578934e+00 1.059574484825e+00 8.558857440948e-01 8.746281266212e-01 8.151385188103e-01 6.826036572456e-01 5.834563970566e-01 6.671049594879e-01 7.700898051262e-01 9.021522998810e-01 8.881987929344e-01 7.575380802155e-01
3.973833918571e-01 1.634498476982e+00 3.840826034546e+00 2.829065799713e+00 7.001907229424e-01 8.219595551491e-01 7.865377664566e-01 1.590668559074e+00 1.736722588539e+00 2.819432735443e+00 5.437014102936e+00 1.424708652496e+01 3.051897811890e+01 2.090384864807e+01 2.830790710449e+01 6.825881958008e+00 8.389140367508e-01 5.288730263710e-01 8.336635828018e-01 2.756972789764e+00 8.455530166626e+00 1.322833347321e+01 1.009337425232e+01 6.872386932373e+00 4.776846408844e+00 3.007323026657e+00 3.411483526230e+00 2.527981758118e+00 2.441899299622e+00 2.430262804031e+00 2.019992589951e+00 1.610860109329e+00 1.134387969971e+00 1.208818078041e+00 1.084919810295e+00 8.645100593567e-01 7.681642174721e-01 7.125265598297e-01 6.605030298233e-01 7.713242769241e-01 8.463107943535e-01 8.231198191643e-01 7.293789386749e-01
3.387646973133e-01 8.342125415802e-01 5.673088073730e+00 6.814706802368e+00 3.554876089096e+00 5.540189743042e-01 4.215331375599e-01 7.926515340805e-01 7.923001646996e-01 6.432770490646e-01 5.441808700562e-01 2.292947292328e+00 1.033331680298e+01 5.970401763916e+00 3.450187301636e+01 4.163807392120e+00 2.349596261978e+00 8.873590826988e-01 7.402747869492e-01 2.397849798203e+00 4.705646514893e+00 4.164319610596e+01 1.287667846680e+01 5.614351749420e+00 5.687785625458e+00 3.002765655518e+00 3.222973108292e+00 2.749988079071e+00 3.931808471680e+00 3.020931482315e+00 1.733110785484e+00 1.719641566277e+00 1.604728817940e+00 1.528339505196e+00 1.500757098198e+00 1.196519851685e+00 1.179996013641e+00 1.305937647820e+00 8.438318371773e-01 6.467977166176e-01 6.383053064346e-01 6.306747794151e-01 7.299150228500e-01
2.173320353031e-01 3.754046261311e-01 4.675335586071e-01 2.646848201752e+00 1.628738164902e+00 3.948318362236e-01 3.361636698246e-01 3.945882916451e-01 3.699189424515e-01 3.553731143475e-01 2.573858499527e-01 2.877527773380e-01 8.822022676468e-01 5.481157779694e+00 1.562321090698e+01 3.825073242188e+00 3.191826105118e+00 1.503329277039e+00 8.764200210571e-01 1.720779776573e+00 2.004152297974e+00 2.743510484695e+00 2.503186464310e+00 1.892876982689e+00 2.789558887482e+00 4.643468856812e+00 4.072900295258e+00 4.065435886383e+00 2.614153623581e+00 3.421770334244e+00 3.569727897644e+00 3.111187219620e+00 1.900776624680e+00 1.576241254807e+00 1.510216832161e+00 1.318446636200e+00 1.126749873161e+00 1.144095659256e+00 1.108659744263e+00 7.338278889656e-01 6.042283177376e-01 6.227256655693e-01 6.727411150932e-01
2.385246604681e-01 3.817090988159e-01 2.510411441326e-01 2.823351621628e-01 2.867055833340e-01 3.373010158539e-01 3.111784160137e-01 2.920647859573e-01 2.700089514256e-01 2.050000280142e-01 1.433981359005e-01 1.218458488584e-01 2.031982839108e-01 5.688376903534e+00 8.845684051514e+00 9.128649711609e+00 2.607340097427e+00 2.778807878494e+00 2.436729192734e+00 1.007850408554e+00 1.092233896255e+00 2.050939321518e+00 5.600247859955e+00 5.290543079376e+00 6.897641181946e+00 6.942189693451e+00 6.508942127228e+00 6.150675773621e+00 5.830665111542e+00 5.564098834991e+00 5.924354076385e+00 7.258262634277e+00 6.204516410828e+00 2.539704561234e+00 1.035179972649e+00 1.217263698578e+00 1.332605600357e+00 9.205435514450e-01 9.104676246643e-01 6.438090801239e-01 6.342206597328e-01 4.685012698174e-01 5.272917151451e-01
