VariationalSeries/SI/f59.grd
DSAA
101	101
32.816463539100	34.260883539100
35.556306596100	36.727886596100
3.261500387453e-04	5.349705123901e+01
[rows 0 to 18 of 101, columns 0 to 42 of 101]
4.945392906666e-02 8.839336037636e-02 7.832573354244e-02 4.686998948455e-02 3.936525061727e-02 5.129437521100e-02 1.021965742111e-01 1.424563676119e-01 1.273989379406e-01 7.606566697359e-02 4.811617359519e-02 5.530576407909e-02 5.871456116438e-02 5.668896436691e-02 4.860985651612e-02 7.406692951918e-02 1.113159134984e-01 1.288316398859e-01 9.177101403475e-02 5.960970371962e-02 6.790169328451e-02 7.266969233751e-02 5.358191579580e-02 4.804957658052e-02 5.104725807905e-02 6.979171931744e-02 1.020349934697e-01 1.165334805846e-01 1.517188251019e-01 1.208966895938e-01 9.277078509331e-02 8.717454224825e-02 7.564891874790e-02 6.002326309681e-02 4.883114993572e-02 4.728050529957e-02 4.346980899572e-02 5.892175436020e-02 8.271886408329e-02 9.489426761866e-02 7.948347926140e-02 6.745215505362e-02 6.425870954990e-02
9.153471142054e-02 1.727407127619e-01 1.694258451462e-01 1.183228492737e-01 8.356245607138e-02 9.918479621410e-02 1.966910660267e-01 2.719864845276e-01 2.406200915575e-01 1.401896476746e-01 8.262334018946e-02 9.449595957994e-02 9.980104118586e-02 9.501433372498e-02 8.289817720652e-02 1.101607978344e-01 1.753836721182e-01 2.295669615269e-01 2.072514891624e-01 1.235246509314e-01 1.238555759192e-01 1.897818595171e-01 9.981555491686e-02 8.957697451115e-02 1.052928566933e-01 1.363736093044e-01 1.710588186979e-01 1.952815949917e-01 2.885224223137e-01 2.246163934469e-01 1.507962197065e-01 1.366531848907e-01 1.275838315487e-01 1.032314449549e-01 1.110300645232e-01 1.160747781396e-01 1.166977658868e-01 1.310692429543e-01 1.648968905210e-01 1.659656167030e-01 1.227928847075e-01 1.216628104448e-01 1.329369097948e-01
8.952386677265e-02 1.837704032660e-01 2.059939950705e-01 1.764443069696e-01 1.134084239602e-01 1.145000681281e-01 2.276002615690e-01 3.092122375965e-01 2.649290263653e-01 1.451614946127e-01 1.043489426374e-01 1.176522672176e-01 1.215652078390e-01 1.124837994576e-01 9.262623637915e-02 8.918382227421e-02 1.151737496257e-01 1.720601916313e-01 1.967451125383e-01 1.599285900593e-01 1.956441700459e-01 2.933847606182e-01 1.284561604261e-01 1.109372079372e-01 1.400341391563e-01 1.695216149092e-01 1.759651750326e-01 1.772117763758e-01 3.362555205822e-01 2.518888413906e-01 1.461118161678e-01 1.252765357494e-01 1.746032983065e-01 9.290376305580e-02 1.045043095946e-01 1.200053766370e-01 1.504394859076e-01 1.906313598156e-01 1.993542015553e-01 1.651692092419e-01 1.688399314880e-01 1.128518208861e-01 1.490079462528e-01
7.944291830063e-02 1.748647838831e-01 2.084728926420e-01 2.131164968014e-01 1.713268905878e-01 1.172388717532e-01 2.378979772329e-01 3.163764774799e-01 2.560234963894e-01 1.246623173356e-01 1.154871359468e-01 1.274957060814e-01 1.269555240870e-01 1.129573211074e-01 8.982428908348e-02 9.105309098959e-02 8.688295632601e-02 9.990265220404e-02 1.300256848335e-01 1.479036957026e-01 3.281681835651e-01 3.733818531036e-01 1.438751965761e-01 1.218127831817e-01 1.544630825520e-01 1.771337389946e-01 1.694443076849e-01 1.617228984833e-01 3.368269205093e-01 2.448845207691e-01 1.240433305502e-01 1.008392646909e-01 2.012598961592e-01 1.069888621569e-01 1.170632913709e-01 1.655877679586e-01 2.048992514610e-01 2.135322988033e-01 1.807360947132e-01 2.091897130013e-01 2.038677185774e-01 1.251189261675e-01 1.365948021412e-01
7.769706845284e-02 1.672759354115e-01 1.980424374342e-01 2.190779149532e-01 2.096840739250e-01 1.482179760933e-01 2.427600622177e-01 3.160673975945e-01 2.399949580431e-01 1.057192608714e-01 1.238622441888e-01 1.318616718054e-01 1.277030557394e-01 1.271207183599e-01 1.167078763247e-01 9.855087101460e-02 9.599461406469e-02 9.467829763889e-02 1.340628415346e-01 2.716737687588e-01 4.561926722527e-01 4.102056622505e-01 1.543842405081e-01 1.735255122185e-01 1.545333266258e-01 1.730613410473e-01 1.552346050739e-01 1.609690338373e-01 3.188330531120e-01 2.306830137968e-01 1.465856879950e-01 1.146497428417e-01 2.145864516497e-01 1.311778873205e-01 1.841068863869e-01 2.203949540854e-01 2.228049784899e-01 1.880658119917e-01 1.294655650854e-01 2.147179394960e-01 2.492230832577e-01 1.672012209892e-01 1.081945970654e-01
7.251664251089e-02 1.458902209997e-01 1.763356775045e-01 1.929532438517e-01 2.141236811876e-01 1.783016175032e-01 2.425581067801e-01 3.058872818947e-01 2.162830680609e-01 1.174039095640e-01 1.315334737301e-01 1.444403529167e-01 1.539568454027e-01 1.489979326725e-01 1.340476125479e-01 1.091049984097e-01 8.828073740005e-02 1.002739667892e-01 2.134807705879e-01 3.873399198055e-01 5.307859778404e-01 4.051781892776e-01 1.736403852701e-01 2.642509937286e-01 1.624808013439e-01 1.622664630413e-01 1.390441060066e-01 1.750035583973e-01 2.851994335651e-01 2.305998057127e-01 1.481512933969e-01 1.247784644365e-01 2.488713860512e-01 1.965077072382e-01 2.332371920347e-01 2.305730134249e-01 1.913634687662e-01 1.323197782040e-01 1.457170248032e-01 2.022954821587e-01 3.052717149258e-01 1.942570954561e-01 1.053019315004e-01
9.135210514069e-02 1.622650176287e-01 1.497157514095e-01 1.482263207436e-01 1.848221272230e-01 1.790834069252e-01 2.387335896492e-01 2.923430204391e-01 1.940787434578e-01 1.294623911381e-01 1.452853977680e-01 1.653429716825e-01 1.675455123186e-01 1.558081060648e-01 1.326157748699e-01 1.252018213272e-01 1.187239363790e-01 1.478460431099e-01 2.881543338299e-01 4.628163576126e-01 5.496624708176e-01 3.700425326824e-01 2.298843413591e-01 3.349548876286e-01 2.354346811771e-01 1.477206051350e-01 1.359735131264e-01 3.246431350708e-01 4.552865624428e-01 2.937638759613e-01 1.643342524767e-01 1.396174877882e-01 2.733141183853e-01 2.304146885872e-01 2.303926348686e-01 1.912967413664e-01 1.333354860544e-01 1.460348069668e-01 2.116599828005e-01 2.672268748283e-01 3.135335445404e-01 2.296820133924e-01 1.050877869129e-01
9.268740564585e-02 1.854118257761e-01 1.915916204453e-01 1.386776417494e-01 1.323844045401e-01 1.498894691467e-01 2.354063391685e-01 2.858143150806e-01 1.807462722063e-01 1.399338841438e-01 1.640369147062e-01 1.750960797071e-01 1.693160384893e-01 1.493769139051e-01 1.399494707584e-01 1.585352718830e-01 1.767180562019e-01 1.951789557934e-01 3.532556593418e-01 5.021599531174e-01 5.395079851151e-01 3.325711786747e-01 2.494572252035e-01 3.682960867882e-01 2.863613963127e-01 1.824325025082e-01 1.310457289219e-01 4.934697449207e-01 6.381260752678e-01 3.444494009018e-01 1.795995384455e-01 1.680936962366e-01 2.699425816536e-01 2.115438282490e-01 1.962357312441e-01 1.392476111650e-01 1.397855579853e-01 2.083063721657e-01 2.752351462841e-01 3.040408194065e-01 2.757121324539e-01 2.878324985504e-01 1.212282478809e-01
8.015888929367e-02 1.752709895372e-01 2.179699838161e-01 1.984168142080e-01 1.318178474903e-01 1.295417547226e-01 2.328446358442e-01 2.833261191845e-01 1.739692986012e-01 1.562882661819e-01 1.739120930433e-01 1.756040453911e-01 1.607502549887e-01 1.382095366716e-01 1.458108574152e-01 1.685596704483e-01 2.286300808191e-01 2.342331707478e-01 3.898549377918e-01 4.945272207260e-01 4.895735979080e-01 2.886079549789e-01 2.544878423214e-01 3.521200716496e-01 3.089322149754e-01 2.106829732656e-01 1.654009073973e-01 6.366912126541e-01 7.449223399162e-01 3.794986605644e-01 1.970102936029e-01 1.602504551411e-01 2.738697528839e-01 1.828179657459e-01 2.154464572668e-01 2.159074097872e-01 2.088188976049e-01 2.800976932049e-01 3.222364783287e-01 3.046339154243e-01 2.237886786461e-01 3.573176860809e-01 1.423584222794e-01
8.125047385693e-02 1.455457955599e-01 2.054627984762e-01 2.327735275030e-01 1.985617727041e-01 1.311062276363e-01 2.334129363298e-01 2.828748226166e-01 1.699845492840e-01 1.653551906347e-01 1.743742078543e-01 1.669450700283e-01 1.820685416460e-01 1.982582956553e-01 2.073256969452e-01 2.101998776197e-01 2.481782138348e-01 2.712159454823e-01 4.013431370258e-01 4.586938321590e-01 4.241420924664e-01 2.459582984447e-01 2.298686206341e-01 3.077110648155e-01 2.983824610710e-01 2.165067791939e-01 1.788476109505e-01 7.225612401962e-01 7.912579178810e-01 3.931573331356e-01 1.727447956800e-01 1.388077139854e-01 2.968207895756e-01 1.814658194780e-01 2.205926328897e-01 2.246320694685e-01 2.903407514095e-01 3.343876302242e-01 3.271819949150e-01 2.620623707771e-01 1.874840855598e-01 3.882283270359e-01 1.966595053673e-01
8.158156275749e-02 1.634713560343e-01 1.693757474422e-01 2.226389795542e-01 2.436863034964e-01 1.959808766842e-01 2.313509881496e-01 2.783784270287e-01 1.644033789635e-01 1.670207381248e-01 1.831657290459e-01 2.143908590078e-01 2.376793175936e-01 2.505626678467e-01 2.565008997917e-01 2.587025463581e-01 2.559450566769e-01 3.363742828369e-01 4.718052148819e-01 5.000811815262e-01 4.203047454357e-01 3.106337487698e-01 2.180496156216e-01 2.624098360538e-01 2.691089510918e-01 1.928243488073e-01 2.073414325714e-01 7.623209953308e-01 8.095936179161e-01 3.850189149380e-01 1.658374518156e-01 1.564921736717e-01 2.908094525337e-01 1.928723305464e-01 2.562069892883e-01 3.108254969120e-01 3.467144668102e-01 3.401053249836e-01 2.821071743965e-01 2.177670449018e-01 2.122609466314e-01 3.730290532112e-01 2.558408975601e-01
6.903244554996e-02 1.454221159220e-01 1.741490066051e-01 1.851090043783e-01 2.405658662319e-01 2.536673545837e-01 2.243638932705e-01 2.682771086693e-01 1.631008982658e-01 1.974713355303e-01 2.297668755054e-01 2.560424208641e-01 2.739983499050e-01 2.842168211937e-01 2.876165211201e-01 2.869694828987e-01 2.838915288448e-01 4.475393295288e-01 6.120254397392e-01 6.361608505249e-01 5.481103658676e-01 4.293694496155e-01 3.140523731709e-01 2.226690053940e-01 3.128494024277e-01 2.998453080654e-01 2.538351118565e-01 7.314438819885e-01 7.162016034126e-01 3.502861857414e-01 2.142833918333e-01 2.536704838276e-01 2.737771570683e-01 3.078849017620e-01 3.492021262646e-01 3.648754060268e-01 3.499251008034e-01 3.021034002304e-01 2.894124686718e-01 3.353514969349e-01 2.523970305920e-01 3.188858330250e-01 3.066100776196e-01
5.946751311421e-02 1.131324693561e-01 1.448299884796e-01 1.714519411325e-01 2.033216059208e-01 2.578072249889e-01 2.591758072376e-01 2.537865936756e-01 2.024796605110e-01 2.354096770287e-01 2.589362263680e-01 2.738643586636e-01 2.827362120152e-01 2.875878810883e-01 2.878282964230e-01 2.862068414688e-01 2.860873639584e-01 4.923647344112e-01 6.654732227325e-01 6.795760989189e-01 5.874420404434e-01 4.782044589520e-01 3.736497759819e-01 2.731494009495e-01 4.207206666470e-01 4.068076610565e-01 3.429964482784e-01 6.367523074150e-01 5.618156790733e-01 2.978309392929e-01 3.750615417957e-01 4.233446419239e-01 4.217297136784e-01 4.078996479511e-01 3.971673548222e-01 3.849920928478e-01 3.733111917973e-01 3.541729152203e-01 3.239481151104e-01 4.543224871159e-01 2.825449705124e-01 2.424637973309e-01 3.951305747032e-01
7.366344332695e-02 1.431287080050e-01 1.407715082169e-01 1.317547261715e-01 1.615590751171e-01 2.211074382067e-01 2.758693993092e-01 2.633199691772e-01 2.252763509750e-01 2.503473460674e-01 2.628392279148e-01 2.667738497257e-01 2.647049427032e-01 2.585364580154e-01 2.516354918480e-01 2.501703798771e-01 2.563616335392e-01 4.517373144627e-01 5.985141992569e-01 6.187112927437e-01 5.554311871529e-01 4.707705378532e-01 3.884811401367e-01 3.068554699421e-01 4.155906736851e-01 4.293868839741e-01 3.792620003223e-01 5.208410024643e-01 4.097072184086e-01 3.260631859303e-01 4.403187632561e-01 4.982296228409e-01 4.753818213940e-01 4.291758537292e-01 3.857460319996e-01 3.627805709839e-01 3.425765335560e-01 3.191465437412e-01 2.917066812515e-01 4.804140925407e-01 4.400796890259e-01 2.504495978355e-01 4.488006830215e-01
9.502416104078e-02 1.900722682476e-01 1.909704357386e-01 1.874112188816e-01 1.812110096216e-01 1.721503138542e-01 2.417927086353e-01 2.948184907436e-01 2.607934474945e-01 2.447867989540e-01 2.478812634945e-01 2.423953264952e-01 2.314347624779e-01 2.168671786785e-01 2.041762024164e-01 2.065645307302e-01 2.087991386652e-01 3.566100299358e-01 4.596830308437e-01 4.848459959030e-01 4.536519944668e-01 4.073270559311e-01 3.594084978104e-01 3.080194294453e-01 3.254883587360e-01 3.550690114498e-01 3.469578921795e-01 5.295785069466e-01 3.001919090748e-01 3.315535187721e-01 4.296870231628e-01 4.774410724640e-01 4.571448564529e-01 3.780658543110e-01 2.790731191635e-01 2.889367043972e-01 2.464055269957e-01 2.607624232769e-01 2.539501190186e-01 3.960137963295e-01 5.870583057404e-01 2.539213895798e-01 4.512287080288e-01
9.640469402075e-02 1.959095299244e-01 2.029366791248e-01 2.126921713352e-01 2.200925201178e-01 2.220748513937e-01 2.208561748266e-01 2.648114860058e-01 3.081575334072e-01 2.473786771297e-01 2.224898040295e-01 2.108439505100e-01 1.958797276020e-01 1.844446063042e-01 1.985764205456e-01 2.111865431070e-01 2.250081151724e-01 2.936219573021e-01 3.216329514980e-01 3.449579775333e-01 3.378441929817e-01 3.134060204029e-01 2.926042973995e-01 2.773471772671e-01 2.654640674591e-01 2.604860961437e-01 3.452649116516e-01 5.604230761528e-01 3.826124072075e-01 3.743914663792e-01 4.449274241924e-01 4.518929719925e-01 3.787769079208e-01 3.788804709911e-01 2.045619487762e-01 3.429987728596e-01 3.270078599453e-01 3.029276430607e-01 2.599045336246e-01 2.773341238499e-01 6.661255955696e-01 3.622956275940e-01 3.998403847218e-01
1.043753698468e-01 1.801779121161e-01 1.797072738409e-01 1.877032667398e-01 2.032108157873e-01 2.235386073589e-01 2.369358688593e-01 2.440578192472e-01 2.834663391113e-01 3.000789284706e-01 2.571607530117e-01 2.478800266981e-01 2.502314746380e-01 2.268605828285e-01 2.047567516565e-01 2.316121011972e-01 2.558484673500e-01 3.020407557487e-01 3.048610091209e-01 2.546870112419e-01 2.305256426334e-01 2.711457908154e-01 3.395624458790e-01 3.530735075474e-01 3.191176354885e-01 2.570713162422e-01 3.821346461773e-01 5.701806545258e-01 3.843289315701e-01 4.039615690708e-01 4.251574873924e-01 4.367417991161e-01 4.692852497101e-01 4.214599728584e-01 2.574805021286e-01 3.860998153687e-01 3.637192547321e-01 3.008903264999e-01 2.265358716249e-01 2.706260085106e-01 6.389206647873e-01 5.562497973442e-01 3.124187290668e-01
1.190944537520e-01 2.193766385317e-01 2.362463772297e-01 2.038050889969e-01 1.885776817799e-01 2.038059979677e-01 2.079929709435e-01 2.053003162146e-01 2.220274358988e-01 2.761813700199e-01 3.008662462234e-01 3.102002739906e-01 3.112835884094e-01 2.862666249275e-01 2.808231413364e-01 2.711937725544e-01 2.548687458038e-01 3.023589253426e-01 3.173149228096e-01 2.822857201099e-01 2.330230623484e-01 2.144039273262e-01 2.370274066925e-01 2.646375298500e-01 2.716321349144e-01 2.725795507431e-01 3.343373835087e-01 5.473492145538e-01 3.915738463402e-01 3.425342142582e-01 3.925402164459e-01 4.520914256573e-01 5.049849748611e-01 4.307312369347e-01 2.962278127670e-01 4.266186654568e-01 3.484993875027e-01 2.704869508743e-01 2.039731293917e-01 2.468829602003e-01 5.137227177620e-01 7.530892491341e-01 3.458671867847e-01
1.168282106519e-01 2.290958464146e-01 2.723425626755e-01 2.565488219261e-01 1.942540258169e-01 1.511581242085e-01 1.836661249399e-01 2.083646059036e-01 2.237185239792e-01 2.258457839489e-01 2.976434826851e-01 3.308898806572e-01 3.159414827824e-01 3.170169591904e-01 3.209878802299e-01 3.168651759624e-01 2.806003093719e-01 2.995007336140e-01 3.275497853756e-01 3.018737137318e-01 2.315589040518e-01 2.772892415524e-01 2.690039575100e-01 2.766675949097e-01 2.443140298128e-01 2.386365234852e-01 2.508527636528e-01 5.064534544945e-01 4.630109965801e-01 3.660216629505e-01 3.542628288269e-01 3.822429180145e-01 4.733437299728e-01 4.226564168930e-01 3.423407971859e-01 4.121146798134e-01 3.038055896759e-01 2.427355349064e-01 2.291806936264e-01 2.243796288967e-01 3.516191244125e-01 8.808824419975e-01 3.636676073074e-01
