VariationalSeries/SI/f59.grd
DSAA
101	101
32.816463539100	34.260883539100
35.556306596100	36.727886596100
3.261500387453e-04	5.349705123901e+01
[rows 0 to 18 of 101, columns 43 to 85 of 101]
7.780259847641e-02 1.327794492245e-01 1.529715508223e-01 1.212230622768e-01 8.447381108999e-02 8.511497825384e-02 7.321172207594e-02 6.696899235249e-02 4.406362771988e-02 6.377175450325e-02 8.461812883615e-02 1.002569869161e-01 1.195993199944e-01 1.707976013422e-01 7.668980956078e-02 9.459624439478e-02 1.201058253646e-01 1.310007423162e-01 8.850716799498e-02 5.940443277359e-02 6.709777563810e-02 8.630494773388e-02 8.856776356697e-02 9.702522307634e-02 9.834994375706e-02 7.022885233164e-02 4.709486663342e-02 4.753988608718e-02 8.982351422310e-02 1.347658485174e-01 1.082674115896e-01 5.308660864830e-02 6.705253571272e-02 4.372632130980e-02 4.473545774817e-02 3.842672705650e-02 3.287012875080e-02 2.993426285684e-02 2.201315201819e-02 2.220829948783e-02 2.961848117411e-02 4.950775578618e-02 4.919025301933e-02
1.348548084497e-01 2.404791116714e-01 3.003214299679e-01 2.657504677773e-01 1.991928815842e-01 1.842091530561e-01 1.529903858900e-01 1.298921108246e-01 1.207573413849e-01 1.400632709265e-01 1.559905856848e-01 1.777462214231e-01 2.365171462297e-01 3.410584926605e-01 1.460392326117e-01 1.796980053186e-01 2.268928438425e-01 2.451522499323e-01 1.683331131935e-01 1.145470514894e-01 1.308805048466e-01 1.645928025246e-01 1.752873659134e-01 1.695356220007e-01 1.733373105526e-01 1.462295800447e-01 8.736962080002e-02 9.875756502151e-02 2.030041366816e-01 3.228547275066e-01 1.926446706057e-01 8.757302165031e-02 1.311881989241e-01 8.049666881561e-02 8.656027913094e-02 7.162882387638e-02 5.872656404972e-02 5.266311764717e-02 4.238720983267e-02 4.238587617874e-02 6.551687419415e-02 1.002941355109e-01 9.343481808901e-02
1.698293983936e-01 2.455219030380e-01 3.354641497135e-01 3.298445641994e-01 2.680743932724e-01 2.679558396339e-01 1.813867837191e-01 1.598846167326e-01 2.155788987875e-01 2.156380712986e-01 1.550180763006e-01 1.968342512846e-01 2.520243525505e-01 3.566973507404e-01 1.699769645929e-01 2.044001519680e-01 2.538540363312e-01 2.805361747742e-01 1.939001679420e-01 1.516294330359e-01 1.517842411995e-01 1.652578115463e-01 1.971779614687e-01 2.124832570553e-01 2.554938793182e-01 1.966079026461e-01 1.135893762112e-01 1.221652403474e-01 2.665913999081e-01 4.169912934303e-01 1.974523067474e-01 1.018220335245e-01 1.510974466801e-01 8.882962167263e-02 9.659852832556e-02 8.461708575487e-02 7.521688193083e-02 5.980779975653e-02 4.918594285846e-02 6.031805649400e-02 8.302861452103e-02 1.110223531723e-01 9.561023861170e-02
1.956660896540e-01 2.222428023815e-01 2.999690175056e-01 3.258320987225e-01 2.905356884003e-01 3.587274551392e-01 1.901309639215e-01 2.185463309288e-01 3.082017898560e-01 3.174929022789e-01 2.110462933779e-01 2.058845013380e-01 2.581780552864e-01 3.599413931370e-01 1.785036623478e-01 2.278936654329e-01 2.603491842747e-01 2.922875881195e-01 2.093849331141e-01 1.990175992250e-01 1.630533039570e-01 2.060272991657e-01 2.491791397333e-01 2.455449104309e-01 3.393359482288e-01 2.425470352173e-01 1.280340105295e-01 1.455654352903e-01 3.111397922039e-01 4.524656236172e-01 1.861704438925e-01 1.133756563067e-01 1.602531671524e-01 8.996123820543e-02 9.855118393898e-02 1.078721657395e-01 9.110512584448e-02 6.864880025387e-02 5.891562625766e-02 7.458382844925e-02 9.913398325443e-02 1.156370639801e-01 9.158819913864e-02
1.923801153898e-01 2.664292454720e-01 2.365875989199e-01 2.753667235374e-01 2.678344845772e-01 4.556479752064e-01 1.829991191626e-01 2.697649598122e-01 3.936918675900e-01 4.229139685631e-01 2.979265153408e-01 2.145767509937e-01 2.654193639755e-01 3.617261350155e-01 1.849259138107e-01 2.495663762093e-01 2.634438872337e-01 3.020150065422e-01 2.318527847528e-01 2.448160648346e-01 1.928081512451e-01 2.605375051498e-01 3.165779411793e-01 3.079593181610e-01 4.220827519894e-01 2.804723083973e-01 1.533736139536e-01 1.560520976782e-01 3.296013474464e-01 4.373670220375e-01 2.009981870651e-01 1.350760906935e-01 1.657972037792e-01 1.065460667014e-01 1.220477893949e-01 1.266991943121e-01 1.012758463621e-01 7.163722068071e-02 7.488547265530e-02 8.130528032780e-02 1.156979724765e-01 1.172737926245e-01 8.761988580227e-02
1.667952388525e-01 2.827841639519e-01 2.122443020344e-01 2.182345837355e-01 2.328305691481e-01 5.522679090500e-01 2.066125273705e-01 3.069016039371e-01 4.693439900875e-01 5.273622870445e-01 3.889566659927e-01 2.262114137411e-01 2.752327620983e-01 3.632339835167e-01 2.050572931767e-01 2.675720751286e-01 2.628013491631e-01 3.106032609940e-01 2.374597936869e-01 2.841806709766e-01 2.337163835764e-01 3.155901432037e-01 3.771082758904e-01 3.609163761139e-01 4.960393011570e-01 3.023724853992e-01 1.687435060740e-01 1.823603957891e-01 3.155139684677e-01 3.548067212105e-01 1.997473388910e-01 1.561454087496e-01 1.673829555511e-01 1.190682053566e-01 1.428795009851e-01 1.408324837685e-01 1.061975955963e-01 7.486569136381e-02 8.437836915255e-02 9.096220880747e-02 1.322148740292e-01 1.193099096417e-01 8.403289318085e-02
1.520821154118e-01 2.707233428955e-01 2.129402905703e-01 1.705442667007e-01 2.156879305840e-01 6.411681771278e-01 2.283823639154e-01 3.245065808296e-01 5.215173363686e-01 6.071025133133e-01 4.715768098831e-01 2.491964846849e-01 2.839046120644e-01 3.632203340530e-01 2.074922472239e-01 2.850953936577e-01 2.583354115486e-01 3.165757358074e-01 2.286449521780e-01 3.006072640419e-01 2.674850225449e-01 3.548502922058e-01 4.182347059250e-01 3.902981281281e-01 5.503046512604e-01 3.045001029968e-01 1.629190295935e-01 2.042682319880e-01 2.703464925289e-01 2.467009425163e-01 1.870223283768e-01 1.769889593124e-01 1.662039309740e-01 1.268340796232e-01 1.594178676605e-01 1.491115987301e-01 1.057070493698e-01 8.809314668179e-02 8.316450566053e-02 1.236448213458e-01 1.510687321424e-01 1.223328933120e-01 7.844835519791e-02
1.753775179386e-01 2.584593892097e-01 2.057050615549e-01 1.920029819012e-01 2.428785264492e-01 7.257397174835e-01 2.607753872871e-01 3.139374852180e-01 5.269744992256e-01 6.410306096077e-01 5.364454388618e-01 3.259456455708e-01 2.950960695744e-01 3.652249574661e-01 2.067257016897e-01 3.015220761299e-01 2.507197856903e-01 3.205227553844e-01 2.356251180172e-01 2.846927642822e-01 2.877025008202e-01 3.732843995094e-01 4.281870126724e-01 3.902280330658e-01 5.815815329552e-01 2.932730913162e-01 1.866742223501e-01 2.433781921864e-01 2.052585333586e-01 1.957339793444e-01 2.089666128159e-01 1.979250907898e-01 1.615764498711e-01 1.639465838671e-01 1.699274331331e-01 1.501732617617e-01 9.992765635252e-02 9.050182998180e-02 1.037973165512e-01 1.663882881403e-01 1.653740853071e-01 1.164227649570e-01 6.560027599335e-02
1.971247345209e-01 2.592416405678e-01 2.041473090649e-01 2.078940421343e-01 2.690348029137e-01 8.044658899307e-01 2.947117388248e-01 2.758801281452e-01 4.812191426754e-01 6.242758035660e-01 5.749394297600e-01 3.974440693855e-01 3.069202005863e-01 4.186390936375e-01 2.327068299055e-01 3.178297281265e-01 2.507130801678e-01 3.232528269291e-01 2.404097318649e-01 2.516108751297e-01 3.004208207130e-01 3.656952083111e-01 4.063351452351e-01 3.926000893116e-01 5.778629779816e-01 2.593412995338e-01 2.226779311895e-01 2.852321863174e-01 1.993209868670e-01 2.411754578352e-01 2.636313438416e-01 2.181299328804e-01 1.880276501179e-01 2.040454298258e-01 2.084782868624e-01 1.432271450758e-01 9.774684160948e-02 8.717282861471e-02 1.650619506836e-01 2.012214213610e-01 1.597869992256e-01 9.231730550528e-02 7.794932276011e-02
2.115558832884e-01 2.641225159168e-01 2.021975517273e-01 2.036678195000e-01 2.940660715103e-01 8.678959608078e-01 3.244164288044e-01 2.263512015343e-01 4.095764756203e-01 5.695130228996e-01 5.789929032326e-01 4.539992809296e-01 3.177073299885e-01 4.518288075924e-01 2.926400303841e-01 3.359015583992e-01 3.322508633137e-01 3.280713558197e-01 2.428784072399e-01 3.010838329792e-01 2.940995395184e-01 3.386304974556e-01 3.583779931068e-01 4.380922317505e-01 5.366511940956e-01 2.077996432781e-01 2.594433724880e-01 3.269457817078e-01 2.290704399347e-01 2.797553241253e-01 3.106669187546e-01 2.550352513790e-01 2.091442644596e-01 2.165081202984e-01 2.261301875114e-01 1.293381601572e-01 9.105654805899e-02 1.567629128695e-01 2.216197699308e-01 2.030094116926e-01 1.233577355742e-01 8.066556602716e-02 7.637985050678e-02
2.144489884377e-01 2.733460962772e-01 2.006484270096e-01 2.189665436745e-01 3.166585862637e-01 9.188354611397e-01 3.516298532486e-01 2.256532609463e-01 3.274686634541e-01 4.804219007492e-01 5.365436673164e-01 4.833528995514e-01 3.885602056980e-01 4.498957991600e-01 3.705708384514e-01 3.535631895065e-01 4.696328938007e-01 3.515487909317e-01 2.421078234911e-01 3.992117345333e-01 3.262526690960e-01 2.979452610016e-01 4.389970302582e-01 4.665229022503e-01 4.670521020889e-01 2.084179371595e-01 2.904558777809e-01 3.559607267380e-01 2.391761541367e-01 3.023016452789e-01 3.520431220531e-01 2.972989976406e-01 1.936448365450e-01 1.881342232227e-01 2.138126492500e-01 1.111022830009e-01 1.425840556622e-01 2.318349480629e-01 2.374283671379e-01 1.574716866016e-01 7.910116016865e-02 7.247996330261e-02 7.355650514364e-02
2.083033919334e-01 2.836274504662e-01 2.610346376896e-01 2.474578768015e-01 3.370461761951e-01 9.513753056526e-01 3.688290715218e-01 2.342320829630e-01 2.728421986103e-01 3.722473084927e-01 4.580052793026e-01 4.751588702202e-01 4.329122900963e-01 4.700397253036e-01 4.493378698826e-01 3.695777356625e-01 6.288989782333e-01 4.638730287552e-01 2.439351230860e-01 4.854307472706e-01 3.640155792236e-01 3.885652422905e-01 5.781989693642e-01 4.729474484921e-01 3.782107532024e-01 2.161104232073e-01 3.036811649799e-01 3.638981282711e-01 2.290040999651e-01 3.004055023193e-01 3.735484480858e-01 3.305582404137e-01 1.944630146027e-01 1.502060443163e-01 1.982158124447e-01 1.208472475410e-01 2.290731370449e-01 2.671709656715e-01 1.899390816689e-01 9.627026319504e-02 8.495617657900e-02 9.438335895538e-02 1.000007912517e-01
2.104818075895e-01 2.938453853130e-01 3.295398056507e-01 2.270075976849e-01 3.563336133957e-01 9.777421355247e-01 3.766656816006e-01 2.417398095131e-01 2.733927667141e-01 3.513497412205e-01 3.519296646118e-01 4.219123721123e-01 4.432170689106e-01 5.233593583107e-01 4.837173819542e-01 4.089782536030e-01 7.852028012276e-01 5.668792128563e-01 2.663030028343e-01 5.527945756912e-01 3.821050226688e-01 4.714972972870e-01 6.819715499878e-01 4.412174820900e-01 2.789370715618e-01 2.574975490570e-01 2.920963168144e-01 3.443158268929e-01 2.110427618027e-01 2.750196456909e-01 3.616015315056e-01 3.391181528568e-01 2.059657275677e-01 1.296022385359e-01 1.897473186255e-01 2.113370448351e-01 2.891499102116e-01 2.291275709867e-01 1.169467493892e-01 9.186996519566e-02 8.894959837198e-02 1.214674636722e-01 1.189427375793e-01
1.879627704620e-01 3.042519688606e-01 3.572277426720e-01 2.531812191010e-01 3.761240243912e-01 1.007820844650e+00 3.817623853683e-01 2.513858973980e-01 2.498077452183e-01 3.387685716152e-01 2.780748307705e-01 3.324172198772e-01 4.776662886143e-01 5.608846545219e-01 4.486218392849e-01 5.061983466148e-01 9.095029234886e-01 6.499578952789e-01 3.130460083485e-01 5.991382598877e-01 3.838981986046e-01 5.127460360527e-01 7.143281102180e-01 3.672433495522e-01 2.437557429075e-01 3.275192379951e-01 3.383882045746e-01 3.064692914486e-01 2.093784362078e-01 2.307688891888e-01 3.200488090515e-01 3.209493458271e-01 2.057136893272e-01 1.286758035421e-01 1.917216777802e-01 2.957800924778e-01 2.747276127338e-01 1.478894948959e-01 1.042456999421e-01 8.841238170862e-02 9.641499072313e-02 1.373963803053e-01 1.265706866980e-01
2.561074495316e-01 3.164651989937e-01 3.575798571110e-01 4.129742383957e-01 3.965791463852e-01 1.025919437408e+00 3.802201151848e-01 3.003197312355e-01 2.137107104063e-01 3.100091218948e-01 2.599497735500e-01 3.654567599297e-01 5.031557679176e-01 5.984570384026e-01 4.835179746151e-01 6.016058921814e-01 1.011642456055e+00 6.985104680061e-01 3.416580855846e-01 6.382951140404e-01 4.226863086224e-01 4.999656081200e-01 6.865546703339e-01 3.041809499264e-01 2.590726613998e-01 3.923675715923e-01 4.297839701176e-01 2.676030695438e-01 2.132998555899e-01 1.950209736824e-01 2.655232250690e-01 2.879092693329e-01 1.948449313641e-01 1.446481496096e-01 2.815035283566e-01 3.176065087318e-01 1.914275884628e-01 1.003241986036e-01 1.072424724698e-01 8.285614103079e-02 1.103554442525e-01 1.459550559521e-01 1.581720560789e-01
3.381340503693e-01 3.310843110085e-01 3.521162867546e-01 5.071564316750e-01 4.120389819145e-01 1.031329512596e+00 3.691644370556e-01 3.441787064075e-01 2.260802090168e-01 3.176591992378e-01 2.691798508167e-01 3.916113972664e-01 5.268825292587e-01 6.350385546684e-01 4.669361114502e-01 6.801269650459e-01 1.031001806259e+00 6.620122790337e-01 4.052962660789e-01 6.710360646248e-01 4.239940941334e-01 4.570747017860e-01 5.938243269920e-01 2.892352044582e-01 2.833541631699e-01 4.514414966106e-01 4.629798233509e-01 2.411018610001e-01 2.320947796106e-01 2.037230581045e-01 2.812375724316e-01 2.422165870667e-01 1.734200119972e-01 2.530964314938e-01 3.412539064884e-01 2.453765124083e-01 1.376082003117e-01 9.009844064713e-02 1.080986484885e-01 9.454832971096e-02 1.428563147783e-01 1.861586570740e-01 1.854288727045e-01
3.980030417442e-01 4.314289391041e-01 4.075711369514e-01 4.687214493752e-01 4.389969706535e-01 1.022863388062e+00 4.008733034134e-01 3.782840669155e-01 2.373103797436e-01 3.223873674870e-01 2.976137399673e-01 4.052527546883e-01 5.552344322205e-01 6.710785031319e-01 4.292128980160e-01 7.300502657890e-01 9.717046022415e-01 5.875219702721e-01 4.459234178066e-01 6.955092549324e-01 3.788685202599e-01 3.648936152458e-01 4.610964953899e-01 2.677600383759e-01 3.330248594284e-01 4.519742131233e-01 4.273083508015e-01 2.553253471851e-01 2.671481072903e-01 2.261137217283e-01 3.051171600819e-01 2.124209105968e-01 2.165016978979e-01 3.416547477245e-01 3.008659183979e-01 2.110376507044e-01 1.176805868745e-01 9.820143878460e-02 1.214599162340e-01 1.367755383253e-01 1.994064748287e-01 2.046248018742e-01 1.704507321119e-01
5.214629173279e-01 5.178411006927e-01 5.590584874153e-01 4.312483370304e-01 5.203443169594e-01 9.906728267670e-01 4.564387202263e-01 4.118882417679e-01 3.215065598488e-01 3.229379057884e-01 3.472397029400e-01 5.250012874603e-01 5.786187648773e-01 7.111969590187e-01 4.642748534679e-01 7.337266206741e-01 8.641586899757e-01 5.625150799751e-01 4.596264660358e-01 7.136723995209e-01 3.382800519466e-01 2.995408475399e-01 3.472221493721e-01 2.873126566410e-01 3.621491491795e-01 4.044925272465e-01 3.161635994911e-01 2.819055318832e-01 3.114653527737e-01 2.578572332859e-01 3.154053986073e-01 2.005941718817e-01 3.229876160622e-01 3.396301567554e-01 3.028804659843e-01 1.909640580416e-01 1.366188824177e-01 1.201813891530e-01 1.454052329063e-01 1.984142512083e-01 2.217839807272e-01 1.786566376686e-01 1.326196342707e-01
5.786798596382e-01 5.729214549065e-01 6.913542151451e-01 6.437134742737e-01 4.397457242012e-01 9.348943829536e-01 4.244750440121e-01 4.761230945587e-01 4.443081021309e-01 3.684590458870e-01 3.772026300430e-01 6.326563358307e-01 6.657990217209e-01 7.556443214417e-01 5.183357596397e-01 6.907944083214e-01 8.552844524384e-01 6.862423419952e-01 4.472806155682e-01 7.161893248558e-01 3.404189348221e-01 3.231408298016e-01 3.524991869926e-01 3.194826543331e-01 3.395028412342e-01 3.182819783688e-01 2.935420572758e-01 3.284663856030e-01 3.412457108498e-01 2.674900591373e-01 3.127377629280e-01 3.033734261990e-01 3.600426912308e-01 3.386523425579e-01 3.227598965168e-01 2.349505722523e-01 1.675263345242e-01 1.550945937634e-01 1.882912963629e-01 2.224091440439e-01 1.837599575520e-01 1.508295387030e-01 1.357946842909e-01
