VariationalSeries/SI/f5_max.grd
DSAA
101	101
32.816463539100	34.260883539100
35.556306596100	36.727886596100
1.025202916935e-03	3.621238327026e+01
[rows 19 to 37 of 101, columns 43 to 85 of 101]
7.057526707649e-02 1.003806889057e-01 1.306883394718e-01 1.337410658598e-01 8.587912470102e-02 5.090187489986e-02 4.298360273242e-02 8.193974196911e-02 5.106121301651e-02 5.209118127823e-02 5.293632671237e-02 7.407908141613e-02 7.088715583086e-02 5.883938819170e-02 7.033265382051e-02 6.559993326664e-02 5.815925076604e-02 5.692929774523e-02 6.455117464066e-02 6.476313620806e-02 6.789730489254e-02 6.754236668348e-02 5.244144797325e-02 3.569648042321e-02 3.400423005223e-02 4.097583889961e-02 3.384981304407e-02 2.023612894118e-02 1.924292929471e-02 3.042570315301e-02 4.027106240392e-02 6.129670515656e-02 6.915730983019e-02 5.352830886841e-02 2.865085192025e-02 1.655467599630e-02 1.130634732544e-02 2.276211604476e-02 2.060101740062e-02 8.946142159402e-03 9.328886866570e-03 7.692016661167e-03 6.943042855710e-03
7.035853713751e-02 9.819915890694e-02 1.393844634295e-01 1.612883955240e-01 1.178030744195e-01 5.500204116106e-02 4.562852531672e-02 8.695265650749e-02 4.456124827266e-02 5.624702200294e-02 5.914258211851e-02 8.402506262064e-02 8.448839932680e-02 7.102479040623e-02 7.945953309536e-02 8.140044659376e-02 6.280934065580e-02 6.165266036987e-02 7.042376697063e-02 7.258245348930e-02 6.400779634714e-02 5.712220445275e-02 4.080041497946e-02 3.881310671568e-02 4.117324948311e-02 4.205259308219e-02 3.344305977225e-02 2.049770206213e-02 2.091546542943e-02 3.718035295606e-02 6.210494041443e-02 8.095265179873e-02 7.220681011677e-02 4.418428614736e-02 2.026156336069e-02 1.911156065762e-02 2.044637687504e-02 2.719614654779e-02 2.631475962698e-02 1.488131377846e-02 1.239921804518e-02 1.055032946169e-02 8.697187528014e-03
7.468440383673e-02 8.499227464199e-02 1.286414861679e-01 1.686293631792e-01 1.447416543961e-01 6.817516684532e-02 4.812411591411e-02 9.229597449303e-02 4.499637708068e-02 5.314854532480e-02 5.616246908903e-02 8.961844444275e-02 9.816963970661e-02 8.275911211967e-02 8.646550774574e-02 8.657918125391e-02 6.632632017136e-02 6.624620407820e-02 7.506624609232e-02 7.744314521551e-02 6.804907321930e-02 4.660547524691e-02 4.476645588875e-02 4.376355186105e-02 5.014660581946e-02 5.080921575427e-02 3.140908107162e-02 2.051264420152e-02 3.573962673545e-02 6.201436743140e-02 8.668956160545e-02 8.387628942728e-02 5.657518282533e-02 2.654107660055e-02 2.005670964718e-02 2.063719183207e-02 2.301198244095e-02 3.124199807644e-02 3.200661391020e-02 1.977932266891e-02 1.741405390203e-02 1.538547873497e-02 1.303811278194e-02
7.092688232660e-02 6.839656829834e-02 1.091667488217e-01 1.609701216221e-01 1.600012779236e-01 8.958429843187e-02 5.522642284632e-02 9.794271737337e-02 4.783743619919e-02 5.391373857856e-02 5.952136963606e-02 9.087453782558e-02 1.115917488933e-01 9.389308840036e-02 9.153307229280e-02 8.301751315594e-02 7.000954449177e-02 7.171018421650e-02 7.758478820324e-02 7.689610123634e-02 6.712535023689e-02 4.632565379143e-02 4.091697931290e-02 4.483607783914e-02 5.645422264934e-02 5.086303502321e-02 2.756026946008e-02 3.810516744852e-02 6.547905504704e-02 9.203136712313e-02 9.027151763439e-02 6.259594857693e-02 3.201099485159e-02 2.497644722462e-02 1.716342568398e-02 1.817492581904e-02 1.961284503341e-02 3.413916379213e-02 3.675562888384e-02 2.000447176397e-02 1.972006633878e-02 1.857014372945e-02 1.675703562796e-02
5.787323415279e-02 7.079990208149e-02 8.914599567652e-02 1.427642107010e-01 1.613662093878e-01 1.078445613384e-01 6.921155750751e-02 1.032744720578e-01 5.198561400175e-02 6.436564773321e-02 6.278894841671e-02 8.882173895836e-02 1.255936324596e-01 1.053466945887e-01 8.773728460073e-02 7.727430760860e-02 7.403295487165e-02 7.680525630713e-02 7.726692408323e-02 7.335837185383e-02 6.268062442541e-02 4.258962720633e-02 4.441014677286e-02 4.969680309296e-02 5.082013085485e-02 3.890970349312e-02 4.017453640699e-02 7.006012648344e-02 1.000659540296e-01 9.704014658928e-02 6.575460731983e-02 3.481745347381e-02 1.903611235321e-02 2.358440868556e-02 1.615806668997e-02 1.643010601401e-02 1.615555770695e-02 3.577860444784e-02 4.038374125957e-02 1.947788894176e-02 1.682405173779e-02 1.752006262541e-02 1.778593845665e-02
7.960811257362e-02 7.494740933180e-02 8.059372752905e-02 1.211000233889e-01 1.538537889719e-01 1.205998510122e-01 7.892712950706e-02 1.097095087171e-01 6.492690742016e-02 7.469725608826e-02 7.317930459976e-02 8.403522521257e-02 1.395732015371e-01 1.160309314728e-01 8.181262016296e-02 8.193944394588e-02 7.861351221800e-02 8.051837235689e-02 7.541684806347e-02 6.634217500687e-02 5.420700088143e-02 4.652483388782e-02 5.229450389743e-02 5.171086266637e-02 4.819752648473e-02 4.141533002257e-02 7.633157819510e-02 1.082825437188e-01 1.028513908386e-01 6.879780441523e-02 3.677477315068e-02 1.579197496176e-02 2.542697638273e-02 1.989022456110e-02 1.570908352733e-02 1.593125052750e-02 1.699322462082e-02 3.610821440816e-02 4.296863451600e-02 2.213812433183e-02 1.218631491065e-02 1.312633510679e-02 1.476336922497e-02
1.232164353132e-01 7.565911859274e-02 8.844198286533e-02 1.014640480280e-01 1.424079388380e-01 1.279225796461e-01 7.706172019243e-02 1.173511892557e-01 7.832468301058e-02 8.385744690895e-02 8.659681677818e-02 8.804459869862e-02 1.545300036669e-01 1.254362165928e-01 9.181943535805e-02 8.706042170525e-02 9.323666244745e-02 8.005011081696e-02 7.477589696646e-02 5.733433365822e-02 4.892812669277e-02 5.496045574546e-02 6.131102517247e-02 5.609542503953e-02 4.988016188145e-02 8.018552511930e-02 1.183507740498e-01 1.106248944998e-01 7.181745022535e-02 3.757352381945e-02 2.362272702157e-02 2.064298093319e-02 2.973202802241e-02 2.094902843237e-02 1.722257770598e-02 1.462436653674e-02 2.034136466682e-02 3.491536155343e-02 4.443295672536e-02 2.485178597271e-02 1.279274094850e-02 9.458589367568e-03 1.064061652869e-02
1.638099849224e-01 8.113402128220e-02 9.527629613876e-02 1.032101809978e-01 1.290562897921e-01 1.318116337061e-01 9.516572952271e-02 1.260323673487e-01 7.960471510887e-02 9.134638309479e-02 9.482795745134e-02 9.877096116543e-02 1.708962917328e-01 1.347423791885e-01 1.003374382854e-01 8.843176066875e-02 1.082366257906e-01 1.005659624934e-01 7.248927652836e-02 6.354413926601e-02 5.954862758517e-02 5.675335973501e-02 7.673366367817e-02 5.633244290948e-02 8.114126324654e-02 1.263516843319e-01 1.215969771147e-01 7.598331570625e-02 3.851788491011e-02 3.311220556498e-02 3.645610436797e-02 2.687889710069e-02 2.910607308149e-02 2.123215794563e-02 1.750246621668e-02 1.452013105154e-02 2.477750554681e-02 3.323108702898e-02 4.466880112886e-02 2.725555188954e-02 1.496360544115e-02 9.408915415406e-03 9.572915732861e-03
1.786215901375e-01 8.689010143280e-02 1.011839956045e-01 7.790502905846e-02 1.161177754402e-01 1.342405527830e-01 1.271702945232e-01 1.342250108719e-01 8.441337943077e-02 9.674035012722e-02 1.038638278842e-01 1.103070378304e-01 1.853756606579e-01 1.418335735798e-01 1.071600690484e-01 9.684658050537e-02 9.548053145409e-02 1.147400438786e-01 9.267486631870e-02 7.558010518551e-02 5.509600788355e-02 5.371045693755e-02 8.291025459766e-02 7.796707749367e-02 1.322240978479e-01 1.346936374903e-01 8.423765003681e-02 5.144335702062e-02 4.387478530407e-02 3.206447139382e-02 5.719676986337e-02 3.889960050583e-02 2.278397977352e-02 2.013878896832e-02 1.683949679136e-02 1.475048530847e-02 3.272200748324e-02 3.463890776038e-02 4.387338459492e-02 2.921759150922e-02 1.728390716016e-02 1.085543911904e-02 1.024304982275e-02
2.328208088875e-01 1.184593290091e-01 1.076064407825e-01 7.367512583733e-02 1.042215973139e-01 1.353475749493e-01 1.321929544210e-01 1.431141048670e-01 9.753184765577e-02 9.714356064796e-02 1.155498251319e-01 1.247110515833e-01 2.005249410868e-01 1.466143280268e-01 1.092843040824e-01 9.947990626097e-02 9.475132822990e-02 1.039166897535e-01 1.137827113271e-01 8.314587175846e-02 6.380547583103e-02 5.268102884293e-02 7.363222539425e-02 1.346712708473e-01 1.489841938019e-01 9.610290080309e-02 5.925605446100e-02 6.986842304468e-02 5.852820724249e-02 5.231688171625e-02 7.589243352413e-02 4.382384195924e-02 1.979781687260e-02 1.749955676496e-02 1.661321334541e-02 1.610186509788e-02 4.938164353371e-02 5.001972988248e-02 4.265119135380e-02 3.110099770129e-02 1.982983946800e-02 1.305950991809e-02 1.098763942719e-02
2.655225098133e-01 1.769940257072e-01 1.138751804829e-01 7.638137042522e-02 1.169314831495e-01 1.350008845329e-01 1.223653182387e-01 1.536524444818e-01 1.107567325234e-01 1.031883433461e-01 1.199772208929e-01 1.451435685158e-01 2.163338512182e-01 1.496280282736e-01 1.172794029117e-01 2.063280045986e-01 1.108249500394e-01 1.180938854814e-01 1.195091456175e-01 1.028762534261e-01 7.910453528166e-02 7.240681350231e-02 1.338400095701e-01 1.587173044682e-01 1.087513193488e-01 6.273575127125e-02 7.358603924513e-02 8.440127223730e-02 8.316875249147e-02 7.647090405226e-02 8.086655288935e-02 3.799327462912e-02 1.826905272901e-02 1.767184585333e-02 1.694779470563e-02 1.757062226534e-02 7.567934691906e-02 5.972548201680e-02 4.061304405332e-02 3.239713236690e-02 2.230120077729e-02 1.548352092505e-02 1.234233472496e-02
2.740961611271e-01 1.957190036774e-01 1.202584430575e-01 1.028133705258e-01 1.381368041039e-01 1.303836852312e-01 1.349207013845e-01 1.650888770819e-01 1.238336712122e-01 1.308208554983e-01 2.069699615240e-01 2.761702537537e-01 2.438905239105e-01 1.496900171041e-01 1.837332099676e-01 2.644816637039e-01 1.184092909098e-01 1.627047657967e-01 1.615326851606e-01 1.322833448648e-01 1.049400120974e-01 1.340191364288e-01 1.675371527672e-01 1.201762482524e-01 7.221639901400e-02 7.653386890888e-02 9.139936417341e-02 1.024202480912e-01 1.003590822220e-01 9.223113954067e-02 6.949053704739e-02 2.676655910909e-02 1.986598782241e-02 1.813051290810e-02 1.734866574407e-02 3.604473546147e-02 1.044696718454e-01 5.578971281648e-02 4.071534425020e-02 3.271278366446e-02 2.443846128881e-02 1.803587563336e-02 1.182496454567e-02
2.713753879070e-01 1.551331877708e-01 1.706307977438e-01 1.121204718947e-01 1.557555794716e-01 1.239396259189e-01 1.466685086489e-01 1.775693744421e-01 1.439703106880e-01 2.200210541487e-01 2.247665524483e-01 2.006727308035e-01 2.432151436806e-01 1.465860605240e-01 1.273750364780e-01 1.706696152687e-01 1.130316331983e-01 1.614766865969e-01 1.765302866697e-01 1.474690288305e-01 1.398984938860e-01 1.759983599186e-01 1.314511150122e-01 8.039131015539e-02 7.841005176306e-02 7.479681819677e-02 9.199383109808e-02 1.099568083882e-01 1.111171320081e-01 9.928908199072e-02 6.269850581884e-02 2.647158689797e-02 2.550013735890e-02 3.098283149302e-02 3.546524792910e-02 7.270545512438e-02 1.180070042610e-01 4.334331676364e-02 3.498599305749e-02 3.269848600030e-02 2.629134990275e-02 2.071683295071e-02 1.423940341920e-02
2.825540602207e-01 1.526471376419e-01 1.906085312366e-01 1.403218656778e-01 1.695560961962e-01 1.607738286257e-01 1.793363690376e-01 1.896385699511e-01 2.079619169235e-01 1.497425436974e-01 1.130392849445e-01 2.102304399014e-01 2.501759231091e-01 1.382388919592e-01 9.983777999878e-02 9.342814981937e-02 1.326479762793e-01 1.579522639513e-01 1.525347530842e-01 1.474860608578e-01 1.875708103180e-01 1.424685567617e-01 9.362650662661e-02 8.232197165489e-02 7.597893476486e-02 6.467363238335e-02 8.285767585039e-02 1.102572754025e-01 1.185513734818e-01 1.110800132155e-01 7.670918107033e-02 4.664350301027e-02 4.860005155206e-02 4.837151989341e-02 5.256148055196e-02 1.132635772228e-01 9.727706760168e-02 3.090578876436e-02 3.352905064821e-02 3.440964221954e-02 3.201134130359e-02 2.481627464294e-02 1.710953935981e-02
2.754653394222e-01 1.535641849041e-01 1.649748086929e-01 1.836383193731e-01 1.804317682981e-01 1.653532534838e-01 1.519520729780e-01 2.008958160877e-01 1.621267646551e-01 1.379467844963e-01 1.473658531904e-01 2.403231412172e-01 2.509824037552e-01 1.246084049344e-01 1.640904545784e-01 1.666136234999e-01 1.656648665667e-01 1.565092056990e-01 1.613755077124e-01 2.016110420227e-01 1.654769629240e-01 1.193839460611e-01 9.424398839474e-02 7.167579978704e-02 7.277482748032e-02 8.174940943718e-02 8.633705973625e-02 1.106967777014e-01 1.266164630651e-01 1.223458424211e-01 9.135470539331e-02 5.370623990893e-02 4.760419204831e-02 5.573221668601e-02 1.029444262385e-01 1.176511123776e-01 5.238308757544e-02 3.510275110602e-02 3.678337484598e-02 3.749167919159e-02 3.559725731611e-02 2.986745163798e-02 2.079451642931e-02
2.573914527893e-01 1.712776273489e-01 1.789706498384e-01 2.061607092619e-01 1.869702637196e-01 1.933167576790e-01 1.968605965376e-01 2.079200595617e-01 1.822562664747e-01 1.561455577612e-01 1.756189912558e-01 2.625326514244e-01 2.407901883125e-01 1.693513691425e-01 1.535440087318e-01 1.801318824291e-01 1.979973167181e-01 1.726406663656e-01 2.245209813118e-01 1.832088828087e-01 1.001250222325e-01 9.738691151142e-02 7.815224677324e-02 7.938175648451e-02 7.747387886047e-02 9.407318383455e-02 1.014527827501e-01 1.115470007062e-01 1.338877677917e-01 1.342801153660e-01 1.046272888780e-01 4.610530659556e-02 7.054216414690e-02 1.092385128140e-01 1.182209625840e-01 6.900792568922e-02 3.091401420534e-02 3.140667453408e-02 3.148781135678e-02 3.220094740391e-02 3.227745369077e-02 3.001970238984e-02 2.408110164106e-02
2.372022718191e-01 1.904621422291e-01 1.830425411463e-01 2.598392665386e-01 1.941769123077e-01 2.387505620718e-01 1.937889158726e-01 2.102285325527e-01 3.245485723019e-01 2.831438779831e-01 2.937606275082e-01 2.775012552738e-01 2.167557179928e-01 1.595994383097e-01 1.907683461905e-01 1.783215254545e-01 2.861814796925e-01 2.582575976849e-01 2.099387049675e-01 1.324821263552e-01 9.904248267412e-02 9.018786251545e-02 7.622680068016e-02 6.235048919916e-02 7.309380173683e-02 1.022188812494e-01 1.284336149693e-01 1.130201369524e-01 1.400803774595e-01 1.468100100756e-01 1.193295270205e-01 9.532726556063e-02 1.207516789436e-01 1.115344688296e-01 6.368799507618e-02 3.064694441855e-02 2.890109829605e-02 2.701996825635e-02 2.507567033172e-02 2.551016584039e-02 3.010951541364e-02 2.985092625022e-02 2.642172761261e-02
2.917992472649e-01 2.089593410492e-01 2.460092604160e-01 3.227863013744e-01 2.572759687901e-01 2.903994917870e-01 2.265290021896e-01 3.728440105915e-01 4.525770545006e-01 2.464696168900e-01 2.630412280560e-01 2.814631760120e-01 2.497072219849e-01 2.492838203907e-01 1.912239193916e-01 1.568153649569e-01 3.334008455276e-01 2.857075333595e-01 1.568070799112e-01 1.083486005664e-01 7.452145218849e-02 6.666835397482e-02 6.757470965385e-02 9.075442701578e-02 1.022395789623e-01 9.689643234015e-02 1.257858127356e-01 1.253341734409e-01 1.585580408573e-01 1.566831469536e-01 1.243958100677e-01 1.223172619939e-01 9.156292676926e-02 4.490560665727e-02 2.150420658290e-02 2.205368503928e-02 1.640513911843e-02 1.444534957409e-02 1.611582562327e-02 2.249827980995e-02 2.906963601708e-02 3.307105600834e-02 3.443375974894e-02
2.155731022358e-01 3.693122267723e-01 2.466865777969e-01 3.660965263844e-01 3.495982289314e-01 4.029263257980e-01 5.051229596138e-01 3.909564912319e-01 3.719580769539e-01 2.922689616680e-01 3.922103047371e-01 3.494086265564e-01 2.233221679926e-01 2.103037983179e-01 2.102737724781e-01 1.443400681019e-01 3.103414773941e-01 2.590974271297e-01 1.367463767529e-01 1.088455915451e-01 7.180302590132e-02 9.744198620319e-02 1.065571829677e-01 1.037007272243e-01 9.417528659105e-02 8.299516141415e-02 1.093344911933e-01 1.556477844715e-01 1.650591939688e-01 1.378439515829e-01 9.760193526745e-02 5.537480115891e-02 3.657218441367e-02 3.144551813602e-02 3.118512965739e-02 2.848603948951e-02 3.367361426353e-02 3.908934071660e-02 4.094533622265e-02 3.934555500746e-02 3.447508439422e-02 3.322397544980e-02 3.202721476555e-02
