VariationalSeries/SI/f5_max.grd
DSAA
101	101
32.816463539100	34.260883539100
35.556306596100	36.727886596100
1.025202916935e-03	3.621238327026e+01
[rows 76 to 94 of 101, columns 43 to 85 of 101]
6.044683977962e-02 8.322279900312e-02 1.802450418472e-01 5.032625794411e-01 3.213633000851e-01 4.617830514908e-01 4.362211525440e-01 1.141821891069e-01 9.770967811346e-02 2.072403132915e-01 5.163660049438e-01 1.111399769783e+00 7.873307466507e-01 4.333164989948e-01 2.248845398426e-01 4.472690820694e-01 4.638257622719e-01 2.337921559811e-01 2.150589078665e-01 5.982160568237e-02 1.005464315414e+00 2.307998657227e+00 5.502321720123e-01 2.342899292707e-01 1.976033300161e-01 1.455359160900e-01 1.091355085373e-01 9.377044439316e-02 9.099785983562e-02 8.562945574522e-02 7.357144355774e-02 6.156583130360e-02 5.098946765065e-02 5.708073079586e-02 6.944733858109e-02 7.503920793533e-02 7.747508585453e-02 1.075385808945e-01 9.298504889011e-02 4.299336671829e-02 5.259148404002e-02 7.454871386290e-02 9.071341156960e-02
1.991156041622e-01 1.818306148052e-01 2.048255205154e-01 3.731925189495e-01 4.348082840443e-01 4.163028001785e-01 1.590286940336e-01 1.212984547019e-01 1.086882054806e-01 7.467606663704e-01 7.684129476547e-01 6.806522607803e-01 5.558643341064e-01 3.077335655689e-01 3.934000134468e-01 5.355671644211e-01 1.477161943913e-01 6.260824203491e-02 7.232238352299e-02 5.423764884472e-02 7.718794792891e-02 9.149319678545e-02 1.422194838524e-01 1.347404122353e-01 1.072973757982e-01 7.702569663525e-02 5.983264371753e-02 5.347687005997e-02 7.687132805586e-02 5.948677659035e-02 5.733652412891e-02 6.264569610357e-02 7.183518260717e-02 6.382733583450e-02 4.905669018626e-02 5.335639789701e-02 6.436814367771e-02 6.886230409145e-02 9.207205474377e-02 9.499394148588e-02 6.156015768647e-02 5.696160346270e-02 7.246826589108e-02
1.579282283783e-01 4.098748266697e-01 3.857009112835e-01 1.799587458372e-01 2.149579674006e-01 4.255204200745e-01 2.076236009598e-01 1.973871141672e-01 1.596658080816e-01 1.095480769873e-01 2.611562013626e-01 3.164244294167e-01 2.365658432245e-01 5.327004194260e-01 5.212231874466e-01 1.470399647951e-01 5.250796303153e-02 4.091682657599e-02 5.018470436335e-02 6.710417568684e-02 5.108052864671e-02 4.686219245195e-02 5.344601348042e-02 5.355440452695e-02 4.855772480369e-02 4.021046310663e-02 3.320011869073e-02 3.449799492955e-02 6.081282719970e-02 7.564017176628e-02 6.001387163997e-02 7.724932581186e-02 8.349258452654e-02 7.346065342426e-02 5.549878254533e-02 3.752047568560e-02 4.042667150497e-02 5.486422032118e-02 6.054858490825e-02 7.354353368282e-02 8.817216753960e-02 7.853746414185e-02 5.390367284417e-02
1.816554963589e-01 2.299661636353e-01 1.685127019882e-01 2.640278935432e-01 5.454977750778e-01 3.255101740360e-01 1.152618452907e-01 7.621110230684e-02 6.722027808428e-02 3.776958286762e-01 3.587849736214e-01 3.512051999569e-01 4.885632395744e-01 2.999649941921e-01 7.972732186317e-02 5.627282708883e-02 3.331680968404e-02 2.182940207422e-02 2.163734100759e-02 3.032199479640e-02 3.753846511245e-02 3.151927515864e-02 2.197139337659e-02 3.075717575848e-02 2.789286710322e-02 2.846635133028e-02 2.752242051065e-02 2.794829010963e-02 4.134442657232e-02 8.635548502207e-02 5.415233597159e-02 7.499171048403e-02 9.012398123741e-02 8.292071521282e-02 6.611265987158e-02 4.755162447691e-02 3.536335751414e-02 2.870644629002e-02 4.473090544343e-02 5.087621882558e-02 6.099968776107e-02 6.950625777245e-02 7.725789397955e-02
9.064886718988e-02 1.840462535620e-01 3.786613941193e-01 6.071895956993e-01 4.134193360806e-01 3.083953559399e-01 6.106454133987e-01 5.840722322464e-01 6.887335777283e-01 4.678245484829e-01 7.325704693794e-01 5.760354176164e-02 1.136137545109e-01 6.624715775251e-02 3.861002996564e-02 1.135721709579e-02 2.511615119874e-02 7.759881671518e-03 1.112490613014e-02 2.036304771900e-02 2.333571203053e-02 1.659437455237e-02 4.538632929325e-03 1.848513446748e-02 2.127642184496e-02 2.235113270581e-02 2.255331724882e-02 2.065285854042e-02 2.841871045530e-02 7.906921207905e-02 6.371386349201e-02 6.232854351401e-02 8.551363646984e-02 8.739519119263e-02 7.745572924614e-02 6.332702934742e-02 5.344098806381e-02 4.304647445679e-02 3.405400365591e-02 3.367310389876e-02 3.989425301552e-02 4.301019757986e-02 4.925557598472e-02
1.471623778343e-01 3.586772084236e-01 8.226530551910e-01 8.602935671806e-01 6.243715286255e-01 5.491872429848e-01 7.919549942017e-01 9.513132572174e-01 9.248626232147e-01 6.241497397423e-01 1.675055921078e-01 2.759126573801e-02 5.488003045321e-02 3.475836291909e-02 5.955659784377e-03 4.358021076769e-03 1.487964205444e-02 1.771080493927e-02 1.804665662348e-02 9.631912223995e-03 2.278799749911e-02 1.330677140504e-02 6.085912697017e-03 1.921121217310e-02 2.292206324637e-02 2.667601406574e-02 2.916013076901e-02 2.834463492036e-02 2.242062613368e-02 6.129607930779e-02 8.290785551071e-02 4.442705586553e-02 6.877009570599e-02 8.035352081060e-02 8.441758900881e-02 8.329457789660e-02 7.750011235476e-02 6.316184252501e-02 4.465734958649e-02 2.909692935646e-02 2.198953367770e-02 2.706371620297e-02 3.139248490334e-02
3.549318313599e-01 8.483318686485e-01 1.209303379059e+00 9.191431999207e-01 5.106508135796e-01 6.202230453491e-01 6.717522740364e-01 8.997452259064e-01 5.620824694633e-01 2.613098919392e-01 1.045065149665e-01 5.245937407017e-02 4.350666329265e-02 2.670414559543e-02 2.366610430181e-02 1.342125236988e-02 1.548562478274e-02 1.320817973465e-02 1.337245106697e-02 1.519872806966e-02 1.778963208199e-02 1.651342771947e-02 1.765661314130e-02 1.662847213447e-02 2.093674242496e-02 2.565314248204e-02 2.909660898149e-02 2.902454696596e-02 2.360990084708e-02 4.429489746690e-02 8.884654194117e-02 4.831494390965e-02 4.354361444712e-02 6.286775320768e-02 8.306568861008e-02 9.886301308870e-02 9.238180518150e-02 7.352826744318e-02 5.041998624802e-02 3.170839697123e-02 2.311740443110e-02 2.630968764424e-02 2.957057952881e-02
6.053744554520e-01 9.154020547867e-01 6.381617784500e-01 5.518566966057e-01 3.422340154648e-01 3.044087290764e-01 2.553960382938e-01 4.238786399364e-01 3.627211749554e-01 1.368458420038e-01 7.838144898415e-02 6.742047518492e-02 5.950947478414e-02 4.441590234637e-02 2.804873883724e-02 2.446399070323e-02 2.343020215631e-02 2.020543254912e-02 1.563116349280e-02 1.363807264715e-02 1.578586734831e-02 1.843833923340e-02 1.811192557216e-02 1.749782077968e-02 1.708596572280e-02 1.953179016709e-02 2.175871655345e-02 2.155095897615e-02 1.907592453063e-02 3.117030672729e-02 7.775601744652e-02 7.039756327868e-02 2.479616552591e-02 4.532980546355e-02 7.127023488283e-02 9.010103344917e-02 8.226837962866e-02 6.355754286051e-02 4.367174953222e-02 2.753338404000e-02 2.117874287069e-02 2.410646155477e-02 2.718383073807e-02
9.447154402733e-01 6.548422574997e-01 3.459177911282e-01 2.044829428196e-01 1.684527397156e-01 1.682841628790e-01 2.293235510588e-01 2.610557973385e-01 2.555075585842e-01 1.505224555731e-01 8.488588780165e-02 6.374296545982e-02 6.202559173107e-02 5.881959199905e-02 3.709333762527e-02 3.139794990420e-02 2.662364579737e-02 2.031158097088e-02 1.416406687349e-02 1.319419406354e-02 1.593619026244e-02 1.908957958221e-02 2.102915942669e-02 1.975020393729e-02 1.695450581610e-02 1.862514205277e-02 2.059687487781e-02 2.216859720647e-02 2.213098295033e-02 2.161941118538e-02 5.832392722368e-02 8.313532918692e-02 3.726158291101e-02 3.640060499310e-02 5.242050811648e-02 5.505443364382e-02 4.850551486015e-02 3.815414011478e-02 2.950666099787e-02 2.477521635592e-02 2.106104791164e-02 1.606560498476e-02 1.901370845735e-02
1.489016771317e+00 6.504468917847e-01 1.662014275789e-01 1.078222319484e-01 8.604934066534e-02 1.270669400692e-01 1.509052813053e-01 3.417180478573e-01 3.473198115826e-01 2.133442014456e-01 1.072942689061e-01 6.173160299659e-02 5.346282199025e-02 5.581660568714e-02 4.592244327068e-02 2.845409885049e-02 1.811254210770e-02 1.400700863451e-02 1.198328845203e-02 1.307603809983e-02 1.642525941133e-02 2.156824059784e-02 2.360491082072e-02 2.097717113793e-02 1.805834844708e-02 1.916046999395e-02 2.165553532541e-02 2.413740381598e-02 2.505346760154e-02 2.269327454269e-02 3.944346308708e-02 7.788149267435e-02 5.414203926921e-02 2.166186645627e-02 2.773267775774e-02 2.538448572159e-02 2.186373621225e-02 2.291393466294e-02 2.701037377119e-02 2.205615118146e-02 1.569943502545e-02 1.386585086584e-02 1.990158110857e-02
1.157665848732e+00 3.950845003128e-01 1.254043728113e-01 6.892263889313e-02 6.956676393747e-02 8.058205991983e-02 1.756213903427e-01 2.247104793787e-01 2.396933585405e-01 1.683938205242e-01 1.580514311790e-01 7.135597616434e-02 4.425918683410e-02 4.047830775380e-02 3.879122063518e-02 3.284175321460e-02 2.429172769189e-02 1.748559065163e-02 1.457763370126e-02 1.445319503546e-02 1.816389523447e-02 2.446478977799e-02 7.636027410626e-03 2.172251977026e-02 2.034899219871e-02 2.066206745803e-02 2.291603572667e-02 2.562064304948e-02 2.721451967955e-02 2.509677037597e-02 2.413091249764e-02 6.173144280910e-02 6.593420356512e-02 2.849034219980e-02 1.478175912052e-02 1.451320759952e-02 1.280841045082e-02 1.828453317285e-02 2.073387056589e-02 1.786152645946e-02 1.153606642038e-02 1.032345835119e-02 2.821797505021e-02
3.929956257343e-01 1.528403311968e-01 7.388095557690e-02 4.709947481751e-02 5.744845420122e-02 7.078590989113e-02 1.130527630448e-01 6.297742575407e-02 1.453699618578e-01 2.201042026281e-01 1.136217489839e-01 9.089171886444e-02 5.275163426995e-02 3.456745296717e-02 3.142013773322e-02 3.105721063912e-02 2.843478694558e-02 2.446802705526e-02 2.493685856462e-02 2.188402786851e-02 2.181473560631e-02 2.703457325697e-02 7.281947415322e-03 2.373610623181e-02 2.307684719563e-02 2.230665087700e-02 2.436367608607e-02 2.695428021252e-02 2.861986495554e-02 2.689233608544e-02 2.221503667533e-02 4.335622489452e-02 6.619223952293e-02 3.863543272018e-02 1.779745146632e-02 1.392961665988e-02 1.542239915580e-02 1.753153838217e-02 1.999894529581e-02 1.617239043117e-02 9.036895819008e-03 2.670388296247e-02 2.705210074782e-02
1.130200400949e-01 8.982257544994e-02 4.505649581552e-02 4.152394086123e-02 4.249570891261e-02 4.014408215880e-02 5.115859210491e-02 3.424547612667e-02 5.295619741082e-02 1.810857653618e-01 2.020460814238e-01 2.089890986681e-01 1.342958062887e-01 4.919725283980e-02 3.177560120821e-02 2.961853146553e-02 3.525527939200e-02 4.136559367180e-02 3.891311585903e-02 3.186395391822e-02 2.893334813416e-02 3.090211190283e-02 2.604662068188e-02 2.623223327100e-02 2.524899877608e-02 2.389216050506e-02 2.507678605616e-02 2.752034738660e-02 2.911840379238e-02 2.845085784793e-02 2.411770820618e-02 2.849861793220e-02 5.835114046931e-02 4.800904914737e-02 2.346561662853e-02 8.174842223525e-03 1.705674268305e-02 1.915516704321e-02 2.370759472251e-02 2.577694877982e-02 1.042361650616e-02 2.461179159582e-02 2.600117772818e-02
8.292787522078e-02 4.971196502447e-02 3.726052120328e-02 3.556314110756e-02 2.899473905563e-02 2.899931371212e-02 2.619686350226e-02 2.741501480341e-02 2.918609417975e-02 5.902311578393e-02 2.122493833303e-01 5.180422663689e-01 3.573158681393e-01 1.154048889875e-01 4.316766932607e-02 3.226369619370e-02 3.736740723252e-02 4.986826330423e-02 4.359801486135e-02 5.102309212089e-02 4.920160025358e-02 4.062237963080e-02 2.842331305146e-02 2.606448531151e-02 2.584193833172e-02 2.502695657313e-02 2.557399868965e-02 2.753471396863e-02 2.889883890748e-02 2.949770167470e-02 2.612015604973e-02 2.664965577424e-02 4.745676368475e-02 5.305386334658e-02 2.757389098406e-02 1.938431710005e-02 2.031135186553e-02 2.132860384881e-02 1.745202764869e-02 2.180919796228e-02 2.176959998906e-02 2.043503522873e-02 2.088983170688e-02
5.709931254387e-02 3.908903524280e-02 3.225709497929e-02 2.785696834326e-02 2.453796751797e-02 1.881781779230e-02 2.257705479860e-02 2.408108487725e-02 2.445233613253e-02 1.670487970114e-02 1.609089821577e-01 4.317595958710e-01 5.640079975128e-01 3.648063242435e-01 6.340531259775e-02 9.804915636778e-03 1.668721437454e-02 4.986597970128e-02 6.561405956745e-02 6.165868416429e-02 5.050324276090e-02 3.902406617999e-02 2.845153957605e-02 2.679522521794e-02 2.591753751040e-02 2.532706223428e-02 2.511540241539e-02 2.671187557280e-02 2.861786261201e-02 2.933791466057e-02 2.936332859099e-02 3.305290639400e-02 3.626973181963e-02 5.147449672222e-02 3.467517718673e-02 2.676913887262e-02 1.674248836935e-02 2.056655474007e-02 1.619471982121e-02 1.324759609997e-02 1.737119071186e-02 1.605615578592e-02 1.771116442978e-02
4.905547201633e-02 3.536352887750e-02 2.776997722685e-02 2.275572717190e-02 2.393435873091e-02 1.817895658314e-02 2.185277082026e-02 2.408502995968e-02 2.430148422718e-02 2.382603660226e-02 6.195634603500e-02 3.200189173222e-01 1.165454387665e+00 9.013041853905e-01 1.546629369259e-01 5.883951205760e-03 2.953273802996e-02 6.911392509937e-02 6.152417510748e-02 4.900486022234e-02 3.982011973858e-02 3.484918177128e-02 3.139301761985e-02 3.044090606272e-02 2.837540954351e-02 2.573412097991e-02 2.378428354859e-02 2.551937475801e-02 2.885007858276e-02 3.711862117052e-02 4.384235665202e-02 4.869959130883e-02 4.883445426822e-02 4.622105881572e-02 4.157127812505e-02 3.238241374493e-02 1.672608777881e-02 4.876828286797e-03 5.398091394454e-03 9.908972308040e-03 1.366593502462e-02 1.701924391091e-02 2.102067507803e-02
4.671345278621e-02 1.973356492817e-02 3.243699297309e-02 2.403641864657e-02 2.693004533648e-02 2.494424022734e-02 2.204624190927e-02 2.340566925704e-02 2.116763405502e-02 2.035021968186e-02 3.551853075624e-02 1.635111123323e-01 5.687310099602e-01 5.033831596375e-01 1.702206283808e-01 1.145331282169e-02 8.031739294529e-02 6.235063448548e-02 4.803085699677e-02 3.833010420203e-02 3.297489881516e-02 2.985880710185e-02 3.178461641073e-02 3.026241622865e-02 2.613230422139e-02 2.282321080565e-02 2.211295999587e-02 2.353933081031e-02 3.342745080590e-02 4.500409960747e-02 5.190573260188e-02 5.707928165793e-02 5.673623830080e-02 5.292573943734e-02 4.502438753843e-02 3.189051523805e-02 1.992425508797e-02 1.517842616886e-02 8.368777111173e-03 1.399915665388e-02 1.744389720261e-02 1.744331046939e-02 2.246045134962e-02
9.832431562245e-03 6.011447869241e-03 1.766457222402e-02 2.587165310979e-02 2.606134675443e-02 2.487162686884e-02 2.096960507333e-02 1.763108372688e-02 1.522561162710e-02 1.718031428754e-02 3.037677519023e-02 7.251508533955e-02 2.017193734646e-01 2.413664013147e-01 1.758810281754e-01 1.080080270767e-01 6.833218783140e-02 4.854091256857e-02 3.786531090736e-02 3.166314959526e-02 1.112710032612e-02 1.310476474464e-02 2.637363970280e-02 2.318929508328e-02 2.043837122619e-02 2.057530730963e-02 2.006781846285e-02 2.220477163792e-02 2.979055419564e-02 3.364592418075e-02 3.672205656767e-02 4.010868445039e-02 4.017128422856e-02 3.762263804674e-02 4.476124793291e-02 2.469646185637e-02 1.852920278907e-02 2.070480212569e-02 7.468181662261e-03 7.676767650992e-03 2.317974902689e-02 2.123805321753e-02 2.199932746589e-02
1.604528911412e-02 1.032038405538e-02 1.148129533976e-02 1.915100403130e-02 2.442320995033e-02 2.409521117806e-02 2.008728496730e-02 1.606980897486e-02 1.203960180283e-02 1.484610885382e-02 2.736895717680e-02 4.773302003741e-02 1.403109580278e-01 1.811098009348e-01 1.415046006441e-01 8.395799249411e-02 5.199423059821e-02 3.727788105607e-02 3.438013046980e-02 2.893850766122e-02 2.309774048626e-02 1.933913119137e-02 1.694035530090e-02 1.750026084483e-02 1.734843850136e-02 1.680371351540e-02 1.649613305926e-02 1.768872514367e-02 2.257548645139e-02 2.588568255305e-02 2.020079083741e-02 1.838827505708e-02 1.826388575137e-02 2.670913189650e-02 4.393588379025e-02 3.140118345618e-02 2.193193696439e-02 2.556353993714e-02 1.556640304625e-02 1.452934928238e-02 1.353117171675e-02 2.493489347398e-02 2.165014110506e-02
