VariationalSeries/SI/f5_max.grd
DSAA
101	101
32.816463539100	34.260883539100
35.556306596100	36.727886596100
1.025202916935e-03	3.621238327026e+01
[rows 0 to 18 of 101, columns 43 to 85 of 101]
7.542891427875e-03 1.078187301755e-02 1.258977595717e-02 1.013728603721e-02 7.167517673224e-03 6.514926906675e-03 7.859900593758e-03 1.284098159522e-02 8.555575273931e-03 9.905151091516e-03 9.404666721821e-03 1.112095266581e-02 1.109725609422e-02 9.203012101352e-03 6.925789639354e-03 5.705408286303e-03 7.839699275792e-03 8.970837108791e-03 1.200667675585e-02 1.651560142636e-02 2.028306201100e-02 2.218470349908e-02 2.211124822497e-02 3.287605568767e-02 3.269805759192e-02 2.182648144662e-02 1.285760477185e-02 9.965931996703e-03 9.012175723910e-03 7.871477864683e-03 6.958085577935e-03 6.197492592037e-03 5.804925225675e-03 5.812317598611e-03 5.706825759262e-03 5.418404471129e-03 4.934891592711e-03 4.277525003999e-03 3.726854221895e-03 3.314350266010e-03 2.971906447783e-03 2.626320347190e-03 2.198833739385e-03
1.629153452814e-02 1.951577328146e-02 2.469150908291e-02 2.218930236995e-02 1.686269231141e-02 1.186416391283e-02 1.497804652900e-02 2.489284984767e-02 1.988692767918e-02 1.978018879890e-02 1.672536507249e-02 2.064791135490e-02 2.061558328569e-02 1.674985885620e-02 1.256008911878e-02 1.134129520506e-02 1.462869066745e-02 1.660599373281e-02 2.282672375441e-02 3.145279362798e-02 3.766120970249e-02 4.021776840091e-02 4.005693271756e-02 5.763192102313e-02 5.566116422415e-02 3.626436740160e-02 2.333402074873e-02 1.817829161882e-02 1.678053103387e-02 1.529090199620e-02 1.396138872951e-02 1.233795937151e-02 1.125755999237e-02 1.071374956518e-02 9.985362179577e-03 9.198758751154e-03 8.366299793124e-03 7.382759824395e-03 6.513991858810e-03 5.783216096461e-03 5.053339526057e-03 4.359701182693e-03 3.806717693806e-03
2.306231856346e-02 2.182318829000e-02 2.753301151097e-02 2.747479267418e-02 2.262985520065e-02 1.593212038279e-02 1.693755201995e-02 2.993057295680e-02 3.470853343606e-02 3.516856208444e-02 2.243198454380e-02 2.342940308154e-02 2.314655482769e-02 1.836519129574e-02 1.484388113022e-02 1.378159224987e-02 1.716478355229e-02 1.982992514968e-02 2.900288812816e-02 3.910754248500e-02 4.527295380831e-02 4.785181209445e-02 5.122776702046e-02 7.191649079323e-02 6.760527193546e-02 4.282153397799e-02 2.901526167989e-02 2.064464613795e-02 1.898306980729e-02 1.818560808897e-02 1.738040894270e-02 1.533672213554e-02 1.319509744644e-02 1.168573275208e-02 1.061492972076e-02 9.997481480241e-03 9.073879569769e-03 8.160423487425e-03 7.202604785562e-03 6.521006580442e-03 5.389358848333e-03 4.593329038471e-03 4.196582827717e-03
2.655911445618e-02 3.036321885884e-02 2.460842020810e-02 2.711400762200e-02 2.449052594602e-02 1.895617507398e-02 2.090779133141e-02 3.484000638127e-02 4.913578927517e-02 5.103872343898e-02 3.400775790215e-02 2.394962497056e-02 2.456820569932e-02 2.227706089616e-02 1.526268944144e-02 1.559800468385e-02 1.801312342286e-02 2.336606010795e-02 3.359422460198e-02 4.312499612570e-02 4.766169562936e-02 4.974121227860e-02 5.837288126349e-02 7.892762869596e-02 7.113183289766e-02 4.316093772650e-02 3.112264722586e-02 2.333206683397e-02 1.923156715930e-02 1.867918111384e-02 1.834565959871e-02 1.639185473323e-02 1.343682687730e-02 1.130880136043e-02 1.153411716223e-02 1.109942514449e-02 8.741245605052e-03 7.794026285410e-03 7.475708611310e-03 7.214880082756e-03 6.011240649968e-03 4.732393193990e-03 4.085005261004e-03
2.612825296819e-02 3.638798370957e-02 2.522357366979e-02 2.292959392071e-02 2.259682118893e-02 2.406495623291e-02 2.493928745389e-02 4.281845688820e-02 6.246535852551e-02 6.749618798494e-02 4.750214517117e-02 2.358829416335e-02 2.783714048564e-02 2.575945667922e-02 1.399937365204e-02 1.590776816010e-02 1.937030814588e-02 2.779129147530e-02 3.808594495058e-02 4.572271555662e-02 4.832438752055e-02 5.001085624099e-02 6.469644606113e-02 8.327782899141e-02 7.102646678686e-02 4.086473956704e-02 3.178992867470e-02 2.471811324358e-02 1.797176338732e-02 1.783570647240e-02 1.843495666981e-02 1.712181605399e-02 1.402018684894e-02 1.148662529886e-02 1.238158717752e-02 1.163298822939e-02 8.734599687159e-03 7.672213017941e-03 8.007346652448e-03 7.798592094332e-03 6.650350522250e-03 5.251774564385e-03 3.749008756131e-03
2.268838509917e-02 3.865923732519e-02 2.918963134289e-02 2.317379415035e-02 2.011193707585e-02 2.919036895037e-02 2.705472707748e-02 4.863708838820e-02 7.429294288158e-02 8.386691659689e-02 6.172044575214e-02 2.932162024081e-02 3.106098994613e-02 2.940443530679e-02 1.420211140066e-02 1.695160381496e-02 2.349871024489e-02 3.252184391022e-02 4.189035296440e-02 4.690686613321e-02 4.772436618805e-02 4.945752024651e-02 7.091050595045e-02 8.632419258356e-02 6.911118328571e-02 3.794561326504e-02 3.208641335368e-02 2.494613267481e-02 1.685694046319e-02 1.740965433419e-02 1.856517791748e-02 1.771636866033e-02 1.472296100110e-02 1.170011423528e-02 1.296967267990e-02 1.179395057261e-02 8.607394993305e-03 8.092884905636e-03 8.538341149688e-03 8.257352747023e-03 7.296269293875e-03 5.766197573394e-03 4.196166060865e-03
2.476891689003e-02 3.708310425282e-02 2.966760471463e-02 2.723085321486e-02 2.406904101372e-02 3.393714129925e-02 2.667516842484e-02 5.145135521889e-02 8.252367377281e-02 9.647743403912e-02 7.477838546038e-02 3.931679204106e-02 3.450734540820e-02 3.362974151969e-02 1.644543930888e-02 2.062916010618e-02 2.816806919873e-02 3.660042956471e-02 4.420718178153e-02 4.710755497217e-02 4.721726104617e-02 4.884876310825e-02 7.703301310539e-02 8.834741264582e-02 6.605305522680e-02 3.728611022234e-02 3.198421373963e-02 2.482352778316e-02 1.698811165988e-02 1.689153909683e-02 1.829931326210e-02 1.784306764603e-02 1.487243361771e-02 1.252995803952e-02 1.339788548648e-02 1.167767401785e-02 8.487712591887e-03 8.494853042066e-03 8.887936361134e-03 8.581432513893e-03 7.720948196948e-03 6.168836262077e-03 4.631775431335e-03
2.842753194273e-02 3.548769280314e-02 3.226143866777e-02 3.114392794669e-02 2.883399277925e-02 3.845860809088e-02 2.491461299360e-02 4.983941465616e-02 8.353116363287e-02 1.020026504993e-01 8.515591919422e-02 5.154772847891e-02 3.773900493979e-02 3.827122598886e-02 1.926432177424e-02 2.464677020907e-02 3.253669664264e-02 3.983982652426e-02 4.556755349040e-02 4.693402722478e-02 4.655114933848e-02 5.115711688995e-02 8.311147987843e-02 8.967054635286e-02 6.222816556692e-02 3.529283031821e-02 3.057622537017e-02 2.397990226746e-02 1.738836057484e-02 1.622694730759e-02 1.805868186057e-02 1.796571910381e-02 1.469780597836e-02 1.580147817731e-02 1.646038889885e-02 1.158626377583e-02 8.546465076506e-03 8.821757510304e-03 9.124906733632e-03 8.963836356997e-03 8.114995434880e-03 6.552180740982e-03 4.889579489827e-03
3.184273093939e-02 3.566004335880e-02 3.119849041104e-02 3.367828577757e-02 3.343846648932e-02 4.266158863902e-02 2.228227443993e-02 4.394730925560e-02 7.659924030304e-02 9.969251602888e-02 9.145442396402e-02 6.301935017109e-02 4.050896689296e-02 4.311389476061e-02 2.262652106583e-02 2.899194136262e-02 3.641126677394e-02 4.258115217090e-02 4.655643180013e-02 4.621783271432e-02 4.535788670182e-02 5.671892687678e-02 8.879729360342e-02 8.997374773026e-02 5.749810859561e-02 3.253310918808e-02 2.836136519909e-02 2.332890778780e-02 1.911198534071e-02 1.579890586436e-02 1.784528605640e-02 1.767880097032e-02 1.794971153140e-02 1.959874480963e-02 2.019544504583e-02 1.129113137722e-02 8.912048302591e-03 9.363297373056e-03 9.584705345333e-03 9.509922005236e-03 8.394499309361e-03 6.764675490558e-03 5.093073006719e-03
3.410929441452e-02 3.639313206077e-02 2.834168076515e-02 3.298202902079e-02 3.732158243656e-02 4.601075127721e-02 2.362627722323e-02 3.631953522563e-02 6.563172489405e-02 9.146357327700e-02 9.236529469490e-02 7.218370586634e-02 5.056883394718e-02 4.838339239359e-02 2.740671671927e-02 3.346832096577e-02 3.941004723310e-02 4.461783170700e-02 4.676043987274e-02 4.469780623913e-02 4.293005913496e-02 6.183700263500e-02 9.330824762583e-02 8.839187026024e-02 5.172000452876e-02 2.948999963701e-02 2.548129856586e-02 2.609798312187e-02 2.045648917556e-02 1.681118458509e-02 1.825157739222e-02 1.925521716475e-02 1.992155425251e-02 2.081771381199e-02 2.192725054920e-02 1.072615012527e-02 9.815716184676e-03 1.057313382626e-02 1.052914652973e-02 9.729196317494e-03 8.139634504914e-03 6.597862578928e-03 5.132687278092e-03
3.453622758389e-02 3.772614896297e-02 2.780917100608e-02 2.986710332334e-02 3.959297016263e-02 4.869878664613e-02 2.526030875742e-02 3.012343123555e-02 5.301239341497e-02 7.779415696859e-02 8.589552342892e-02 7.703582197428e-02 6.211914122105e-02 5.372407287359e-02 3.970974683762e-02 3.660272806883e-02 4.153079539537e-02 4.567379876971e-02 4.568148404360e-02 4.216719418764e-02 3.977759182453e-02 6.694439053535e-02 9.646224230528e-02 8.503570407629e-02 4.532705619931e-02 2.613347023726e-02 2.646786719561e-02 2.886353060603e-02 2.139814943075e-02 1.923993416131e-02 1.977139525115e-02 1.932356320322e-02 1.852107979357e-02 1.820992492139e-02 2.085867151618e-02 1.026289630681e-02 1.194176916033e-02 1.242154184729e-02 1.108299288899e-02 9.125017561018e-03 7.524137850851e-03 6.308937910944e-03 4.934572149068e-03
3.354680165648e-02 3.920753300190e-02 2.801677212119e-02 2.662852406502e-02 3.902880474925e-02 5.040660873055e-02 2.925339341164e-02 3.166284412146e-02 4.018205776811e-02 6.104779988527e-02 7.361752539873e-02 7.583755254745e-02 6.933353096247e-02 6.105875596404e-02 5.384331569076e-02 4.232063144445e-02 4.330583289266e-02 4.583118110895e-02 4.356899112463e-02 3.944336995482e-02 4.299394786358e-02 7.166089862585e-02 9.839009493589e-02 8.057031780481e-02 3.885210305452e-02 2.397935837507e-02 2.890356816351e-02 3.111588396132e-02 2.295246720314e-02 1.904220134020e-02 1.793766394258e-02 1.665107533336e-02 1.471586339176e-02 1.471799332649e-02 1.953024603426e-02 1.286463811994e-02 1.464182976633e-02 1.343690976501e-02 1.054624188691e-02 8.355592377484e-03 7.129978388548e-03 5.767611786723e-03 5.001180339605e-03
3.162852674723e-02 4.069808125496e-02 3.340095654130e-02 2.701192535460e-02 4.322323575616e-02 5.183294415474e-02 3.490131720901e-02 3.784032166004e-02 3.746424242854e-02 4.467887803912e-02 5.686517059803e-02 6.737447530031e-02 7.105174660683e-02 6.900051981211e-02 6.452583521605e-02 5.315818637609e-02 4.440484568477e-02 4.462719336152e-02 4.078745096922e-02 3.770701214671e-02 4.715357348323e-02 7.587593793869e-02 9.926411509514e-02 7.527827471495e-02 3.292836248875e-02 2.474693953991e-02 3.023580834270e-02 3.209605813026e-02 2.386219613254e-02 1.679149270058e-02 1.586884260178e-02 1.412679720670e-02 1.266975887120e-02 1.260840706527e-02 1.893303357065e-02 1.639665476978e-02 1.599868573248e-02 1.278613135219e-02 9.888021275401e-03 8.111228235066e-03 6.657753605396e-03 6.105178967118e-03 5.997175816447e-03
2.901432849467e-02 4.222930222750e-02 3.629777207971e-02 2.760757692158e-02 4.666391387582e-02 5.342253670096e-02 4.006274789572e-02 4.534080997109e-02 3.364789113402e-02 3.246087208390e-02 4.035603255033e-02 5.307513102889e-02 6.704159080982e-02 7.269169390202e-02 7.251515984535e-02 6.119362264872e-02 4.404563456774e-02 4.567783325911e-02 4.447300732136e-02 4.203413799405e-02 5.325527116656e-02 8.040200918913e-02 9.928634017706e-02 6.945987790823e-02 2.783101610839e-02 2.550601214170e-02 3.118474595249e-02 3.263901919127e-02 2.384946309030e-02 1.813202537596e-02 1.670545712113e-02 1.597296632826e-02 1.454928051680e-02 1.210000365973e-02 1.932007260621e-02 1.825277693570e-02 1.514934282750e-02 1.202055439353e-02 9.740255773067e-03 7.850469090044e-03 6.471285596490e-03 6.996672134846e-03 6.453609559685e-03
3.009318187833e-02 4.400535672903e-02 3.644908592105e-02 2.982659451663e-02 4.956499487162e-02 5.433572828770e-02 4.468960314989e-02 5.398778617382e-02 2.813699655235e-02 2.710713073611e-02 2.834106981754e-02 4.516030102968e-02 5.442927777767e-02 7.074179500341e-02 7.843896746635e-02 6.744026392698e-02 4.707360640168e-02 4.049938917160e-02 4.647729173303e-02 4.906455427408e-02 5.734796077013e-02 8.431891351938e-02 9.721650928259e-02 6.270110607147e-02 2.629043720663e-02 2.628380805254e-02 3.189222887158e-02 3.286970406771e-02 2.284852974117e-02 1.962248235941e-02 1.930011808872e-02 1.789710670710e-02 1.673831231892e-02 1.607372239232e-02 1.987227611244e-02 1.752523519099e-02 1.404778286815e-02 1.158961094916e-02 9.304819628596e-03 7.429654709995e-03 6.378993857652e-03 7.549781817943e-03 6.507370155305e-03
3.119911253452e-02 4.611307382584e-02 3.600784391165e-02 3.451391309500e-02 5.155592039227e-02 5.462784692645e-02 4.744529351592e-02 6.178312748671e-02 2.864212915301e-02 2.462119422853e-02 2.571238949895e-02 4.846970364451e-02 4.892971739173e-02 6.264235824347e-02 7.574842125177e-02 6.816194951534e-02 4.814502224326e-02 4.260139912367e-02 4.651773720980e-02 5.352946743369e-02 6.145627796650e-02 8.617819100618e-02 9.172564744949e-02 5.470912158489e-02 2.645166218281e-02 2.650363743305e-02 3.031897172332e-02 3.059382364154e-02 2.115709893405e-02 2.032222226262e-02 2.058375999331e-02 2.151448093355e-02 2.065293304622e-02 1.972039788961e-02 2.012891322374e-02 1.587469875813e-02 1.277714315802e-02 1.023170072585e-02 8.313718251884e-03 6.968833040446e-03 6.376029457897e-03 8.009660057724e-03 6.432185415179e-03
3.529754653573e-02 4.835716634989e-02 5.070897191763e-02 4.154502227902e-02 5.275228992105e-02 5.424595624208e-02 4.664274305105e-02 6.791340559721e-02 3.170168399811e-02 2.712525613606e-02 3.208803012967e-02 5.024818331003e-02 4.533942788839e-02 5.578454956412e-02 6.964828073978e-02 6.244306638837e-02 4.540124908090e-02 4.810261726379e-02 4.909958317876e-02 5.628006905317e-02 6.575329601765e-02 8.545415103436e-02 8.392243832350e-02 4.660773277283e-02 2.669787965715e-02 2.549925446510e-02 2.689605206251e-02 2.623326145113e-02 1.904083788395e-02 2.199353836477e-02 2.283248491585e-02 2.488898485899e-02 2.659741975367e-02 2.766129560769e-02 2.659993246198e-02 1.800124719739e-02 1.091999560595e-02 1.239744201303e-02 8.313954807818e-03 6.607671268284e-03 7.065910845995e-03 8.340369910002e-03 6.241614464670e-03
4.893378913403e-02 6.712956726551e-02 7.820712029934e-02 6.786432862282e-02 5.314560607076e-02 5.257945880294e-02 4.634548351169e-02 7.247624546289e-02 3.675255924463e-02 3.054560907185e-02 4.058012738824e-02 5.083548277617e-02 4.496288299561e-02 5.233933031559e-02 6.296188384295e-02 5.377672240138e-02 4.629362374544e-02 5.249139666557e-02 5.037668719888e-02 6.063221767545e-02 6.953075528145e-02 8.247067779303e-02 7.496644556522e-02 3.886668756604e-02 2.534205839038e-02 2.981714345515e-02 2.386044152081e-02 2.236041240394e-02 1.757962070405e-02 2.153812348843e-02 2.684826590121e-02 3.016245551407e-02 3.541111201048e-02 3.964921087027e-02 3.330982476473e-02 1.791250146925e-02 1.011442206800e-02 1.520434487611e-02 1.141125336289e-02 6.479938514531e-03 7.861267775297e-03 8.463027887046e-03 5.827382672578e-03
6.230810657144e-02 8.804976195097e-02 1.073241382837e-01 1.005028262734e-01 5.790625512600e-02 4.968428611755e-02 4.338144510984e-02 7.710759341717e-02 4.576574638486e-02 3.802142664790e-02 4.819003492594e-02 6.259042769670e-02 5.791002139449e-02 5.264480039477e-02 5.683852732182e-02 5.210475996137e-02 5.291334539652e-02 5.534720048308e-02 5.603399127722e-02 6.180251762271e-02 7.049722224474e-02 7.643092423677e-02 6.429660320282e-02 3.338507190347e-02 2.667249552906e-02 3.647772222757e-02 2.947989478707e-02 1.919204927981e-02 1.652062311769e-02 2.508678287268e-02 2.979272231460e-02 4.150476679206e-02 5.167147144675e-02 5.103260278702e-02 3.482607752085e-02 1.552720461041e-02 1.075191795826e-02 1.866210624576e-02 1.555080339313e-02 6.750386673957e-03 8.768635801971e-03 8.320210501552e-03 6.368309259415e-03
