VariationalSeries/SI/f5_max.grd
DSAA
101	101
32.816463539100	34.260883539100
35.556306596100	36.727886596100
1.025202916935e-03	3.621238327026e+01
[rows 38 to 56 of 101, columns 43 to 85 of 101]
2.550560832024e-01 2.996028661728e-01 3.448352515697e-01 3.293186724186e-01 4.852839112282e-01 4.832962751389e-01 4.124941825867e-01 5.826709866524e-01 4.645752310753e-01 4.625036418438e-01 3.613606393337e-01 2.429630011320e-01 2.597807943821e-01 2.048061043024e-01 1.512495279312e-01 2.352498620749e-01 3.529081642628e-01 1.987477988005e-01 1.782922744751e-01 1.622013449669e-01 1.336232274771e-01 1.211563721299e-01 1.148756369948e-01 1.244948655367e-01 1.347257047892e-01 1.423619538546e-01 1.385029256344e-01 1.222809106112e-01 1.086029931903e-01 8.146940916777e-02 5.302892997861e-02 4.339108616114e-02 4.853700473905e-02 5.570158734918e-02 5.704483762383e-02 5.268854647875e-02 4.449420049787e-02 3.466774150729e-02 2.517977356911e-02 2.233939990401e-02 2.589491568506e-02 3.465133532882e-02 3.616062179208e-02
2.903120219707e-01 3.391798436642e-01 4.222384393215e-01 5.801935195923e-01 6.792967319489e-01 3.583831489086e-01 9.759967923164e-01 5.085567235947e-01 4.726348519325e-01 2.926228642464e-01 4.134156703949e-01 3.360657393932e-01 2.210097610950e-01 1.995234191418e-01 2.459876686335e-01 3.641662895679e-01 4.123693704605e-01 3.381425142288e-01 2.365202158689e-01 1.817006021738e-01 1.693009138107e-01 1.454170346260e-01 1.477087587118e-01 1.536388546228e-01 1.792403906584e-01 1.154289990664e-01 8.488462120295e-02 7.022503763437e-02 5.577235296369e-02 6.403544545174e-02 7.598179578781e-02 7.488189637661e-02 6.530805677176e-02 5.437654256821e-02 4.552361741662e-02 3.907854110003e-02 3.457533568144e-02 3.137519955635e-02 2.986860461533e-02 3.045278415084e-02 6.521030515432e-02 1.131786629558e-01 1.168577224016e-01
4.728353023529e-01 3.731718063354e-01 4.457051753998e-01 5.423957705498e-01 7.083993554115e-01 4.969288706779e-01 6.720287799835e-01 5.680371522903e-01 2.923812866211e-01 3.258520960808e-01 4.458188116550e-01 3.835177123547e-01 3.835352063179e-01 5.131330490112e-01 5.839125514030e-01 4.481527805328e-01 3.275863826275e-01 3.224841356277e-01 3.002174794674e-01 1.995054334402e-01 1.492572724819e-01 2.500887513161e-01 3.284232318401e-01 2.506148219109e-01 1.030603647232e-01 7.732769101858e-02 6.093757227063e-02 6.531444191933e-02 7.871375232935e-02 7.452058047056e-02 5.771773681045e-02 4.134538397193e-02 3.155047446489e-02 2.732595987618e-02 3.299110755324e-02 3.108888678253e-02 3.543853387237e-02 6.268649548292e-02 1.007813289762e-01 1.370773017406e-01 1.129492819309e-01 9.693871438503e-02 8.415192365646e-02
3.994899690151e-01 4.113479256630e-01 5.558714866638e-01 5.058284401894e-01 6.552692651749e-01 7.877936959267e-01 7.028956413269e-01 5.497090816498e-01 6.851655244827e-01 4.705567359924e-01 4.228128790855e-01 4.043174088001e-01 7.450932860374e-01 5.256818532944e-01 4.538680315018e-01 4.255612492561e-01 2.672045826912e-01 2.421544641256e-01 2.708977460861e-01 3.948467671871e-01 4.241877794266e-01 2.432521432638e-01 1.919738799334e-01 1.528916060925e-01 1.451329886913e-01 1.309870034456e-01 1.058123782277e-01 1.072408705950e-01 8.876242488623e-02 6.394682079554e-02 1.177701875567e-01 5.003461614251e-02 4.977649450302e-02 5.291507020593e-02 5.610892921686e-02 5.913012102246e-02 1.280418336391e-01 1.466522067785e-01 1.413648873568e-01 1.557262241840e-01 1.576087623835e-01 1.545815914869e-01 1.423453688622e-01
6.235007047653e-01 4.472997784615e-01 6.180397272110e-01 7.106474637985e-01 7.221212387085e-01 9.970055222511e-01 9.318048357964e-01 5.912789702415e-01 4.321787655354e-01 5.795388221741e-01 5.519546866417e-01 8.516900539398e-01 6.988294124603e-01 5.283889770508e-01 5.902577638626e-01 2.641409337521e-01 5.170940756798e-01 6.868578791618e-01 5.413165092468e-01 1.938505768776e-01 2.011405080557e-01 1.965062171221e-01 9.413933753967e-02 1.283902227879e-01 1.354338675737e-01 1.228418275714e-01 1.390612572432e-01 1.739875227213e-01 2.070817351341e-01 1.822707206011e-01 8.960391581059e-02 7.075064629316e-02 6.064237281680e-02 8.525610715151e-02 1.658643037081e-01 1.702509373426e-01 1.075008958578e-01 9.494696557522e-02 1.159812286496e-01 1.448775678873e-01 1.737721413374e-01 1.737712770700e-01 1.675154566765e-01
6.688592433929e-01 7.318673729897e-01 8.475261330605e-01 1.266016721725e+00 1.607083916664e+00 9.651353359222e-01 1.142830967903e+00 6.908217668533e-01 1.085448980331e+00 7.116443514824e-01 8.942558765411e-01 7.270242571831e-01 3.616681098938e-01 6.798616647720e-01 8.810830116272e-01 8.588783144951e-01 5.349276065826e-01 2.822653353214e-01 4.734617173672e-01 4.081577360630e-01 2.178531587124e-01 1.671724617481e-01 1.364836245775e-01 2.230534255505e-01 2.721753418446e-01 2.392522841692e-01 1.993556767702e-01 1.580796986818e-01 1.595443934202e-01 7.280747592449e-02 1.217143088579e-01 1.821205466986e-01 2.260932773352e-01 2.029838413000e-01 1.353789120913e-01 2.571864128113e-01 3.042443394661e-01 2.717641592026e-01 1.946507990360e-01 1.516038477421e-01 1.897244900465e-01 2.085584551096e-01 2.202585786581e-01
7.274426221848e-01 8.156064152718e-01 9.324769377708e-01 9.757925271988e-01 1.405062198639e+00 1.797765851021e+00 1.782346963882e+00 9.394381642342e-01 1.256291270256e+00 9.896473288536e-01 9.575732946396e-01 7.966409325600e-01 8.924619555473e-01 1.106113433838e+00 8.637795448303e-01 5.184872150421e-01 6.053826212883e-01 5.636990070343e-01 3.085747659206e-01 3.696889877319e-01 3.728844523430e-01 3.223445415497e-01 2.301587462425e-01 1.421766430140e-01 1.606033742428e-01 1.607971042395e-01 1.560112833977e-01 1.877540498972e-01 2.125172168016e-01 2.279585152864e-01 2.216853797436e-01 1.891512572765e-01 1.429302990437e-01 1.608286798000e-01 2.975672781467e-01 3.629150390625e-01 3.396522700787e-01 2.496550828218e-01 1.509299874306e-01 8.595175296068e-02 1.077225431800e-01 1.245649456978e-01 1.387329548597e-01
1.210094451904e+00 2.161093711853e+00 2.196870326996e+00 1.270950317383e+00 1.554330945015e+00 1.907287478447e+00 2.477412223816e+00 1.723300814629e+00 1.648924827576e+00 1.716331720352e+00 1.336039781570e+00 9.872118234634e-01 9.029994606972e-01 7.680159211159e-01 6.655443906784e-01 6.748451590538e-01 1.079873442650e+00 8.620927929878e-01 4.451648294926e-01 4.100131094456e-01 3.902960419655e-01 3.781119883060e-01 3.636893928051e-01 3.441544175148e-01 3.238310813904e-01 3.109638392925e-01 3.108949065208e-01 3.084956705570e-01 2.540169656277e-01 1.932161301374e-01 1.540094166994e-01 1.246989071369e-01 1.245054379106e-01 2.512276172638e-01 2.994679808617e-01 2.836329638958e-01 1.978125274181e-01 1.044905409217e-01 8.997091650963e-02 9.829562902451e-02 9.837400168180e-02 1.052702367306e-01 1.137076020241e-01
1.772702574730e+00 3.296388626099e+00 3.150410413742e+00 2.608091115952e+00 2.313196420670e+00 2.076885461807e+00 2.781307697296e+00 4.889065265656e+00 1.574889183044e+00 1.442968010902e+00 1.130511403084e+00 1.304784893990e+00 1.280514597893e+00 1.554115772247e+00 1.465315699577e+00 1.010403752327e+00 9.903513789177e-01 1.022815346718e+00 6.590721607208e-01 4.129790663719e-01 4.696774780750e-01 4.050123393536e-01 4.399083852768e-01 3.314330279827e-01 2.762855291367e-01 2.444193810225e-01 2.979186177254e-01 3.324070870876e-01 3.372758924961e-01 3.127703368664e-01 2.661654353142e-01 2.184046506882e-01 2.260600626469e-01 2.596392929554e-01 2.411253452301e-01 1.849031448364e-01 1.033459007740e-01 1.124959960580e-01 1.183480471373e-01 1.157711148262e-01 1.226394400001e-01 1.214899048209e-01 1.189993917942e-01
7.355336546898e-01 2.326981306076e+00 3.053480863571e+00 3.001583337784e+00 3.518741846085e+00 2.804372787476e+00 3.075657844543e+00 4.753388404846e+00 2.756669998169e+00 2.229598999023e+00 1.958372235298e+00 1.098174214363e+00 1.188178658485e+00 1.280151844025e+00 1.072789311409e+00 9.339624047279e-01 9.439420104027e-01 8.179352283478e-01 7.159557938576e-01 1.011747717857e+00 1.170132279396e+00 4.933644831181e-01 4.418906867504e-01 3.870253264904e-01 4.293277263641e-01 3.473407924175e-01 3.141356706619e-01 2.941330075264e-01 2.758294343948e-01 2.619329690933e-01 2.510956227779e-01 2.591053247452e-01 2.735440731049e-01 2.334362715483e-01 1.783655583858e-01 1.507873535156e-01 1.442054510117e-01 1.338676363230e-01 1.291442662477e-01 1.366180628538e-01 1.259813755751e-01 1.289844065905e-01 1.353242397308e-01
1.913830161095e+00 2.671768665314e+00 3.377925872803e+00 5.648571968079e+00 2.817555189133e+00 5.379654407501e+00 4.251307964325e+00 5.788490772247e+00 2.544694900513e+00 3.030523538589e+00 3.174288272858e+00 2.321840524673e+00 1.620899438858e+00 1.628365397453e+00 1.793431997299e+00 1.179957509041e+00 1.120711922646e+00 1.178940534592e+00 1.288919329643e+00 1.501188158989e+00 1.144810795784e+00 3.306083381176e-01 3.526068925858e-01 4.051795899868e-01 4.382239878178e-01 3.574666082859e-01 2.140889912844e-01 2.117117792368e-01 1.947718858719e-01 2.175543606281e-01 2.386021912098e-01 2.607676982880e-01 2.761662006378e-01 2.830259799957e-01 2.768818140030e-01 2.644505798817e-01 2.351500540972e-01 2.068125754595e-01 1.859945654869e-01 1.687392443419e-01 1.578857004642e-01 1.550736278296e-01 1.492078602314e-01
9.961767196655e-01 2.057801008224e+00 3.824164152145e+00 4.883628368378e+00 4.193037033081e+00 5.672181129456e+00 4.309929847717e+00 1.215461444855e+01 9.593263626099e+00 1.312904930115e+01 3.730940103531e+00 2.468745231628e+00 2.244909524918e+00 1.824087262154e+00 1.367558956146e+00 9.798317551613e-01 8.258399963379e-01 6.416882872581e-01 4.496926665306e-01 4.415824115276e-01 4.271720349789e-01 3.701955676079e-01 3.449220955372e-01 3.950304687023e-01 3.512466251850e-01 3.583608567715e-01 4.495548009872e-01 3.121042847633e-01 1.428452283144e-01 1.262481510639e-01 1.029513776302e-01 1.103440001607e-01 1.221437081695e-01 1.614715605974e-01 2.099868953228e-01 2.288619726896e-01 1.823981404305e-01 1.384267807007e-01 1.489728540182e-01 1.572114676237e-01 1.774580925703e-01 2.215799987316e-01 2.500202357769e-01
5.754161834717e+00 7.134784460068e-01 1.272881746292e+00 5.127694129944e+00 1.843265771866e+00 2.975498914719e+00 1.024653244019e+01 2.120608139038e+01 2.524921226501e+01 3.521013641357e+01 3.133004903793e+00 3.303814172745e+00 2.655611991882e+00 2.043327808380e+00 1.626538872719e+00 8.710983395576e-01 7.141481041908e-01 3.143173933029e+00 4.581139087677e+00 7.210220694542e-01 9.379715919495e-01 8.666019439697e-01 6.383576393127e-01 4.094314873219e-01 2.969141602516e-01 2.458740174770e-01 5.540382862091e-01 8.170398473740e-01 3.784837722778e-01 1.510974764824e-01 1.161368340254e-01 1.008604243398e-01 1.096907109022e-01 1.059027984738e-01 1.153301671147e-01 1.507131159306e-01 1.476618051529e-01 1.133506596088e-01 1.114103272557e-01 1.124820560217e-01 1.043904423714e-01 1.146752759814e-01 1.070980355144e-01
1.057619571686e+00 3.313876628876e+00 7.489208579063e-01 1.030803680420e+00 9.714303970337e+00 5.685436248779e+00 6.110228061676e+00 7.862651348114e+00 7.743636131287e+00 2.009843635559e+01 2.503625679016e+01 4.326304912567e+00 4.344529628754e+00 2.962426900864e+00 2.467397451401e+00 1.368468880653e+00 6.193515658379e-01 3.274238586426e+00 4.708999991417e-01 5.950169563293e-01 7.796775102615e-01 9.955816268921e-01 8.488979339600e-01 7.878566384315e-01 8.012561798096e-01 6.866350173950e-01 6.625165343285e-01 4.629368484020e-01 2.382311224937e-01 2.184908688068e-01 1.590439379215e-01 1.224328801036e-01 1.271835714579e-01 1.018514260650e-01 1.045122221112e-01 9.691694378853e-02 1.028855443001e-01 1.022237911820e-01 1.103078350425e-01 9.904931485653e-02 9.804315119982e-02 1.022725775838e-01 1.047191545367e-01
8.792139291763e-01 1.640184640884e+00 4.119770050049e+00 2.970141172409e+00 2.281860113144e+00 1.878984570503e+00 2.685535669327e+00 3.175443172455e+00 3.956976413727e+00 5.481277942657e+00 1.151173591614e+01 1.769298934937e+01 3.694374084473e+00 2.853792190552e+00 1.878340959549e+00 5.910995602608e-01 7.686865329742e-01 1.818986058235e+00 2.327214330435e-01 2.393196523190e-01 4.698246717453e-01 8.083925247192e-01 5.901799201965e-01 4.468014836311e-01 3.600443899632e-01 4.497825801373e-01 5.629137754440e-01 5.405454635620e-01 4.735210537910e-01 3.419348895550e-01 2.263622432947e-01 2.075850665569e-01 1.626470535994e-01 1.192083135247e-01 1.338087022305e-01 1.181146800518e-01 1.140889674425e-01 1.114944666624e-01 1.113042235374e-01 9.599233418703e-02 9.147112816572e-02 9.009259194136e-02 1.000995635986e-01
5.929082036018e-01 2.461635589600e+00 6.849496364594e+00 4.028619289398e+00 1.144984841347e+00 1.025313615799e+00 1.015070438385e+00 1.382495284081e+00 4.558102786541e-01 7.644569873810e+00 1.467504024506e+01 3.621238327026e+01 3.606997013092e+00 2.534708261490e+00 3.666038036346e+00 7.599340081215e-01 1.550055027008e+00 4.615859985352e-01 1.830233335495e-01 5.301576256752e-01 6.807506084442e-01 1.537006139755e+00 1.161550521851e+00 7.851896286011e-01 5.434950590134e-01 3.419400453568e-01 3.898462057114e-01 4.045555591583e-01 3.583799302578e-01 3.917786777020e-01 3.922421932220e-01 3.123662471771e-01 2.197333723307e-01 1.899775713682e-01 1.954594403505e-01 1.660350263119e-01 1.473863273859e-01 1.365769654512e-01 1.235534921288e-01 1.023768857121e-01 8.517049252987e-02 9.398048371077e-02 1.075760349631e-01
5.028717517853e-01 1.247681379318e+00 1.015702438354e+01 1.237986183167e+01 6.553677558899e+00 6.704103350639e-01 5.141157507896e-01 8.388630747795e-01 1.044764041901e+00 1.519809484482e+00 1.083781003952e+00 6.320999622345e+00 1.536516380310e+01 2.058614349365e+01 5.911864280701e+00 2.447682380676e+00 2.745971679688e+00 8.540183901787e-01 7.785240411758e-01 2.825707435608e+00 8.276033997536e-01 4.722636222839e+00 1.497277259827e+00 1.327331185341e+00 1.334899902344e+00 6.191985011101e-01 3.711220324039e-01 3.913234770298e-01 4.420110285282e-01 3.565614521503e-01 2.143270373344e-01 3.027176260948e-01 3.105408847332e-01 2.950953841209e-01 2.891505956650e-01 2.302894443274e-01 1.872257888317e-01 1.632345467806e-01 1.361558586359e-01 1.080000549555e-01 8.253499865532e-02 1.128289699554e-01 1.375274509192e-01
7.925730347633e-01 5.122324824333e-01 8.545328974724e-01 4.848076820374e+00 3.012364149094e+00 4.951087236404e-01 4.197535216808e-01 4.960264861584e-01 5.930951237679e-01 6.911408305168e-01 5.605207085609e-01 5.204349756241e-01 9.211468100548e-01 3.933205604553e+00 1.161376857758e+01 8.056050300598e+00 3.050548791885e+00 1.473965764046e+00 9.082829952240e-01 2.035661458969e+00 1.064864873886e+00 3.756103515625e-01 3.415168821812e-01 3.099792003632e-01 6.501540541649e-01 1.086204648018e+00 8.270218372345e-01 5.155802965164e-01 4.560607671738e-01 4.151044487953e-01 4.309760034084e-01 3.724727630615e-01 2.477839589119e-01 2.582075893879e-01 2.911668717861e-01 2.539401948452e-01 2.168299406767e-01 1.824022680521e-01 1.383409202099e-01 9.978029876947e-02 8.586021512747e-02 1.059119701385e-01 1.262201517820e-01
5.157598257065e-01 3.744300901890e-01 4.080741107464e-01 5.033099055290e-01 5.090628266335e-01 4.269422292709e-01 3.793422281742e-01 3.794901967049e-01 4.187271595001e-01 3.980695903301e-01 3.431697487831e-01 2.877132594585e-01 2.990306019783e-01 4.024787902832e+00 6.470287322998e+00 6.867403507233e+00 2.916694164276e+00 2.152595043182e+00 4.400887012482e+00 1.100226998329e+00 7.718838453293e-01 3.771245181561e-01 1.023762822151e+00 7.028236985207e-01 9.065960645676e-01 9.040542244911e-01 8.431243896484e-01 7.893043756485e-01 7.358889579773e-01 6.940905451775e-01 7.333629131317e-01 8.924744129181e-01 7.611965537071e-01 3.068059682846e-01 1.746059507132e-01 1.842347681522e-01 1.704511344433e-01 1.466649323702e-01 1.225962415338e-01 8.029144257307e-02 7.609250396490e-02 8.719673752785e-02 9.861464053392e-02
