VariationalSeries/SI/f62.grd
DSAA
101	101
32.816463539100	34.260883539100
35.556306596100	36.727886596100
2.441465221636e-05	3.976239204407e+00
[rows 57 to 75 of 101, columns 0 to 42 of 101]
1.353613915853e-03 2.223930787295e-03 2.406977815554e-03 2.409197390079e-03 2.572322497144e-03 3.147830255330e-03 3.527163062245e-03 3.868814324960e-03 4.187431186438e-03 4.279118962586e-03 4.118131473660e-03 5.694021936506e-03 9.751535020769e-03 5.329091101885e-03 3.938283771276e-03 5.897016264498e-03 5.264835897833e-03 5.858230404556e-03 7.077665068209e-03 7.400791160762e-03 7.543273735791e-03 5.682530812919e-03 3.950321115553e-03 3.472181968391e-03 3.765546716750e-03 5.217575002462e-03 8.346047252417e-03 1.036070846021e-02 8.164440281689e-03 4.719708114862e-03 3.695772029459e-03 2.907350193709e-03 3.045320976526e-03 3.656018059701e-03 4.316532518715e-03 5.540947895497e-03 6.383866071701e-03 6.893128622323e-03 1.139566861093e-02 1.494012214243e-02 1.281038857996e-02 1.136465091258e-02 1.280663069338e-02
1.705324160866e-03 2.791916253045e-03 3.189762821421e-03 3.237107535824e-03 3.200981998816e-03 3.112580860034e-03 3.112226491794e-03 3.255944931880e-03 3.388533135876e-03 5.512930452824e-03 1.788419671357e-02 2.070193365216e-02 7.732634898275e-03 4.029300063848e-03 4.037512931973e-03 3.770595416427e-03 4.073336720467e-03 4.058646969497e-03 4.590499214828e-03 5.814266391098e-03 7.065421435982e-03 7.545742671937e-03 5.273795221001e-03 3.315330250189e-03 3.816767595708e-03 5.825587082654e-03 8.804995566607e-03 9.439743123949e-03 9.547698311508e-03 6.068891379982e-03 3.666509874165e-03 3.327294951305e-03 3.186558838934e-03 3.807668341324e-03 4.495148546994e-03 4.652798641473e-03 4.783298820257e-03 4.988223779947e-03 5.031865090132e-03 5.430063698441e-03 6.552767008543e-03 8.962874300778e-03 1.032285485417e-02
2.280221087858e-03 3.749547991902e-03 4.340266343206e-03 6.353016942739e-03 8.112384006381e-03 1.024682633579e-02 1.342460513115e-02 1.948316767812e-02 3.560927510262e-02 5.019419640303e-02 3.335952013731e-02 8.491343818605e-03 5.717136431485e-03 4.999775905162e-03 3.633823711425e-03 3.840204793960e-03 4.063994623721e-03 4.006325267255e-03 3.784326603636e-03 4.044584464282e-03 6.814376451075e-03 7.722237147391e-03 5.474927369505e-03 3.145852591842e-03 2.465761033818e-03 3.804045962170e-03 5.396521650255e-03 5.562040023506e-03 5.821187514812e-03 4.729685373604e-03 3.301119431853e-03 3.475342877209e-03 3.288907231763e-03 3.690435551107e-03 4.453481175005e-03 4.615293350071e-03 4.398447461426e-03 4.035229794681e-03 3.725645830855e-03 4.169150255620e-03 5.314587149769e-03 6.820976734161e-03 8.993652649224e-03
2.227601595223e-03 4.206542391330e-03 7.269378751516e-03 1.029818318784e-02 1.295595895499e-02 1.707141101360e-02 2.470970898867e-02 3.672742843628e-02 3.681048378348e-02 1.700267009437e-02 4.080342594534e-03 4.758460912853e-03 5.176543258131e-03 4.600290209055e-03 4.149197600782e-03 4.358727484941e-03 4.372869618237e-03 4.202555399388e-03 3.236294724047e-03 3.162347245961e-03 4.906497895718e-03 5.473999306560e-03 4.061216954142e-03 2.539291977882e-03 1.950001809746e-03 2.106182277203e-03 2.823985414580e-03 3.492441028357e-03 4.120196681470e-03 3.549577435479e-03 3.246804000810e-03 3.037431044504e-03 3.241209546104e-03 3.589541884139e-03 4.307823255658e-03 4.415819887072e-03 3.997075837106e-03 3.423831891268e-03 3.141620662063e-03 3.491025418043e-03 5.147356539965e-03 6.489165127277e-03 8.227775804698e-03
1.348580233753e-03 2.351045608521e-03 2.874667057768e-03 3.026045858860e-03 3.031154628843e-03 3.017148468643e-03 2.989943139255e-03 2.924999920651e-03 2.867802744731e-03 2.803150564432e-03 2.629029098898e-03 2.763889497146e-03 3.048484446481e-03 3.900308161974e-03 4.389365669340e-03 4.589247051626e-03 4.421002231538e-03 3.926633857191e-03 2.903506625444e-03 2.284824382514e-03 2.746360376477e-03 2.849600045010e-03 2.247338881716e-03 1.665105461143e-03 1.465708133765e-03 1.611450919881e-03 2.068175934255e-03 2.486541634426e-03 2.951937727630e-03 3.177658189088e-03 3.007057355717e-03 2.686572493985e-03 3.116680774838e-03 3.772690193728e-03 4.503483884037e-03 4.358174279332e-03 3.620454575866e-03 2.871874719858e-03 3.183908062056e-03 3.564446000382e-03 5.330746062100e-03 6.617129780352e-03 7.753048092127e-03
6.325873546302e-04 1.179200131446e-03 1.529624918476e-03 1.689642551355e-03 1.751773525029e-03 1.802573679015e-03 1.851098728366e-03 1.886641955934e-03 1.942241913639e-03 1.997831044719e-03 1.957203960046e-03 1.839531003498e-03 1.884822733700e-03 2.503398107365e-03 2.947584958747e-03 3.105736104771e-03 2.828066237271e-03 2.518499270082e-03 2.129589673132e-03 1.786692999303e-03 1.464040949941e-03 1.365894917399e-03 1.126748509705e-03 1.254155882634e-03 1.479209982790e-03 1.555632450618e-03 1.715887337923e-03 2.067320514470e-03 2.498781541362e-03 2.733418485150e-03 2.692755544558e-03 2.542228670791e-03 3.114173421636e-03 4.181845113635e-03 4.859947133809e-03 4.387417342514e-03 3.290911437944e-03 2.824550727382e-03 3.263499354944e-03 3.858704119921e-03 5.180952604860e-03 5.795888602734e-03 6.683880463243e-03
4.361958999652e-04 7.347107748501e-04 9.125357610174e-04 1.036180998199e-03 1.114913378842e-03 1.183584798127e-03 1.249443739653e-03 1.304408884607e-03 1.370078418404e-03 1.437273924239e-03 1.446037902497e-03 1.399414148182e-03 1.345988712274e-03 1.298092189245e-03 1.312004984356e-03 1.487958244979e-03 1.569150132127e-03 1.547842053697e-03 1.420176587999e-03 1.354736159556e-03 1.165225054137e-03 1.092961989343e-03 9.657846530899e-04 1.277413568459e-03 1.574466587044e-03 1.724574365653e-03 1.714569050819e-03 1.693259808235e-03 2.063843887299e-03 2.295064972714e-03 2.350169466808e-03 2.335690660402e-03 3.164076711982e-03 4.427929408848e-03 4.885884001851e-03 4.077697638422e-03 2.882417291403e-03 2.840625820681e-03 3.412951249629e-03 3.832730697468e-03 4.435301758349e-03 5.102538503706e-03 5.239157937467e-03
3.527958760969e-04 6.009833305143e-04 7.577153155580e-04 8.333712466992e-04 8.872366743162e-04 9.328725864179e-04 9.663664386608e-04 9.726147982292e-04 1.003507291898e-03 1.042032265104e-03 1.050177612342e-03 1.032607164234e-03 1.015006680973e-03 9.917161660269e-04 1.031889580190e-03 1.185595174320e-03 1.260138815269e-03 1.243275473826e-03 1.149592222646e-03 1.074313186109e-03 1.132076838985e-03 1.098843524233e-03 9.596782037988e-04 1.275368267670e-03 1.608886057511e-03 1.812723814510e-03 1.836461015046e-03 1.778123085387e-03 1.816923962906e-03 1.990934368223e-03 2.073139883578e-03 2.186082536355e-03 3.149812342599e-03 4.335092846304e-03 4.463467281312e-03 3.510229289532e-03 2.668400760740e-03 2.934249350801e-03 3.575317095965e-03 3.776988713071e-03 3.932649735361e-03 4.252027720213e-03 3.904297947884e-03
3.390161728021e-04 5.431129829958e-04 6.891028024256e-04 7.565410342067e-04 7.855414296500e-04 8.103420259431e-04 8.190270746127e-04 8.062024717219e-04 8.097804384306e-04 8.199099684134e-04 8.277380256914e-04 8.591059013270e-04 8.838337380439e-04 9.038359276019e-04 9.275974589400e-04 9.630786371417e-04 1.029643579386e-03 1.044120639563e-03 1.053976011463e-03 1.010134816170e-03 1.040055532940e-03 1.086688600481e-03 9.645671816543e-04 1.208460540511e-03 1.526727923192e-03 1.738505205140e-03 1.775348791853e-03 1.732624485157e-03 1.827266067266e-03 1.879882765934e-03 1.915000146255e-03 2.045434666798e-03 2.957254648209e-03 3.895045025274e-03 3.783525666222e-03 3.018842777237e-03 2.613575896248e-03 3.146690549329e-03 3.620841307566e-03 3.534101182595e-03 3.422471461818e-03 3.449827432632e-03 3.180789295584e-03
3.176394093316e-04 5.042646662332e-04 6.328428280540e-04 6.899122963659e-04 7.142369286157e-04 7.320511504076e-04 7.338080904447e-04 7.175980717875e-04 7.195203215815e-04 7.737144478597e-04 8.203207398765e-04 8.622738532722e-04 8.993328665383e-04 9.304123232141e-04 9.585390216671e-04 9.857462719083e-04 1.005803351291e-03 1.008806633763e-03 9.886347688735e-04 9.606069652364e-04 9.627917897888e-04 1.048867008649e-03 9.912911336869e-04 1.096735941246e-03 1.366474665701e-03 1.553932204843e-03 1.792756607756e-03 1.956384861842e-03 1.963194459677e-03 1.899270224385e-03 1.856673625298e-03 1.908173086122e-03 2.601968124509e-03 3.248404711485e-03 3.110960358754e-03 2.694836584851e-03 2.823389135301e-03 3.202828112990e-03 3.425136907026e-03 3.107046941295e-03 2.868498442695e-03 2.725408878177e-03 2.721774857491e-03
2.930217888206e-04 4.643991997000e-04 5.818611825816e-04 6.362954736687e-04 6.591752171516e-04 6.688603316434e-04 6.636992911808e-04 6.715316558257e-04 6.750283646397e-04 7.324158796109e-04 7.844084175304e-04 8.330822456628e-04 8.777484181337e-04 9.151186095551e-04 9.440122521482e-04 9.626979008317e-04 9.649212006480e-04 1.042151940055e-03 1.064242911525e-03 9.878405835479e-04 9.006816544570e-04 9.627085528336e-04 9.822703432292e-04 9.861002909020e-04 1.202784245834e-03 1.358263310976e-03 1.635579508729e-03 1.900008879602e-03 1.962133450434e-03 1.897392910905e-03 1.820038305596e-03 1.801145030186e-03 2.078938763589e-03 2.522808499634e-03 2.476192312315e-03 2.288151066750e-03 2.442238153890e-03 2.714487025514e-03 2.807517768815e-03 2.443111967295e-03 2.249318640679e-03 2.085373038426e-03 2.051498740911e-03
2.722827484831e-04 4.322410968598e-04 5.437496001832e-04 5.979197449051e-04 6.176460883580e-04 6.186849204823e-04 6.085932254791e-04 6.226988625713e-04 6.455319235101e-04 6.684283725917e-04 7.132693426684e-04 7.637704838999e-04 8.104856824502e-04 8.497837116010e-04 8.781517390162e-04 9.144266950898e-04 1.002879813313e-03 1.128807081841e-03 1.184598891996e-03 1.152689103037e-03 1.055269734934e-03 9.389347396791e-04 9.657596237957e-04 9.778233943507e-04 1.071835751645e-03 1.196732162498e-03 1.233301940374e-03 1.479261438362e-03 1.673503546044e-03 1.732412725687e-03 1.711187302135e-03 1.737739308737e-03 1.790926326066e-03 1.850420027040e-03 1.838514930569e-03 1.777675235644e-03 1.875296118669e-03 2.187205944210e-03 2.326537854970e-03 1.911154598929e-03 1.704968279228e-03 1.522350357845e-03 1.678504515439e-03
2.572838566266e-04 4.096276243217e-04 5.172960227355e-04 5.686330841854e-04 5.822196253575e-04 5.773804150522e-04 5.672129918821e-04 5.647535435855e-04 5.949542974122e-04 6.184101803228e-04 6.238128407858e-04 6.690787849948e-04 7.141298265196e-04 7.527151028626e-04 7.860740879551e-04 8.730929112062e-04 1.020486466587e-03 1.164250890724e-03 1.261825440452e-03 1.291374093853e-03 1.256281742826e-03 1.181719708256e-03 1.091802609153e-03 1.009060535580e-03 9.708304423839e-04 1.070364145562e-03 1.093594706617e-03 1.047734636813e-03 1.276558614336e-03 1.464414992370e-03 1.588447717950e-03 1.679952838458e-03 1.735604135320e-03 1.679911976680e-03 1.506339292973e-03 1.471223658882e-03 1.654223888181e-03 2.075092634186e-03 2.403731457889e-03 2.157730748877e-03 1.587834791280e-03 1.421222230420e-03 1.614606473595e-03
2.518591063563e-04 4.003581707366e-04 5.037047667429e-04 5.490377661772e-04 5.561021971516e-04 5.480758845806e-04 5.437860381790e-04 5.511701456271e-04 5.478204693645e-04 5.569880595431e-04 5.728437099606e-04 6.291202153079e-04 6.919410079718e-04 7.571299211122e-04 8.148758788593e-04 8.931735064834e-04 1.038271235302e-03 1.185303670354e-03 1.317719812505e-03 1.399894012138e-03 1.414251164533e-03 1.379602705128e-03 1.320355455391e-03 1.259908312932e-03 1.224540290423e-03 1.201781793498e-03 1.157899154350e-03 1.092108082958e-03 1.263862126507e-03 1.417408348061e-03 1.532084308565e-03 1.636614557356e-03 1.691833022051e-03 1.580438343808e-03 1.503160223365e-03 1.546083018184e-03 1.666802098043e-03 2.005079528317e-03 2.315140562132e-03 2.098562428728e-03 1.620881608687e-03 1.415588776581e-03 1.609996194020e-03
2.561162400525e-04 4.050229617860e-04 5.050333566032e-04 5.447403527796e-04 5.469874595292e-04 5.357573973015e-04 5.354050081223e-04 5.399839719757e-04 5.519246915355e-04 5.549691268243e-04 5.894203204662e-04 6.486580823548e-04 7.065777899697e-04 7.617661030963e-04 8.064818684943e-04 9.200100321323e-04 1.084466115572e-03 1.240088138729e-03 1.390583347529e-03 1.499817706645e-03 1.535636954941e-03 1.513067632914e-03 1.457270234823e-03 1.387832686305e-03 1.330708502792e-03 1.273999339901e-03 1.178845996037e-03 1.079235575162e-03 1.238237950020e-03 1.371992519125e-03 1.486802357249e-03 1.597401453182e-03 1.634057029150e-03 1.501964405179e-03 1.524407067336e-03 1.570872846060e-03 1.704590977170e-03 1.943673123606e-03 2.091685542837e-03 1.838372205384e-03 1.504883985035e-03 1.314336783253e-03 1.494413474575e-03
2.627685607877e-04 4.142699472141e-04 5.127502954565e-04 5.491305491887e-04 5.485413712449e-04 5.466257571243e-04 5.698945024051e-04 5.861553363502e-04 5.954426014796e-04 5.969543708488e-04 5.917636444792e-04 6.234599277377e-04 6.849244819023e-04 7.663415744901e-04 7.927173282951e-04 9.018754353747e-04 1.110299373977e-03 1.290246029384e-03 1.432872260921e-03 1.522583770566e-03 1.542514190078e-03 1.501102233306e-03 1.423580572009e-03 1.332720974460e-03 1.247517415322e-03 1.161642023362e-03 1.040193717927e-03 1.078193308786e-03 1.214814372361e-03 1.335354871117e-03 1.445056986995e-03 1.536503899843e-03 1.537019154057e-03 1.416287850589e-03 1.555283088237e-03 1.949316821992e-03 1.845504157245e-03 1.924897660501e-03 1.854058704339e-03 1.568550127558e-03 1.362012815662e-03 1.195454970002e-03 1.356041524559e-03
2.591242373455e-04 4.071958828717e-04 5.010340246372e-04 5.346246762201e-04 5.338056944311e-04 5.488851456903e-04 5.639497539960e-04 5.713506834581e-04 5.733340512961e-04 5.699913017452e-04 5.673521081917e-04 6.367635796778e-04 7.410076214001e-04 8.298865286633e-04 8.564995368943e-04 8.380086510442e-04 1.061971765012e-03 1.246080850251e-03 1.349819358438e-03 1.386105548590e-03 1.366513432004e-03 1.292334403843e-03 1.193715608679e-03 1.108254538849e-03 1.039036083966e-03 9.645289392211e-04 9.643772500567e-04 1.069514080882e-03 1.190290902741e-03 1.298642833717e-03 1.393097802065e-03 1.445438945666e-03 1.405259128660e-03 1.358425593935e-03 1.619782298803e-03 1.737615442835e-03 1.763276057318e-03 1.933955005370e-03 1.875142566860e-03 1.537720556371e-03 1.324090175331e-03 1.217129640281e-03 1.316386274993e-03
2.373143652221e-04 3.705463022925e-04 4.532380844466e-04 4.824256757274e-04 5.089861224405e-04 5.311212735251e-04 5.215607816353e-04 5.032751942053e-04 4.974672920071e-04 5.294510046951e-04 5.781290819868e-04 6.684089894406e-04 7.901288918220e-04 8.822156814858e-04 9.079758310691e-04 8.929302566685e-04 9.723698603921e-04 1.128934905864e-03 1.187440706417e-03 1.174142467789e-03 1.115409890190e-03 1.012009219266e-03 9.697366040200e-04 1.147949020378e-03 1.163773704320e-03 1.115222694352e-03 1.092138001695e-03 1.096003456041e-03 1.157436752692e-03 1.251683104783e-03 1.317457878031e-03 1.319527276792e-03 1.239359029569e-03 1.254855073057e-03 1.474034506828e-03 2.085111802444e-03 1.800238038413e-03 2.523524453864e-03 2.239392371848e-03 1.881499425508e-03 1.594956498593e-03 1.313135144301e-03 1.482274383307e-03
2.443495905027e-04 3.601825446822e-04 4.420070908964e-04 5.107264732942e-04 5.627179052681e-04 5.749955307692e-04 5.582748563029e-04 5.267682136036e-04 4.900500643998e-04 5.346577381715e-04 5.925569566898e-04 7.020598859526e-04 8.367731934413e-04 9.305865969509e-04 9.559565223753e-04 9.411165956408e-04 8.927058661357e-04 1.028053462505e-03 1.067487522960e-03 1.127238268964e-03 1.532499794848e-03 1.405850169249e-03 1.052988925949e-03 1.197524834424e-03 1.162264496088e-03 1.070335740224e-03 1.016146154143e-03 1.021067379043e-03 1.117875450291e-03 1.190536539070e-03 1.215772121213e-03 1.168292947114e-03 1.062367344275e-03 1.127563533373e-03 1.249908353202e-03 1.853576977737e-03 2.326075220481e-03 3.666145727038e-03 3.390704747289e-03 2.229721052572e-03 1.697989180684e-03 1.564495265484e-03 1.931957318448e-03
