VariationalSeries/SI/f62.grd
DSAA
101	101
32.816463539100	34.260883539100
35.556306596100	36.727886596100
2.441465221636e-05	3.976239204407e+00
[rows 76 to 94 of 101, columns 0 to 42 of 101]
2.558614942245e-04 3.701709792949e-04 4.872128192801e-04 5.770879797637e-04 6.203002994880e-04 6.243560346775e-04 6.031845696270e-04 5.694421706721e-04 5.310676642694e-04 5.753928562626e-04 6.505171186291e-04 7.799835293554e-04 9.236604091711e-04 1.015800982714e-03 1.034361775964e-03 1.004228484817e-03 9.147225646302e-04 9.750683093444e-04 1.003877492622e-03 1.074949395843e-03 1.485594431870e-03 1.454772776924e-03 9.475254337303e-04 1.028426457196e-03 9.526952635497e-04 8.770226850174e-04 8.958783000708e-04 9.958622977138e-04 1.119758235291e-03 1.183258020319e-03 1.139098778367e-03 1.072711078450e-03 1.042875810526e-03 1.032667350955e-03 1.133356941864e-03 1.361559261568e-03 2.620029496029e-03 3.141649533063e-03 2.956771291792e-03 2.084963722154e-03 2.050187205896e-03 3.398597240448e-03 5.919866729528e-03
2.574662212282e-04 4.163933335803e-04 5.528474575840e-04 6.378479884006e-04 6.718111690134e-04 6.684898980893e-04 6.419988349080e-04 6.028037169017e-04 6.289283628576e-04 6.981288897805e-04 8.033619960770e-04 9.497997234575e-04 1.085236901417e-03 1.151224598289e-03 1.133472658694e-03 1.051395083778e-03 8.956653764471e-04 9.211067226715e-04 9.248565183952e-04 8.232934051193e-04 8.478554082103e-04 8.902516565286e-04 7.717647240497e-04 9.313612827100e-04 9.869002969936e-04 9.053495014086e-04 9.724124683999e-04 1.170920673758e-03 1.299405703321e-03 1.314079272561e-03 1.225616666488e-03 1.124609960243e-03 1.116747269407e-03 1.102231326513e-03 1.340304384939e-03 1.430641743354e-03 2.346386667341e-03 2.625505439937e-03 2.907716669142e-03 3.281526267529e-03 6.783891469240e-03 8.844418451190e-03 8.371843956411e-03
2.743031363934e-04 4.376502183732e-04 5.701959016733e-04 6.453735404648e-04 6.694337353110e-04 6.583294016309e-04 6.248388090171e-04 6.852715741843e-04 7.721372530796e-04 8.638380677439e-04 9.824309963733e-04 1.107476069592e-03 1.188210560940e-03 1.185826724395e-03 1.100908033550e-03 9.558781748638e-04 7.592827314511e-04 7.972036255524e-04 7.719182176515e-04 6.768542225473e-04 6.160707562231e-04 6.912553217262e-04 8.376305340789e-04 1.116639119573e-03 1.175878685899e-03 1.059546950273e-03 1.299719209783e-03 1.409720163792e-03 1.441637403332e-03 1.409713760950e-03 1.317954971455e-03 1.221535261720e-03 1.163197797723e-03 1.349121681415e-03 1.738683087751e-03 2.233458217233e-03 2.942009828985e-03 3.624639706686e-03 3.057145746425e-03 7.994930259883e-03 9.209628216922e-03 8.951012976468e-03 8.808882907033e-03
2.478628885001e-04 3.918359579984e-04 5.052726482973e-04 5.661898758262e-04 5.816819029860e-04 5.656462744810e-04 6.519815069623e-04 7.419941248372e-04 8.140119607560e-04 8.855300839059e-04 9.606159874238e-04 1.016245805658e-03 1.022229669616e-03 9.621127974242e-04 8.496182272211e-04 7.104056421667e-04 6.662691594101e-04 6.429241620935e-04 6.011017248966e-04 5.528680048883e-04 5.705002695322e-04 6.352699128911e-04 1.005402766168e-03 1.367605873384e-03 1.478789839894e-03 1.555569237098e-03 1.594913075678e-03 1.606992329471e-03 1.513806637377e-03 1.423589768820e-03 1.347175799310e-03 1.278920215555e-03 1.421059481800e-03 1.688738702796e-03 2.154384274036e-03 2.483913907781e-03 2.423408441246e-03 3.921393770725e-03 4.698890727013e-03 7.036973256618e-03 7.875801064074e-03 7.968901656568e-03 8.067858405411e-03
2.059841208393e-04 3.298975643702e-04 4.023540241178e-04 4.377081640996e-04 4.493856686167e-04 5.253546987660e-04 6.034618127160e-04 6.514706765302e-04 6.735420320183e-04 6.931274547242e-04 7.159106316976e-04 7.293309899978e-04 7.149084703997e-04 6.614456651732e-04 6.820927374065e-04 6.982308113948e-04 6.908536306582e-04 6.554779829457e-04 5.998341366649e-04 5.411884631030e-04 5.373440799303e-04 6.629414274357e-04 1.132148783654e-03 1.555748167448e-03 1.763015636243e-03 1.873190281913e-03 1.886683283374e-03 1.941209542565e-03 1.890872605145e-03 1.626891084015e-03 1.398491091095e-03 1.345034455881e-03 1.564612844959e-03 1.716142171063e-03 1.816328498535e-03 1.935734762810e-03 2.572436118498e-03 3.781973384321e-03 5.003964528441e-03 5.098446272314e-03 7.973584346473e-03 9.562870487571e-03 7.501060608774e-03
2.813896862790e-04 4.282296577003e-04 5.181891028769e-04 5.548311164603e-04 5.778965423815e-04 5.883236299269e-04 5.917472881265e-04 5.878607626073e-04 5.766340764239e-04 5.611645756289e-04 5.878945812583e-04 6.388949113898e-04 6.832503131591e-04 7.216353551485e-04 7.487278780900e-04 7.556209457107e-04 7.345060002990e-04 6.830233614892e-04 6.114640273154e-04 5.924013676122e-04 5.646742065437e-04 7.148244767450e-04 1.166718779132e-03 1.605549827218e-03 3.989481367171e-03 1.182115264237e-02 1.258506812155e-02 5.666399840266e-03 3.296938259155e-03 2.599338302389e-03 1.844937447459e-03 1.419630250894e-03 1.656393869780e-03 2.173468237743e-03 1.785228145309e-03 2.099634381011e-03 2.327312715352e-03 3.902754280716e-03 6.828648969531e-03 6.709374487400e-03 7.436240557581e-03 9.823423810303e-03 1.349661499262e-02
3.981142072007e-04 5.914487992413e-04 7.036199094728e-04 7.618084200658e-04 7.786450441927e-04 7.742660818622e-04 7.586401188746e-04 7.348167710006e-04 7.045938982628e-04 6.799964467064e-04 7.995256455615e-04 9.186837705784e-04 1.022214768454e-03 1.093280268833e-03 1.117335166782e-03 1.087450771593e-03 1.004077144898e-03 8.733114227653e-04 8.030213066377e-04 7.634612265974e-04 7.151156896725e-04 8.322763605975e-04 1.167015405372e-03 2.612979616970e-03 1.105940062553e-02 3.187499940395e-02 3.487360849977e-02 1.754158362746e-02 7.598685100675e-03 3.730738535523e-03 2.409345703200e-03 1.802346552722e-03 1.652278937399e-03 2.317617414519e-03 2.548763761297e-03 2.645042259246e-03 2.369288355112e-03 3.517274279147e-03 8.047834970057e-03 1.211669109762e-02 8.005280978978e-03 7.767249830067e-03 1.717575080693e-02
4.999468801543e-04 7.137708016671e-04 8.539492264390e-04 9.082161705010e-04 9.058442665264e-04 8.760342607275e-04 8.332537836395e-04 8.112686336972e-04 9.548662928864e-04 1.165202818811e-03 1.382391084917e-03 1.587640494108e-03 1.762515981682e-03 1.900716102682e-03 1.996324397624e-03 2.031317679211e-03 1.979361521080e-03 1.809787820093e-03 1.493430696428e-03 1.102221780457e-03 1.019627554342e-03 1.042734249495e-03 2.295156242326e-03 4.170080181211e-03 1.195414643735e-02 9.971104562283e-02 1.898727416992e-01 4.115628823638e-02 1.797462254763e-02 6.350031588227e-03 2.950400114059e-03 2.230565063655e-03 2.194080734625e-03 3.050740808249e-03 3.668088931590e-03 3.579293144867e-03 2.958973869681e-03 4.283554386348e-03 6.779877468944e-03 1.487546693534e-02 1.498122699559e-02 7.414885796607e-03 1.789650507271e-02
5.319061456248e-04 7.439659093507e-04 8.694342104718e-04 8.994843228720e-04 8.690208778717e-04 9.064518962987e-04 1.001117401756e-03 1.063697040081e-03 1.278165611438e-03 1.574275200255e-03 1.883291522972e-03 2.176924142987e-03 2.434973837808e-03 2.665561391041e-03 2.887119539082e-03 3.097279695794e-03 3.238034434617e-03 3.182701766491e-03 2.760119736195e-03 1.983614871278e-03 1.517954980955e-03 2.161872573197e-03 3.798858029768e-03 5.382553674281e-03 2.361544221640e-02 5.731670930982e-02 7.497376948595e-02 2.275332249701e-02 8.758187294006e-03 5.099252797663e-03 4.288730211556e-03 5.218295380473e-03 6.740783341229e-03 6.260296795517e-03 4.599982872605e-03 4.511365201324e-03 3.744442714378e-03 4.371709190309e-03 4.811067134142e-03 9.778073988855e-03 1.302749663591e-02 8.386403322220e-03 3.159363940358e-02
7.269117631949e-04 1.150721567683e-03 1.450096489862e-03 1.619794056751e-03 1.713838544674e-03 1.749555580318e-03 1.731456490234e-03 1.667083706707e-03 1.568788662553e-03 1.634906395338e-03 1.974590355530e-03 2.317429520190e-03 2.643469488248e-03 2.956594107673e-03 3.290500957519e-03 3.683526301757e-03 4.064986947924e-03 4.205769859254e-03 3.792311297730e-03 3.498529084027e-03 3.427129238844e-03 3.687540069222e-03 4.780238028616e-03 6.432189140469e-03 1.227369438857e-02 4.536001477391e-03 3.542457008734e-03 3.542878199369e-03 4.090669564903e-03 4.174305591732e-03 4.688548389822e-03 3.258693963289e-02 2.153211645782e-02 1.688699424267e-02 1.021329686046e-02 1.512578316033e-02 1.394905429333e-02 6.573104299605e-03 5.055946297944e-03 6.038675084710e-03 9.015227667987e-03 2.412942238152e-02 3.666895627975e-02
1.333977212198e-03 2.072887960821e-03 2.538372995332e-03 2.726342761889e-03 2.755494555458e-03 2.685284009203e-03 2.546255011111e-03 2.364706946537e-03 2.212623134255e-03 2.292570658028e-03 2.349006477743e-03 2.366610104218e-03 2.545944880694e-03 2.892525633797e-03 3.219304373488e-03 3.585530910641e-03 3.947311080992e-03 5.803535226732e-03 7.494517136365e-03 7.551393937320e-03 7.736617699265e-03 7.692442741245e-03 5.653392989188e-03 6.770488806069e-03 3.349608741701e-03 2.533161547035e-03 2.303196350113e-03 1.995295519009e-03 2.261079847813e-03 3.158431034535e-03 7.020611315966e-03 3.862112015486e-02 2.769992314279e-02 1.903471350670e-02 1.652555167675e-02 3.515581041574e-02 3.360777720809e-02 1.524499431252e-02 1.153249107301e-02 1.058851927519e-02 1.348716299981e-02 2.282046899199e-02 4.049854725599e-02
1.930456957780e-03 2.938025863841e-03 3.458451014012e-03 3.590320702642e-03 4.402686841786e-03 4.741137847304e-03 4.667052067816e-03 4.354943986982e-03 3.930470906198e-03 3.475735895336e-03 3.508916823193e-03 3.430593991652e-03 3.665137570351e-03 4.227521829307e-03 4.632090218365e-03 4.999041557312e-03 6.096286233515e-03 6.577642168850e-03 5.755139514804e-03 6.583898328245e-03 6.917131599039e-03 5.693963263184e-03 4.637568723410e-03 2.640676219016e-03 2.318066312000e-03 1.783484476618e-03 1.477943500504e-03 1.185317290947e-03 1.084498828277e-03 1.937071909197e-03 3.087396267802e-03 1.617150008678e-02 2.167545258999e-02 3.315862640738e-02 3.528063744307e-02 4.459850862622e-02 3.213013336062e-02 1.513463538140e-02 2.394474856555e-02 2.447832748294e-02 1.682348735631e-02 2.183485776186e-02 6.999067217112e-02
2.263459376991e-03 3.411146812141e-03 3.946553915739e-03 4.453215282410e-03 5.405936390162e-03 5.778564140201e-03 5.654176231474e-03 5.242598708719e-03 4.686902277172e-03 4.089746624231e-03 3.603376680985e-03 3.965727053583e-03 4.588730633259e-03 5.270383786410e-03 5.732632707804e-03 5.890449509025e-03 5.530307069421e-03 4.552535712719e-03 3.602060955018e-03 3.118274500594e-03 2.659233286977e-03 1.869151135907e-03 1.632559578866e-03 1.559718977660e-03 1.388042699546e-03 1.131656463258e-03 8.718412718736e-04 8.260897593573e-04 1.053078216501e-03 1.587324659340e-03 2.289790194482e-03 8.965485729277e-03 9.918328374624e-03 1.944617368281e-02 2.259485237300e-02 5.059175565839e-02 4.460123181343e-02 2.419915609062e-02 2.207127958536e-02 9.463403373957e-02 2.227732539177e-01 5.712839215994e-02 3.509548306465e-02
1.688781194389e-03 2.520707901567e-03 2.880858723074e-03 2.950717462227e-03 3.525920677930e-03 3.730343189090e-03 3.628461854532e-03 3.351654624566e-03 2.986036939546e-03 2.598830498755e-03 2.405846957117e-03 2.591732889414e-03 2.694228431210e-03 2.713904017583e-03 2.656030002981e-03 2.698271535337e-03 2.422933932394e-03 1.915325061418e-03 2.229628153145e-03 2.101863268763e-03 1.675117760897e-03 1.218528603204e-03 1.139332889579e-03 1.014744630083e-03 8.478838135488e-04 6.661047809757e-04 7.551605813205e-04 1.050914754160e-03 1.318373484537e-03 2.751410007477e-03 3.491719951853e-03 5.109956488013e-03 8.771345950663e-03 6.627062801272e-03 5.728066433221e-03 7.102711126208e-03 4.352204129100e-02 2.592148445547e-02 1.971376501024e-02 1.265625804663e-01 2.794014513493e-01 3.046107850969e-02 1.097397599369e-02
7.992054452188e-04 1.180556253530e-03 1.382386428304e-03 1.571743865497e-03 1.645914046094e-03 1.728595350869e-03 1.746062887833e-03 1.654192223214e-03 1.571709406562e-03 1.548091880977e-03 1.518496079370e-03 1.394233899191e-03 1.446534879506e-03 1.488133333623e-03 1.477226847783e-03 1.398163149133e-03 1.846454455517e-03 2.356571611017e-03 2.219906076789e-03 1.660968293436e-03 1.059772912413e-03 7.678691181354e-04 6.955988355912e-04 6.021042354405e-04 5.015516071580e-04 7.684954907745e-04 1.184532069601e-03 1.582817989402e-03 2.207126235589e-03 3.602981567383e-03 4.878312349319e-03 6.579179782420e-03 7.504411041737e-03 6.998573895544e-03 3.929439932108e-03 4.558109678328e-03 9.011888876557e-03 2.242362871766e-02 3.736321628094e-02 3.936700522900e-02 2.069189772010e-02 7.848422043025e-03 7.322509773076e-03
5.267189117149e-04 7.673031068407e-04 9.730397723615e-04 1.099508837797e-03 1.149243209511e-03 1.144206733443e-03 1.116622006521e-03 1.063553849235e-03 1.000708783977e-03 9.343040292151e-04 8.663228363730e-04 7.985817501321e-04 7.337244460359e-04 7.130594458431e-04 7.038814364932e-04 1.006739679724e-03 1.713845296763e-03 2.026019385085e-03 1.732671982609e-03 1.193386618979e-03 7.261246792041e-04 4.622752021533e-04 4.611473996192e-04 5.044267745689e-04 6.856865948066e-04 1.167067210190e-03 1.761378953233e-03 2.488564234227e-03 3.563121194020e-03 4.826990887523e-03 7.224077824503e-03 7.456703577191e-03 6.723261903971e-03 3.677056403831e-03 2.778730820864e-03 3.782454645261e-03 4.698677454144e-03 1.747211441398e-02 4.402692243457e-02 2.519294619560e-02 1.473813969642e-02 6.700092926621e-03 6.357299629599e-03
3.673259925563e-04 5.318924668245e-04 6.652508163825e-04 7.479927735403e-04 7.852323469706e-04 7.899773190729e-04 7.729525677860e-04 7.410767138936e-04 6.991715054028e-04 6.496402784251e-04 5.953118670732e-04 5.376143963076e-04 5.671033868566e-04 5.702216876671e-04 5.262750783004e-04 5.964412121102e-04 1.067197998054e-03 1.326925586909e-03 1.238685683347e-03 9.681787341833e-04 6.833660299890e-04 4.590798635036e-04 4.931486910209e-04 5.664000054821e-04 9.686443954706e-04 2.151147229597e-03 4.605771973729e-03 4.269040189683e-03 3.517449833453e-03 6.512385327369e-03 8.869227021933e-03 7.609088905156e-03 5.443262867630e-03 2.573419595137e-03 2.733450382948e-03 3.752780845389e-03 5.278941709548e-03 1.938297972083e-02 3.263816982508e-02 1.487363688648e-02 8.599199354649e-03 5.350974854082e-03 4.799212794751e-03
2.464592398610e-04 3.535796713550e-04 4.385366919450e-04 4.903516382910e-04 5.131668294780e-04 5.155510152690e-04 5.035139620304e-04 4.809231322724e-04 4.500729264691e-04 4.129082662985e-04 4.059057973791e-04 4.560782690533e-04 4.757710266858e-04 4.549085861072e-04 4.385644569993e-04 5.015617934987e-04 5.569368368015e-04 6.777948583476e-04 7.742596790195e-04 7.464367663488e-04 6.347041926347e-04 5.010202876292e-04 5.262713530101e-04 7.225574227050e-04 1.260695513338e-03 3.749705385417e-03 5.371342878789e-03 3.189188428223e-03 3.580661723390e-03 6.888166535646e-03 9.327722713351e-03 7.390740327537e-03 5.166303832084e-03 3.544315928593e-03 3.879734547809e-03 3.750882577151e-03 8.393759839237e-03 3.373634442687e-02 2.458778955042e-02 6.302986759692e-03 1.264772005379e-02 5.463992245495e-03 3.710531396791e-03
1.455318852095e-04 2.069279580610e-04 2.547728945501e-04 2.830379526131e-04 2.944121079054e-04 2.939055848401e-04 2.848765871022e-04 2.694688446354e-04 2.557732805144e-04 3.120121837128e-04 3.649803402368e-04 3.996460291091e-04 4.024914524052e-04 4.478510527406e-04 5.178060382605e-04 5.886057624593e-04 6.504037301056e-04 6.905827904120e-04 6.968532688916e-04 6.645774701610e-04 6.058571743779e-04 5.617876886390e-04 6.243314128369e-04 9.003735031001e-04 1.520524965599e-03 4.204603843391e-03 4.437407478690e-03 3.514103824273e-03 3.199947997928e-03 6.162798497826e-03 8.637124672532e-03 6.732553243637e-03 6.601096596569e-03 4.454140085727e-03 4.674525000155e-03 3.479657461867e-03 8.044054731727e-03 2.113560773432e-02 1.065394002944e-02 7.417893968523e-03 1.678583212197e-02 5.386590026319e-03 2.838729415089e-03
