VariationalSeries/SI/f62.grd
DSAA
101	101
32.816463539100	34.260883539100
35.556306596100	36.727886596100
2.441465221636e-05	3.976239204407e+00
[rows 0 to 18 of 101, columns 0 to 42 of 101]
3.691542660818e-03 6.599114276469e-03 5.849396344274e-03 3.502991981804e-03 2.936118980870e-03 3.824327373877e-03 7.620223332196e-03 1.062370277941e-02 9.501685388386e-03 5.673957988620e-03 3.589492524043e-03 4.125480074435e-03 4.379578866065e-03 4.228420089930e-03 3.625910030678e-03 5.531622562557e-03 8.313876576722e-03 9.620716795325e-03 6.851975806057e-03 4.455519374460e-03 5.066913086921e-03 5.417951382697e-03 4.005910828710e-03 3.592553315684e-03 3.813044633716e-03 5.210635717958e-03 7.605815771967e-03 8.687329478562e-03 1.130389701575e-02 9.007230401039e-03 6.923473440111e-03 6.505525205284e-03 5.645104683936e-03 4.478888120502e-03 3.656340995803e-03 3.539386438206e-03 3.253196598962e-03 4.401933401823e-03 6.178631447256e-03 7.087577134371e-03 5.936510860920e-03 5.027960985899e-03 4.790250677615e-03
6.832011044025e-03 1.289399713278e-02 1.264944951981e-02 8.838236331940e-03 6.227235309780e-03 7.394596468657e-03 1.466545369476e-02 2.028231881559e-02 1.794512942433e-02 1.045689266175e-02 6.163264159113e-03 7.048315368593e-03 7.443841081113e-03 7.086861412972e-03 6.197284441441e-03 8.225921541452e-03 1.309708412737e-02 1.714247092605e-02 1.547371316701e-02 9.222093969584e-03 9.241828694940e-03 1.414948888123e-02 7.440907415003e-03 6.675373297185e-03 7.863047532737e-03 1.017993129790e-02 1.275019068271e-02 1.455676928163e-02 2.149596065283e-02 1.673442497849e-02 1.125307288021e-02 1.019733306020e-02 9.511429816484e-03 7.724429480731e-03 8.309326134622e-03 8.688204921782e-03 8.734827861190e-03 9.789880365133e-03 1.231546048075e-02 1.239480543882e-02 9.170528501272e-03 9.068793617189e-03 9.909475222230e-03
6.680874153972e-03 1.371444761753e-02 1.537426002324e-02 1.317209191620e-02 8.470418862998e-03 8.536070585251e-03 1.696899905801e-02 2.305653691292e-02 1.975641027093e-02 1.082716695964e-02 7.782897911966e-03 8.774411864579e-03 9.066184982657e-03 8.389136753976e-03 6.908454466611e-03 6.667318753898e-03 8.598431944847e-03 1.284568104893e-02 1.468866690993e-02 1.193900592625e-02 1.458480302244e-02 2.187360078096e-02 9.575847536325e-03 8.268351666629e-03 1.045485772192e-02 1.265205908567e-02 1.313115190715e-02 1.320811454207e-02 2.505175769329e-02 1.876636967063e-02 1.090225297958e-02 9.347443468869e-03 1.301508117467e-02 6.926613394171e-03 7.818286307156e-03 8.977706544101e-03 1.123444456607e-02 1.423500198871e-02 1.488603278995e-02 1.233332417905e-02 1.270409114659e-02 8.412453345954e-03 1.110713183880e-02
5.924735218287e-03 1.304200012237e-02 1.555523369461e-02 1.590338908136e-02 1.278761681169e-02 8.739790879190e-03 1.773546263576e-02 2.358871139586e-02 1.909067109227e-02 9.297641925514e-03 8.612522855401e-03 9.507345035672e-03 9.467154741287e-03 8.423722349107e-03 6.699088495225e-03 6.805125623941e-03 6.495555862784e-03 7.456635124981e-03 9.705558419228e-03 1.102313026786e-02 2.446380816400e-02 2.783803828061e-02 1.071459893137e-02 9.079447947443e-03 1.152997184545e-02 1.321826502681e-02 1.264274306595e-02 1.204922143370e-02 2.509342879057e-02 1.824423298240e-02 9.245522320271e-03 7.516318466514e-03 1.500161830336e-02 7.976059801877e-03 8.740238845348e-03 1.236241310835e-02 1.529705617577e-02 1.594163663685e-02 1.349340286106e-02 1.565030217171e-02 1.533192116767e-02 9.339240379632e-03 1.018234249204e-02
5.795203614980e-03 1.247678324580e-02 1.477142423391e-02 1.634372770786e-02 1.564435847104e-02 1.106047350913e-02 1.809629797935e-02 2.356310002506e-02 1.789371296763e-02 7.884185761213e-03 9.236091747880e-03 9.831994771957e-03 9.519373998046e-03 9.475251659751e-03 8.698380552232e-03 7.344334851950e-03 7.174590602517e-03 7.077391259372e-03 9.989205747843e-03 2.024811878800e-02 3.400788828731e-02 3.058378770947e-02 1.149687450379e-02 1.293671224266e-02 1.153415255249e-02 1.291333977133e-02 1.158148236573e-02 1.199236419052e-02 2.375199832022e-02 1.718549244106e-02 1.092584524304e-02 8.545985445380e-03 1.599420607090e-02 9.790888056159e-03 1.374110393226e-02 1.644988358021e-02 1.663063280284e-02 1.403839141130e-02 9.664471261203e-03 1.605717092752e-02 1.864909380674e-02 1.247558183968e-02 8.071310818195e-03
5.414668470621e-03 1.088264770806e-02 1.315238047391e-02 1.439154613763e-02 1.597121730447e-02 1.330084726214e-02 1.807970553637e-02 2.280161529779e-02 1.612399891019e-02 8.754487149417e-03 9.807262569666e-03 1.076718233526e-02 1.147583220154e-02 1.110544614494e-02 9.990361519158e-03 8.130596019328e-03 6.595676764846e-03 7.494381628931e-03 1.590820588171e-02 2.887087874115e-02 3.956997767091e-02 3.020948171616e-02 1.301441248506e-02 1.969707384706e-02 1.211171690375e-02 1.210767962039e-02 1.037327945232e-02 1.306507550180e-02 2.124567329884e-02 1.718629337847e-02 1.104205194861e-02 9.355595335364e-03 1.854661293328e-02 1.466334611177e-02 1.740453951061e-02 1.720655336976e-02 1.428177673370e-02 9.876164607704e-03 1.088632736355e-02 1.510061509907e-02 2.283538132906e-02 1.449101511389e-02 7.854335010052e-03
6.817764602602e-03 1.211212854832e-02 1.116793323308e-02 1.105466671288e-02 1.378272287548e-02 1.335584465414e-02 1.779314689338e-02 2.178961224854e-02 1.446688361466e-02 9.652572683990e-03 1.083066500723e-02 1.232527010143e-02 1.248855702579e-02 1.161272358149e-02 9.883184917271e-03 9.326264262199e-03 8.849336765707e-03 1.101586502045e-02 2.147581242025e-02 3.449927270412e-02 4.097793623805e-02 2.758987620473e-02 1.721634529531e-02 2.496500872076e-02 1.754715107381e-02 1.102276705205e-02 1.018484961241e-02 2.421504631639e-02 3.392954543233e-02 2.189027704298e-02 1.224639452994e-02 1.040432974696e-02 2.036665938795e-02 1.719093881547e-02 1.718993671238e-02 1.427359413356e-02 9.949751198292e-03 1.090967003256e-02 1.579884439707e-02 1.993733085692e-02 2.344407327473e-02 1.727399788797e-02 7.826265878975e-03
6.914752535522e-03 1.383417937905e-02 1.429838500917e-02 1.035299524665e-02 9.872153401375e-03 1.117646880448e-02 1.754346489906e-02 2.130029536784e-02 1.347119547427e-02 1.043223310262e-02 1.222870126367e-02 1.305256504565e-02 1.262072101235e-02 1.113327406347e-02 1.043199375272e-02 1.181521452963e-02 1.316871866584e-02 1.454475987703e-02 2.633131109178e-02 3.743404522538e-02 4.022094979882e-02 2.479589171708e-02 1.867834478617e-02 2.744876593351e-02 2.134099602699e-02 1.359428465366e-02 9.764526039362e-03 3.678917139769e-02 4.754011705518e-02 2.566386014223e-02 1.338312402368e-02 1.253834180534e-02 2.011358551681e-02 1.578135974705e-02 1.461309753358e-02 1.037241052836e-02 1.044230349362e-02 1.554702408612e-02 2.053265273571e-02 2.267654612660e-02 2.060880325735e-02 2.153246849775e-02 9.029790759087e-03
5.978628061712e-03 1.307353470474e-02 1.626100391150e-02 1.480583008379e-02 9.839980863035e-03 9.661695919931e-03 1.735095307231e-02 2.111223712564e-02 1.296445634216e-02 1.165179349482e-02 1.296528708190e-02 1.309065986425e-02 1.198234688491e-02 1.031839288771e-02 1.088582538068e-02 1.256199833006e-02 1.703588478267e-02 1.745896972716e-02 2.906368859112e-02 3.686695545912e-02 3.649853914976e-02 2.151772007346e-02 1.904948987067e-02 2.624335698783e-02 2.302282117307e-02 1.569811627269e-02 1.232268102467e-02 4.745503887534e-02 5.548995360732e-02 2.827242761850e-02 1.466584485024e-02 1.195230986923e-02 2.040413767099e-02 1.361271832138e-02 1.604210212827e-02 1.609782688320e-02 1.558217685670e-02 2.089181356132e-02 2.403029054403e-02 2.271573245525e-02 1.668682508171e-02 2.672304026783e-02 1.060477923602e-02
6.053897086531e-03 1.085419859737e-02 1.532388199121e-02 1.736309006810e-02 1.481483504176e-02 9.714414365590e-03 1.739183440804e-02 2.107631787658e-02 1.266591344029e-02 1.232862472534e-02 1.300047524273e-02 1.244552340358e-02 1.358508039266e-02 1.479230728000e-02 1.546861510724e-02 1.568347215652e-02 1.849234290421e-02 2.022068202496e-02 2.992435358465e-02 3.419749811292e-02 3.162200748920e-02 1.833792403340e-02 1.719976961613e-02 2.293461933732e-02 2.223783358932e-02 1.613225229084e-02 1.332348119467e-02 5.384786054492e-02 5.893735960126e-02 2.928853966296e-02 1.285971794277e-02 1.037867926061e-02 2.211292646825e-02 1.351153571159e-02 1.642438210547e-02 1.675759442151e-02 2.165123447776e-02 2.493236772716e-02 2.439396642148e-02 1.953849755228e-02 1.395929418504e-02 2.902664244175e-02 1.478898711503e-02
6.078247446567e-03 1.217903196812e-02 1.262996625155e-02 1.660272479057e-02 1.817450858653e-02 1.462090294808e-02 1.723689027131e-02 2.073924802244e-02 1.224859990180e-02 1.245340052992e-02 1.366138365120e-02 1.599010825157e-02 1.772667095065e-02 1.868749968708e-02 1.913038082421e-02 1.929429545999e-02 1.908862590790e-02 2.510394155979e-02 3.520147129893e-02 3.730891272426e-02 3.135750815272e-02 2.317716553807e-02 1.627204939723e-02 1.955942250788e-02 2.005800791085e-02 1.436906307936e-02 1.546392496675e-02 5.680776759982e-02 6.030185148120e-02 2.868157252669e-02 1.235504727811e-02 1.172545365989e-02 2.166430279613e-02 1.439126208425e-02 1.910648681223e-02 2.317337878048e-02 2.584630437195e-02 2.535325475037e-02 2.103032916784e-02 1.624152064323e-02 1.582664810121e-02 2.788228169084e-02 1.923518069088e-02
5.143329035491e-03 1.083410903811e-02 1.297344267368e-02 1.380126085132e-02 1.793686300516e-02 1.891587302089e-02 1.671537756920e-02 1.998521573842e-02 1.216116361320e-02 1.472440548241e-02 1.713261008263e-02 1.909154839814e-02 2.042989619076e-02 2.119150012732e-02 2.144481241703e-02 2.139589004219e-02 2.116553112864e-02 3.339039161801e-02 4.565780982375e-02 4.746045544744e-02 4.089377447963e-02 3.203673288226e-02 2.343468181789e-02 1.659845001996e-02 2.341617457569e-02 2.243953570724e-02 1.898201927543e-02 5.450838059187e-02 5.335027351975e-02 2.609464153647e-02 1.600288972259e-02 1.894507929683e-02 2.044736407697e-02 2.295155823231e-02 2.602756023407e-02 2.719465829432e-02 2.608044445515e-02 2.257362194359e-02 2.157134935260e-02 2.499241568148e-02 1.882213912904e-02 2.382959425449e-02 2.292955480516e-02
4.442160017788e-03 8.456175215542e-03 1.078920718282e-02 1.277126558125e-02 1.515676733106e-02 1.921882294118e-02 1.932210475206e-02 1.890486478806e-02 1.509393472224e-02 1.754996553063e-02 1.930407062173e-02 2.041644044220e-02 2.107725106180e-02 2.143821865320e-02 2.145526930690e-02 2.133329771459e-02 2.132296562195e-02 3.672758117318e-02 4.963787272573e-02 5.069363117218e-02 4.382513090968e-02 3.567794337869e-02 2.787831798196e-02 2.038012444973e-02 3.146622702479e-02 3.042645193636e-02 2.565559372306e-02 4.745376855135e-02 4.185463860631e-02 2.218874730170e-02 2.798837237060e-02 3.159546479583e-02 3.148067742586e-02 3.045331314206e-02 2.959518879652e-02 2.875000610948e-02 2.788199856877e-02 2.645576931536e-02 2.420049719512e-02 3.385353088379e-02 2.106516994536e-02 1.811426505446e-02 2.954349294305e-02
5.500667262822e-03 1.067783776671e-02 1.049991231412e-02 9.814278222620e-03 1.203321199864e-02 1.647963188589e-02 2.056046947837e-02 1.962517015636e-02 1.679055579007e-02 1.866004057229e-02 1.959101296961e-02 1.988383196294e-02 1.972918584943e-02 1.926864869893e-02 1.875303313136e-02 1.864232309163e-02 1.910212822258e-02 3.369451314211e-02 4.464120790362e-02 4.614906758070e-02 4.143141955137e-02 3.511753305793e-02 2.897922880948e-02 2.288916148245e-02 3.106994181871e-02 3.210159391165e-02 2.835796400905e-02 3.881866857409e-02 3.052710555494e-02 2.432851493359e-02 3.285061568022e-02 3.717395663261e-02 3.547637909651e-02 3.197418525815e-02 2.879653126001e-02 2.708436734974e-02 2.557961642742e-02 2.383279241621e-02 2.178536914289e-02 3.579467907548e-02 3.279607743025e-02 1.867140643299e-02 3.354939445853e-02
7.095306646079e-03 1.419242564589e-02 1.425969228148e-02 1.399295870215e-02 1.353074423969e-02 1.285745855421e-02 1.801755838096e-02 2.196713164449e-02 1.943110488355e-02 1.824223436415e-02 1.847206242383e-02 1.806230843067e-02 1.724451221526e-02 1.615780033171e-02 1.521096564829e-02 1.539383549243e-02 1.555298827589e-02 2.659725211561e-02 3.428485244513e-02 3.616282716393e-02 3.383673354983e-02 3.038033656776e-02 2.680397592485e-02 2.296959236264e-02 2.432506531477e-02 2.653751149774e-02 2.593320608139e-02 3.944722935557e-02 2.237082459033e-02 2.469462156296e-02 3.200184926391e-02 3.555970638990e-02 3.405068814754e-02 2.816397324204e-02 2.083550579846e-02 2.151811495423e-02 1.835023425519e-02 1.942287757993e-02 1.891777478158e-02 2.950089983642e-02 4.373722150922e-02 1.892694644630e-02 3.372315317392e-02
7.200361695141e-03 1.463192235678e-02 1.515609305352e-02 1.588282920420e-02 1.643457636237e-02 1.658111624420e-02 1.646627858281e-02 1.972806081176e-02 2.295470051467e-02 1.842676475644e-02 1.657669432461e-02 1.570690795779e-02 1.458988711238e-02 1.373852882534e-02 1.478938944638e-02 1.573367416859e-02 1.676541194320e-02 2.186954393983e-02 2.398679219186e-02 2.572735399008e-02 2.519666403532e-02 2.337243407965e-02 2.181804180145e-02 2.067739143968e-02 1.979022845626e-02 1.941959001124e-02 2.571717649698e-02 4.173973202705e-02 2.850452437997e-02 2.789260447025e-02 3.313186764717e-02 3.365298733115e-02 2.825554087758e-02 2.827117778361e-02 1.527349092066e-02 2.553929761052e-02 2.434891648591e-02 2.256034873426e-02 1.935966126621e-02 2.065750211477e-02 4.961755871773e-02 2.700429037213e-02 2.987470477819e-02
7.778663653880e-03 1.342770364136e-02 1.339111942798e-02 1.398448739201e-02 1.517570205033e-02 1.668966934085e-02 1.768715307117e-02 1.819300651550e-02 2.111249044538e-02 2.234799042344e-02 1.920086145401e-02 1.851011626422e-02 1.865320652723e-02 1.691258139908e-02 1.524946000427e-02 1.728744059801e-02 1.909205131233e-02 2.249650470912e-02 2.270589768887e-02 1.902488991618e-02 1.719104871154e-02 2.019030041993e-02 2.528447657824e-02 2.628785371780e-02 2.375679276884e-02 1.914939470589e-02 2.846640907228e-02 4.246331378818e-02 2.863225527108e-02 3.009353391826e-02 3.167335689068e-02 3.254444524646e-02 3.498801589012e-02 3.144087642431e-02 1.916491426528e-02 2.874531224370e-02 2.707967348397e-02 2.240639925003e-02 1.687346957624e-02 2.015094459057e-02 4.758371785283e-02 4.143904522061e-02 2.334857359529e-02
8.874349296093e-03 1.634603552520e-02 1.760187558830e-02 1.518363971263e-02 1.404821500182e-02 1.518169604242e-02 1.549225300550e-02 1.532568130642e-02 1.657367125154e-02 2.056616917253e-02 2.241371758282e-02 2.310950122774e-02 2.318919263780e-02 2.132226340473e-02 2.096590958536e-02 2.024809271097e-02 1.902833208442e-02 2.251997590065e-02 2.363332733512e-02 2.102553658187e-02 1.734626479447e-02 1.595740951598e-02 1.764719747007e-02 1.970132812858e-02 2.021988481283e-02 2.030916512012e-02 2.491137571633e-02 4.076090827584e-02 2.913845330477e-02 2.551871165633e-02 2.924320846796e-02 3.368317708373e-02 3.763880208135e-02 3.212055936456e-02 2.204859629273e-02 3.175726532936e-02 2.594450116158e-02 2.014035731554e-02 1.516916602850e-02 1.838047802448e-02 3.825476765633e-02 5.608430132270e-02 2.585751935840e-02
8.704473264515e-03 1.706802099943e-02 2.028813958168e-02 1.910956203938e-02 1.446877885610e-02 1.125746686012e-02 1.367883570492e-02 1.551770512015e-02 1.666161604226e-02 1.682089269161e-02 2.217663265765e-02 2.465366385877e-02 2.354883402586e-02 2.363124676049e-02 2.390525676310e-02 2.359466440976e-02 2.089065499604e-02 2.230659686029e-02 2.439499646425e-02 2.248478308320e-02 1.725896820426e-02 2.063937485218e-02 2.009861357510e-02 2.065196633339e-02 1.822615973651e-02 1.778544858098e-02 1.869537681341e-02 3.771639242768e-02 3.444855287671e-02 2.727694995701e-02 2.639508619905e-02 2.847984060645e-02 3.527301177382e-02 3.150204196572e-02 2.552891708910e-02 3.067513555288e-02 2.261498197913e-02 1.807138510048e-02 1.704299449921e-02 1.674288511276e-02 2.617564052343e-02 6.558631360531e-02 2.719827741385e-02
