VariationalSeries/SI/f62.grd
DSAA
101	101
32.816463539100	34.260883539100
35.556306596100	36.727886596100
2.441465221636e-05	3.976239204407e+00
[rows 38 to 56 of 101, columns 43 to 85 of 101]
2.429590374231e-01 3.771226704121e-01 4.035041928291e-01 2.391178607941e-01 4.010228216648e-01 1.969074606895e-01 2.025739699602e-01 2.718727588654e-01 2.332395166159e-01 1.870966255665e-01 2.750651538372e-01 1.430311799049e-01 1.570618152618e-01 1.329516619444e-01 2.063839584589e-01 1.503914892673e-01 1.628075391054e-01 9.249189496040e-02 1.259745657444e-01 1.911961734295e-01 1.948833465576e-01 1.494074761868e-01 1.030788496137e-01 8.162155002356e-02 7.043410092592e-02 6.370536237955e-02 5.895880609751e-02 6.035412475467e-02 5.366525799036e-02 4.029039666057e-02 4.000544548035e-02 4.736847430468e-02 5.414764955640e-02 5.569313466549e-02 5.649089068174e-02 5.662017315626e-02 5.577146634459e-02 5.152545496821e-02 4.577248543501e-02 4.081219807267e-02 3.679051622748e-02 3.697727620602e-02 3.124481253326e-02
2.429911792278e-01 5.001590251923e-01 3.231948614120e-01 4.511357843876e-01 3.245882987976e-01 4.583544433117e-01 3.859066367149e-01 2.386679351330e-01 2.425299286842e-01 1.949230432510e-01 3.121261000633e-01 2.020728588104e-01 1.314313560724e-01 1.506476700306e-01 2.740546762943e-01 1.634276211262e-01 1.868287622929e-01 2.919483780861e-01 2.617502212524e-01 1.774231493473e-01 1.198440715671e-01 8.147969096899e-02 7.440268248320e-02 6.716198474169e-02 6.763163954020e-02 6.464786827564e-02 5.667712539434e-02 4.945048689842e-02 4.462814331055e-02 4.465215280652e-02 4.903412610292e-02 4.607102647424e-02 3.782534971833e-02 3.194342553616e-02 3.087595105171e-02 2.664016187191e-02 2.858993969858e-02 3.141340240836e-02 3.457219526172e-02 3.827894106507e-02 4.146130010486e-02 5.453695356846e-02 5.621943995357e-02
3.575932979584e-01 2.502010464668e-01 4.400888085365e-01 3.486884236336e-01 3.709729909897e-01 4.829604923725e-01 2.947756648064e-01 2.679186463356e-01 1.915315985680e-01 1.985904276371e-01 3.339094221592e-01 1.811504960060e-01 1.856860220432e-01 1.822485178709e-01 2.220836132765e-01 3.587452471256e-01 2.447948157787e-01 1.271374970675e-01 1.189448460937e-01 7.884803414345e-02 5.980494245887e-02 8.627660572529e-02 1.132749766111e-01 1.020041406155e-01 7.346253842115e-02 6.398954242468e-02 6.257028877735e-02 5.770448222756e-02 4.985238984227e-02 4.636028036475e-02 4.362528771162e-02 4.420335218310e-02 4.229934141040e-02 3.933557868004e-02 3.832664340734e-02 4.028786346316e-02 3.975294902921e-02 3.609500452876e-02 4.814527556300e-02 6.560272723436e-02 5.386427417397e-02 4.069879278541e-02 3.517864271998e-02
3.945688009262e-01 3.633920848370e-01 5.737543702126e-01 4.798320829868e-01 4.539631903172e-01 5.001451969147e-01 4.713880717754e-01 2.600895166397e-01 2.932327389717e-01 2.780670523643e-01 3.289135992527e-01 2.573792636395e-01 2.391037493944e-01 4.065944254398e-01 2.621649801731e-01 1.942661702633e-01 1.651698499918e-01 1.337701231241e-01 9.853027760983e-02 1.599730104208e-01 1.723095774651e-01 9.050004184246e-02 1.419420093298e-01 1.079412102699e-01 9.716837853193e-02 8.570367842913e-02 7.569901645184e-02 6.769920140505e-02 6.098579242826e-02 5.868395790458e-02 1.098904162645e-01 4.673464596272e-02 4.441590979695e-02 4.206643998623e-02 5.322999879718e-02 6.646091490984e-02 6.093880534172e-02 6.968014687300e-02 6.017720699310e-02 6.590137630701e-02 6.642283499241e-02 6.489314883947e-02 5.951745435596e-02
3.765360116959e-01 5.216195583344e-01 4.499938488007e-01 4.466515481472e-01 4.151072502136e-01 5.249185562134e-01 8.287357091904e-01 3.583925664425e-01 4.178621172905e-01 4.165752530098e-01 3.794656097889e-01 3.819507360458e-01 4.338746368885e-01 2.476747035980e-01 2.682183384895e-01 1.515571624041e-01 2.054390758276e-01 2.747126221657e-01 2.161641567945e-01 2.061143219471e-01 2.143498659134e-01 1.444805264473e-01 8.939482271671e-02 8.677378296852e-02 8.048136532307e-02 7.551640272141e-02 9.198674559593e-02 1.590982526541e-01 1.910586804152e-01 1.695670336485e-01 8.375482261181e-02 6.061149388552e-02 5.756235495210e-02 6.230768561363e-02 7.842873036861e-02 8.037779480219e-02 7.271188497543e-02 6.509296596050e-02 4.932530596852e-02 6.128580868244e-02 7.313681393862e-02 7.296586036682e-02 7.012879103422e-02
4.461552202702e-01 6.476119160652e-01 1.070680379868e+00 6.551156044006e-01 1.057251334190e+00 5.438587069511e-01 1.297575712204e+00 3.728665411472e-01 7.261377573013e-01 5.203939676285e-01 4.547960460186e-01 4.450573623180e-01 2.523976266384e-01 3.075100481510e-01 3.484709560871e-01 3.405250906944e-01 2.108073830605e-01 1.249016299844e-01 2.682599723339e-01 2.320303320885e-01 1.271967440844e-01 1.161762624979e-01 1.097298040986e-01 1.997863501310e-01 2.457324415445e-01 2.172361016273e-01 1.430794149637e-01 1.030030399561e-01 1.119701042771e-01 7.085983455181e-02 5.684597045183e-02 8.528885245323e-02 1.060301959515e-01 9.511175006628e-02 8.385735005140e-02 1.136019602418e-01 1.345434337854e-01 1.203088834882e-01 8.626376837492e-02 6.381945312023e-02 7.971391081810e-02 8.751957863569e-02 9.226197004318e-02
5.496397018433e-01 6.932086944580e-01 8.163951635361e-01 1.084959268570e+00 9.068786501884e-01 9.205286502838e-01 1.521723866463e+00 6.050266623497e-01 7.025015354156e-01 5.533373355865e-01 5.576280355453e-01 3.227247595787e-01 3.488217294216e-01 4.357208609581e-01 3.401840627193e-01 2.429396957159e-01 3.506229817867e-01 3.256756961346e-01 2.572257518768e-01 3.255466222763e-01 3.296253383160e-01 2.859010696411e-01 2.046270072460e-01 1.120697185397e-01 1.230706945062e-01 1.110698059201e-01 8.814277499914e-02 9.097822010517e-02 9.822439402342e-02 1.055714711547e-01 1.028022170067e-01 8.770775794983e-02 8.425436168909e-02 7.075131684542e-02 1.293325722218e-01 1.580306738615e-01 1.481716781855e-01 1.091469004750e-01 6.612157076597e-02 4.042442515492e-02 5.629820749164e-02 6.460439413786e-02 5.946123227477e-02
5.216434001923e-01 7.667858600616e-01 9.087799191475e-01 8.659818172455e-01 1.289000153542e+00 9.648562073708e-01 1.550270795822e+00 8.542965650558e-01 7.314631938934e-01 8.114519715309e-01 6.205492615700e-01 4.089282155037e-01 4.056227505207e-01 4.335775673389e-01 2.503682076931e-01 3.701507151127e-01 4.776549339294e-01 3.299627602100e-01 1.960192322731e-01 1.945080012083e-01 1.713859140873e-01 1.328235119581e-01 1.280206143856e-01 1.415956914425e-01 1.416619867086e-01 1.251382082701e-01 1.083808094263e-01 1.056967303157e-01 8.812139928341e-02 9.698342531919e-02 9.285551309586e-02 8.473058044910e-02 5.881365388632e-02 1.078235656023e-01 1.286094784737e-01 1.219423338771e-01 8.517903089523e-02 4.581606760621e-02 6.302895396948e-02 5.930355191231e-02 4.439418017864e-02 4.271745309234e-02 4.618452861905e-02
7.728718519211e-01 1.080926418304e+00 1.104085445404e+00 1.203296899796e+00 1.307865858078e+00 1.646589994431e+00 1.553346514702e+00 3.018251419067e+00 1.112300992012e+00 7.041792869568e-01 6.540514826775e-01 5.834754109383e-01 4.953084588051e-01 7.561748027802e-01 6.598032712936e-01 3.860204219818e-01 3.571328520775e-01 3.709206581116e-01 2.717209756374e-01 2.399894297123e-01 2.378060668707e-01 2.262449115515e-01 2.428584992886e-01 1.811877489090e-01 2.329229116440e-01 2.061415761709e-01 1.294221282005e-01 1.178632229567e-01 1.194173470140e-01 1.115121170878e-01 9.524156153202e-02 9.199769049883e-02 9.596621990204e-02 1.104398816824e-01 1.026891395450e-01 7.881118357182e-02 6.007720530033e-02 5.444703623652e-02 5.308077484369e-02 5.251563340425e-02 5.135087668896e-02 4.947861284018e-02 4.803171381354e-02
4.908960759640e-01 1.429089426994e+00 9.876641035080e-01 1.233710885048e+00 1.949109554291e+00 1.560402631760e+00 1.851680517197e+00 2.205175399780e+00 1.086131095886e+00 1.026959180832e+00 1.306650042534e+00 8.307162523270e-01 1.030588507652e+00 8.008151650429e-01 6.702471971512e-01 5.846109390259e-01 4.969805181026e-01 4.300900697708e-01 3.795840144157e-01 5.332009792328e-01 6.238080859184e-01 2.604987025261e-01 1.698651611805e-01 1.727193742990e-01 2.425050586462e-01 1.520712077618e-01 1.314830631018e-01 1.247589811683e-01 1.151861697435e-01 1.096259579062e-01 1.053031012416e-01 1.089603900909e-01 1.153303608298e-01 9.861603379250e-02 7.548807561398e-02 7.041618227959e-02 6.670752167702e-02 5.486947298050e-02 5.429232865572e-02 5.465105921030e-02 5.044025555253e-02 5.169002711773e-02 5.430449172854e-02
1.320168495178e+00 1.545810580254e+00 1.766062736511e+00 1.862754702568e+00 2.162545919418e+00 2.994181394577e+00 3.976239204407e+00 1.835109114647e+00 1.480274796486e+00 1.035175204277e+00 1.472066640854e+00 1.466649174690e+00 5.544422864914e-01 8.848988413811e-01 9.705168604851e-01 4.813289046288e-01 4.446687102318e-01 4.714596569538e-01 5.205112099648e-01 6.141366362572e-01 4.745898246765e-01 2.013081610203e-01 2.293200492859e-01 1.871235072613e-01 1.751434206963e-01 1.497276276350e-01 1.456336677074e-01 1.445669531822e-01 1.201531216502e-01 8.344677835703e-02 7.462701201439e-02 8.178849518299e-02 8.683269470930e-02 8.922404795885e-02 8.752845972776e-02 8.383146673441e-02 7.475008070469e-02 7.659439742565e-02 8.542224019766e-02 8.752054721117e-02 7.840270549059e-02 6.807380914688e-02 5.942789837718e-02
8.810997605324e-01 1.569956421852e+00 1.620350360870e+00 2.055364608765e+00 2.044671058655e+00 2.021427154541e+00 1.984791636467e+00 1.636891365051e+00 1.146811604500e+00 1.303779125214e+00 1.252620935440e+00 1.321476697922e+00 1.598894238472e+00 7.101681232452e-01 5.925236940384e-01 3.680586218834e-01 3.355762660503e-01 2.371223121881e-01 2.185167819262e-01 1.863816678524e-01 1.598152816296e-01 1.810650974512e-01 2.232160121202e-01 2.568981349468e-01 2.630187273026e-01 2.309639304876e-01 1.854013949633e-01 1.285474151373e-01 9.008792787790e-02 7.429442554712e-02 5.970272049308e-02 6.721486896276e-02 8.743391185999e-02 5.973762273788e-02 6.630755960941e-02 7.246773689985e-02 5.793495476246e-02 7.074344903231e-02 8.363304287195e-02 8.863724023104e-02 1.006271168590e-01 1.264605671167e-01 1.436283141375e-01
3.473508656025e-01 4.742403328419e-01 7.464485764503e-01 3.531223058701e+00 1.950060963631e+00 1.857928156853e+00 1.035079479218e+00 1.065865635872e+00 9.835690259933e-01 1.567609667778e+00 1.459999442101e+00 2.066698551178e+00 2.991607904434e+00 2.196256399155e+00 1.431808590889e+00 6.602189540863e-01 3.113858401775e-01 2.222994267941e-01 2.018297165632e-01 2.704412341118e-01 3.520155549049e-01 3.259744048119e-01 2.406549155712e-01 1.547288894653e-01 1.700886338949e-01 1.610217392445e-01 2.311509698629e-01 3.450915515423e-01 1.603349745274e-01 8.381314575672e-02 7.758790254593e-02 1.273853927851e-01 8.513516187668e-02 5.236582458019e-02 4.585702344775e-02 4.763874784112e-02 4.781910404563e-02 4.922697693110e-02 5.012246966362e-02 5.010187625885e-02 5.019343644381e-02 5.554924905300e-02 4.849336668849e-02
6.289949268103e-02 1.593609750271e-01 3.860806226730e-01 5.048388242722e-01 5.136005878448e-01 5.046821236610e-01 3.915961384773e-01 5.339849591255e-01 5.425534844398e-01 8.515278100967e-01 1.722693443298e+00 1.945916652679e+00 2.673967123032e+00 1.561404585838e+00 1.109738588333e+00 6.294212341309e-01 2.879263460636e-01 1.513735949993e-01 1.590069234371e-01 3.520601093769e-01 1.122613072395e+00 4.704672694206e-01 4.024007320404e-01 2.971151769161e-01 3.029380142689e-01 2.602691650391e-01 2.820117175579e-01 1.978160142899e-01 9.737992286682e-02 1.284677237272e-01 1.082633286715e-01 1.095149070024e-01 6.647162139416e-02 6.029475107789e-02 4.207288846374e-02 3.855181857944e-02 4.009194299579e-02 4.004061967134e-02 4.325849935412e-02 3.989242017269e-02 5.193060263991e-02 6.101013347507e-02 5.901737511158e-02
4.419679939747e-02 8.246065676212e-02 2.456668317318e-01 1.451928317547e-01 1.221920251846e-01 9.966198354959e-02 1.512809097767e-01 2.497499734163e-01 2.608000636101e-01 2.776958346367e-01 7.866396307945e-01 3.911756515503e+00 3.074668884277e+00 1.387293577194e+00 6.421335935593e-01 1.834341734648e-01 1.099747940898e-01 7.239689677954e-02 8.996592462063e-02 2.298638820648e-01 5.271697044373e-01 9.186724424362e-01 4.603567421436e-01 3.504639565945e-01 2.766277492046e-01 2.077208012342e-01 2.205111086369e-01 2.056609839201e-01 1.805862784386e-01 1.627919822931e-01 1.985646784306e-01 8.497408032417e-02 7.884176075459e-02 6.364550441504e-02 6.504767388105e-02 6.063555553555e-02 5.073912441730e-02 4.352288320661e-02 4.963524267077e-02 5.730471760035e-02 6.714303046465e-02 6.611827760935e-02 5.639665946364e-02
2.970920130610e-02 1.215212568641e-01 2.867180705070e-01 2.327659279108e-01 5.198080837727e-02 6.087325885892e-02 5.823595076799e-02 1.181432008743e-01 1.289070844650e-01 2.702638208866e-01 4.601424932480e-01 1.079041361809e+00 2.284439325333e+00 1.556723952293e+00 2.101611375809e+00 5.080880522728e-01 6.236489489675e-02 3.931213170290e-02 6.197779998183e-02 2.061610221863e-01 6.336554288864e-01 9.830563664436e-01 7.505094408989e-01 5.111622214317e-01 3.553411364555e-01 2.237095981836e-01 2.538432776928e-01 1.881810873747e-01 1.815966814756e-01 1.807500422001e-01 1.501966565847e-01 1.198376119137e-01 8.443171530962e-02 8.993674814701e-02 8.061303198338e-02 6.442724168301e-02 5.725662410259e-02 5.312284454703e-02 4.912705346942e-02 5.737564712763e-02 6.296069920063e-02 6.124460324645e-02 5.427620932460e-02
2.523727342486e-02 6.203017756343e-02 4.228990674019e-01 5.062876343727e-01 2.649200856686e-01 4.107878357172e-02 3.127799183130e-02 5.895340442657e-02 5.889963358641e-02 4.777998849750e-02 4.038617014885e-02 1.754101663828e-01 7.725276350975e-01 4.661818742752e-01 2.596659183502e+00 3.161305487156e-01 1.805847734213e-01 6.987259536982e-02 5.494452640414e-02 1.778492927551e-01 3.497630655766e-01 3.093503952026e+00 9.592445492744e-01 4.173969626427e-01 4.230125844479e-01 2.231126278639e-01 2.393026798964e-01 2.054254263639e-01 2.929886877537e-01 2.251588851213e-01 1.291713416576e-01 1.279192566872e-01 1.193906068802e-01 1.137767881155e-01 1.117619648576e-01 8.912448585033e-02 8.772752434015e-02 9.708840399981e-02 6.274157762527e-02 4.809289425611e-02 4.747973009944e-02 4.691587388515e-02 5.460989475250e-02
1.612596400082e-02 2.784480340779e-02 3.484265506268e-02 1.969999372959e-01 1.214905530214e-01 2.930388040841e-02 2.499015443027e-02 2.941420674324e-02 2.759994380176e-02 2.645056322217e-02 1.911232434213e-02 2.138791233301e-02 6.587353348732e-02 4.318229556084e-01 1.195200681686e+00 2.875721454620e-01 2.429453581572e-01 1.136465966702e-01 6.511467695236e-02 1.279444247484e-01 1.488670110703e-01 2.039708644152e-01 1.859607696533e-01 1.408817321062e-01 2.077403664589e-01 3.455023467541e-01 3.048390150070e-01 3.046496212482e-01 1.943875551224e-01 2.551863491535e-01 2.662147581577e-01 2.321039736271e-01 1.419430822134e-01 1.175583451986e-01 1.124169081450e-01 9.816960990429e-02 8.391856402159e-02 8.503637462854e-02 8.248335868120e-02 5.460554733872e-02 4.493363574147e-02 4.630719870329e-02 5.035194009542e-02
1.775270141661e-02 2.837199345231e-02 1.865592412651e-02 2.094327285886e-02 2.128319256008e-02 2.505179867148e-02 2.317184023559e-02 2.190449088812e-02 2.026344276965e-02 1.529489178210e-02 1.066515687853e-02 9.069122374058e-03 1.515126042068e-02 4.390833079815e-01 6.663046479225e-01 7.424654960632e-01 1.982494145632e-01 2.185832858086e-01 1.959435641766e-01 7.620425522327e-02 8.241578191519e-02 1.552179902792e-01 4.249711632729e-01 3.929051160812e-01 5.123351216316e-01 5.156776905060e-01 4.835143387318e-01 4.570259451866e-01 4.335944056511e-01 4.140622913837e-01 4.410345554352e-01 5.404312610626e-01 4.620344042778e-01 1.893468946218e-01 7.732105255127e-02 9.087100625038e-02 9.947246313095e-02 6.871666014194e-02 6.768707185984e-02 4.787130653858e-02 4.717105627060e-02 3.509046509862e-02 3.947275131941e-02
