VariationalSeries/SI/f64_max.grd
DSAA
101	101
32.816463539100	34.260883539100
35.556306596100	36.727886596100
8.407243294641e-04	1.378637695312e+02
[rows 38 to 56 of 101, columns 0 to 42 of 101]
3.290982544422e-01 6.944310665131e-01 7.510634064674e-01 7.824068665504e-01 9.277625083923e-01 1.137385368347e+00 1.313632369041e+00 1.496607065201e+00 1.645027518272e+00 1.502539277077e+00 1.233177661896e+00 1.006455063820e+00 9.938371181488e-01 9.791071414948e-01 1.043175101280e+00 1.183648467064e+00 1.339732170105e+00 2.455041408539e+00 3.978915214539e+00 4.270112514496e+00 3.440603256226e+00 2.903165102005e+00 1.938456296921e+00 2.272052764893e+00 4.515930175781e+00 5.870988845825e+00 5.655403137207e+00 4.045265674591e+00 2.903861522675e+00 3.215476989746e+00 3.395806550980e+00 4.174409389496e+00 5.722225666046e+00 5.615642547607e+00 5.268715381622e+00 3.152803421021e+00 4.310271739960e+00 4.847167491913e+00 4.795484542847e+00 7.364242553711e+00 8.088357925415e+00 1.192967224121e+01 9.626166343689e+00
4.848662018776e-01 8.633214831352e-01 7.240834236145e-01 7.088173031807e-01 1.007061958313e+00 1.225353837013e+00 1.611118674278e+00 2.027856588364e+00 2.261970520020e+00 2.118146657944e+00 1.538957238197e+00 1.204610943794e+00 1.037515401840e+00 1.059740543365e+00 1.137050628662e+00 1.228827238083e+00 1.309360265732e+00 1.379869103432e+00 2.164378404617e+00 3.030441284180e+00 3.095894098282e+00 3.024278163910e+00 3.123546361923e+00 2.603194236755e+00 2.411416292191e+00 2.679033994675e+00 3.620760917664e+00 6.816734313965e+00 9.133883476257e+00 9.266337394714e+00 7.266696453094e+00 3.582205772400e+00 4.037601470947e+00 3.438815355301e+00 6.861536979675e+00 6.151101589203e+00 4.002407073975e+00 4.826408386230e+00 5.926724910736e+00 6.737432003021e+00 9.018542289734e+00 1.088647556305e+01 1.276441669464e+01
5.593208670616e-01 1.114075422287e+00 1.055530905724e+00 9.151823520660e-01 1.209189653397e+00 1.488266110420e+00 1.806965231895e+00 2.378787517548e+00 2.578969717026e+00 2.570771694183e+00 1.758194804192e+00 1.180775403976e+00 1.189070820808e+00 1.028944015503e+00 8.573009967804e-01 9.645459055901e-01 1.125148296356e+00 1.223248124123e+00 1.286776304245e+00 1.709050416946e+00 2.522540807724e+00 3.547099113464e+00 4.259883403778e+00 4.293661594391e+00 4.203169822693e+00 2.796328783035e+00 2.214671134949e+00 2.338591098785e+00 2.270507574081e+00 2.877069711685e+00 6.060636997223e+00 9.646168708801e+00 1.142871570587e+01 9.541467666626e+00 4.828984737396e+00 4.798039436340e+00 8.416264533997e+00 7.000964641571e+00 7.249462127686e+00 7.228994369507e+00 6.727521896362e+00 9.013892173767e+00 1.366771411896e+01
8.007032871246e-01 1.357963442802e+00 1.578175306320e+00 1.621378779411e+00 1.461071968079e+00 1.747137546539e+00 1.743784904480e+00 1.674695253372e+00 1.674405694008e+00 2.055021524429e+00 2.218643665314e+00 1.925077915192e+00 1.427335023880e+00 1.268913149834e+00 1.290528774261e+00 1.597407460213e+00 1.853770971298e+00 2.073802709579e+00 2.027167320251e+00 1.474026560783e+00 1.645106792450e+00 2.169455289841e+00 2.461581707001e+00 3.303378820419e+00 4.103107929230e+00 4.876036167145e+00 5.440645217896e+00 5.280502319336e+00 5.421930789948e+00 5.915480613708e+00 6.540839195251e+00 6.394659519196e+00 9.893855094910e+00 1.118070125580e+01 7.985698699951e+00 1.011125373840e+01 1.121679973602e+01 9.526941299438e+00 1.075421142578e+01 8.689123153687e+00 6.097398281097e+00 1.065859413147e+01 8.911781311035e+00
8.216678500175e-01 1.444220066071e+00 1.600484728813e+00 1.484747648239e+00 1.614715695381e+00 2.036762475967e+00 2.023087024689e+00 1.753295421600e+00 2.112157344818e+00 1.758130908012e+00 1.670763731003e+00 2.332371473312e+00 2.421855926514e+00 1.825374126434e+00 1.689739227295e+00 1.557084918022e+00 1.592813372612e+00 2.134076833725e+00 2.878139734268e+00 2.925881862640e+00 1.875231981277e+00 2.131471872330e+00 2.717694282532e+00 2.261023283005e+00 2.612256765366e+00 3.153085947037e+00 4.167685508728e+00 6.299079895020e+00 8.483501434326e+00 7.766705989838e+00 7.354349613190e+00 5.463973522186e+00 5.442293167114e+00 1.022204685211e+01 9.827916145325e+00 1.239496517181e+01 8.196351051331e+00 1.161332607269e+01 1.018503284454e+01 1.470446395874e+01 1.519494247437e+01 1.193055057526e+01 1.345175933838e+01
1.592877388000e+00 3.088499784470e+00 2.307385683060e+00 1.933113217354e+00 1.891537427902e+00 1.702168464661e+00 1.741364121437e+00 2.118588924408e+00 2.098115682602e+00 1.703330278397e+00 2.130090713501e+00 1.451856851578e+00 1.860317587852e+00 2.608499288559e+00 2.265649795532e+00 1.960054039955e+00 2.454813003540e+00 5.327668190002e+00 6.278240680695e+00 3.423059940338e+00 3.666491746902e+00 2.158811330795e+00 2.535585165024e+00 3.597261428833e+00 2.401231527328e+00 2.198307514191e+00 2.303954601288e+00 2.527770519257e+00 3.227838754654e+00 3.669945001602e+00 3.921015501022e+00 4.274583816528e+00 5.819259166718e+00 9.165981292725e+00 6.285889625549e+00 5.823552608490e+00 8.553772926331e+00 9.741623878479e+00 6.501686096191e+00 1.342077541351e+01 1.378981876373e+01 1.503970909119e+01 1.846564483643e+01
2.537730693817e+00 4.654225826263e+00 3.773339748383e+00 2.934518575668e+00 2.705760717392e+00 2.204190015793e+00 3.037061214447e+00 2.665184974670e+00 2.673937559128e+00 2.092766761780e+00 1.636986732483e+00 2.010543584824e+00 1.803756356239e+00 1.177025914192e+00 2.207773923874e+00 2.589764356613e+00 1.886044144630e+00 1.618375062943e+00 2.958128929138e+00 1.957164645195e+00 3.406083345413e+00 4.046399593353e+00 4.020333290100e+00 3.510066509247e+00 4.826462268829e+00 2.966900110245e+00 2.757672548294e+00 3.570671796799e+00 4.183109283447e+00 3.195349216461e+00 4.071425437927e+00 5.016825199127e+00 5.946495532990e+00 6.983435630798e+00 8.875549316406e+00 6.732444763184e+00 7.496620178223e+00 8.382208824158e+00 7.943120956421e+00 1.140404415131e+01 1.060844135284e+01 1.532712554932e+01 1.560321998596e+01
1.004931807518e+00 2.093912839890e+00 2.499099731445e+00 2.946304798126e+00 3.013409137726e+00 3.348953247070e+00 3.539968967438e+00 3.054654121399e+00 2.739193916321e+00 2.623156309128e+00 2.443802118301e+00 2.261577367783e+00 2.145097732544e+00 2.010109424591e+00 2.175855159760e+00 1.857108235359e+00 1.320177316666e+00 1.564405798912e+00 1.646906733513e+00 2.248234272003e+00 2.105561494827e+00 3.475835323334e+00 3.754249095917e+00 4.039069175720e+00 4.709436893463e+00 5.320780277252e+00 5.805551052094e+00 6.045310497284e+00 6.176409244537e+00 6.654175281525e+00 6.758810043335e+00 7.109569549561e+00 7.551469802856e+00 6.272144317627e+00 5.382710456848e+00 7.571656703949e+00 9.099799156189e+00 1.399464416504e+01 1.675575447083e+01 1.548983478546e+01 1.472804450989e+01 1.529925441742e+01 1.270800971985e+01
9.733397960663e-01 2.044612169266e+00 2.329927682877e+00 2.589862346649e+00 2.922894001007e+00 2.989776849747e+00 2.749202251434e+00 2.226787328720e+00 2.100022077560e+00 2.505075693130e+00 2.938899755478e+00 2.788783550262e+00 2.111241102219e+00 1.377878069878e+00 1.478399991989e+00 8.540799021721e-01 4.968697726727e-01 5.486100316048e-01 7.319967746735e-01 8.823023438454e-01 2.626581668854e+00 4.618662834167e+00 3.945846557617e+00 4.975335597992e+00 4.786384105682e+00 5.900004863739e+00 6.088894844055e+00 5.763202667236e+00 5.372980594635e+00 6.128833770752e+00 6.526748180389e+00 8.432666778564e+00 1.078289604187e+01 1.174855995178e+01 1.003694057465e+01 8.516617774963e+00 9.437814712524e+00 6.736151218414e+00 1.026187705994e+01 1.045730590820e+01 1.633962249756e+01 1.539971828461e+01 1.657592964172e+01
2.620410919189e-01 5.266646742821e-01 5.559818148613e-01 5.994619727135e-01 8.334482908249e-01 1.164865970612e+00 1.531388998032e+00 1.645941257477e+00 1.592728376389e+00 1.469557762146e+00 1.503535509109e+00 1.910781979561e+00 1.907858133316e+00 1.552237749100e+00 1.002940535545e+00 7.817307710648e-01 4.015776216984e-01 3.414844572544e-01 3.804287612438e-01 8.148087859154e-01 1.815943598747e+00 3.855362653732e+00 9.620006561279e+00 9.048417091370e+00 8.127715110779e+00 7.631521224976e+00 7.353721618652e+00 7.148471832275e+00 7.600918292999e+00 8.779959678650e+00 9.793621063232e+00 1.108719444275e+01 1.912722778320e+01 1.064599227905e+01 2.401578140259e+01 1.637285995483e+01 1.306194019318e+01 1.405288982391e+01 1.740198326111e+01 2.021754455566e+01 2.138862228394e+01 2.007975196838e+01 2.021630477905e+01
2.374668717384e-01 4.587547481060e-01 4.995948076248e-01 5.005320310593e-01 8.413503170013e-01 1.246691823006e+00 1.299327015877e+00 1.059797883034e+00 7.821042537689e-01 6.373733282089e-01 8.094953894615e-01 1.004731059074e+00 9.615560173988e-01 7.722650170326e-01 5.681483149529e-01 4.021649658680e-01 2.905730605125e-01 2.133760452271e-01 2.214213609695e-01 7.229300141335e-01 2.314491271973e+00 3.999358415604e+00 3.937960624695e+00 8.320465087891e+00 2.008760643005e+01 1.017543220520e+01 6.341329097748e+00 5.742619991302e+00 5.975105285645e+00 6.517411231995e+00 1.119141769409e+01 1.614180183411e+01 8.544502258301e+00 1.273180484772e+01 2.301262474060e+01 4.202392959595e+01 1.718484115601e+01 1.358991432190e+01 1.207295322418e+01 1.328077125549e+01 1.136885070801e+01 2.125699424744e+01 2.473068618774e+01
1.231814026833e-01 2.558885812759e-01 3.068041205406e-01 3.405778110027e-01 4.477976262569e-01 7.200375199318e-01 8.250370621681e-01 7.149026393890e-01 5.531316399574e-01 4.142128527164e-01 3.418045938015e-01 3.263354599476e-01 2.602650225163e-01 2.298804819584e-01 2.741978764534e-01 2.088602781296e-01 1.933765113354e-01 1.626420319080e-01 1.896154433489e-01 2.882552742958e-01 4.943176805973e-01 1.334508180618e+00 1.397979140282e+00 1.905292153358e+00 7.309135437012e+00 7.733544349670e+00 2.883291482925e+00 1.583505272865e+00 1.658456087112e+00 5.322096347809e+00 7.049084663391e+00 7.633615016937e+00 7.965375423431e+00 6.540778636932e+00 9.613815307617e+00 2.774417877197e+01 1.487113666534e+01 9.040521621704e+00 6.311526298523e+00 5.702057361603e+00 5.363918304443e+00 1.405516719818e+01 1.951107597351e+01
5.493539944291e-02 1.096432805061e-01 1.140429526567e-01 1.255070716143e-01 1.585184633732e-01 2.007360756397e-01 2.388590723276e-01 2.599428892136e-01 2.515360414982e-01 2.131901085377e-01 1.816186606884e-01 2.088124752045e-01 2.155317068100e-01 1.992132067680e-01 2.030825763941e-01 2.321129888296e-01 1.762475222349e-01 1.406729817390e-01 1.581387817860e-01 2.352530062199e-01 2.687690258026e-01 4.913983643055e-01 8.547638654709e-01 1.864686250687e+00 4.527238845825e+00 2.823925495148e+00 1.748750090599e+00 1.387318015099e+00 1.329023718834e+00 4.291889369488e-01 3.760302662849e-01 4.083769023418e-01 6.377792954445e-01 1.387540817261e+00 3.219151258469e+00 5.467844009399e+01 1.041999740601e+02 1.389105319977e+01 9.466215133667e+00 4.876118659973e+00 3.436784982681e+00 3.717992305756e+00 7.201371669769e+00
4.418467730284e-02 8.032993972301e-02 8.932293206453e-02 8.935847878456e-02 8.975923061371e-02 1.156145334244e-01 1.518131792545e-01 1.868471652269e-01 2.077127546072e-01 2.034622132778e-01 1.709677726030e-01 1.570486426353e-01 1.705716848373e-01 1.649381369352e-01 1.466552913189e-01 1.801882982254e-01 2.092850804329e-01 1.664610952139e-01 1.284334808588e-01 3.728033006191e-01 4.736484587193e-01 3.624972701073e-01 4.812488853931e-01 8.424581885338e-01 1.597319126129e+00 1.585665321350e+01 3.433662891388e+00 3.054329395294e+00 1.290894985199e+00 2.545231878757e-01 2.227094769478e-01 2.332651764154e-01 2.713501155376e-01 3.342375159264e-01 4.506617486477e-01 2.410463094711e+00 1.680547523499e+01 4.316535949707e+01 1.103411579132e+01 6.179594993591e+00 1.779863357544e+00 1.146037101746e+00 1.262631535530e+00
4.115102067590e-02 9.798417240381e-02 1.324940323830e-01 1.529122143984e-01 1.592430025339e-01 1.469254195690e-01 1.306036412716e-01 1.192243024707e-01 1.489472389221e-01 1.708247363567e-01 1.703510433435e-01 1.474379599094e-01 1.273565590382e-01 1.586044877768e-01 1.656377464533e-01 1.480267792940e-01 1.726889461279e-01 2.229316830635e-01 1.759696304798e-01 3.724360764027e-01 3.932859003544e-01 3.363717496395e-01 3.747418224812e-01 4.062901139259e-01 9.270189404488e-01 3.192549943924e+00 3.336946964264e+00 8.553640246391e-01 3.981227278709e-01 2.465200424194e-01 1.847690045834e-01 1.577709466219e-01 1.556495875120e-01 1.951787918806e-01 2.533122003078e-01 8.601940274239e-01 4.403008937836e+00 1.554091835022e+01 1.880657577515e+01 2.908979177475e+00 1.244158148766e+00 8.073195219040e-01 7.636054158211e-01
6.232350319624e-02 1.467248946428e-01 1.875254958868e-01 2.108557969332e-01 2.166114598513e-01 2.069705128670e-01 1.942596137524e-01 1.747146099806e-01 1.507129222155e-01 1.231392696500e-01 1.368081420660e-01 1.437532901764e-01 1.377173662186e-01 1.609111428261e-01 1.846049278975e-01 1.744137853384e-01 1.473455280066e-01 2.341014742851e-01 2.507193982601e-01 6.568093895912e-01 4.209453761578e-01 3.031739294529e-01 2.050054371357e-01 2.122557908297e-01 3.992316126823e-01 2.848871946335e+00 4.072739601135e+00 7.746186852455e-01 5.083910226822e-01 2.580696642399e-01 1.598948091269e-01 1.103382483125e-01 9.811915457249e-02 1.034728363156e-01 1.588831543922e-01 2.635462582111e-01 1.781788229942e+00 5.506642341614e+00 1.461115741730e+01 7.071755886078e+00 3.367879152298e+00 6.749054193497e-01 5.696820020676e-01
4.268817976117e-02 9.295196831226e-02 1.159375309944e-01 1.272271722555e-01 1.233767494559e-01 1.238816305995e-01 1.385622471571e-01 1.548884809017e-01 1.702357679605e-01 1.704650074244e-01 1.467897295952e-01 1.108110770583e-01 1.305520385504e-01 1.430776715279e-01 1.432266980410e-01 1.438721418381e-01 1.506062746048e-01 2.467892915010e-01 3.407727479935e-01 5.680782794952e-01 4.360101819038e-01 3.425169587135e-01 1.683994829655e-01 1.687709689140e-01 3.393487930298e-01 1.033334612846e+00 9.023785591125e-01 6.006074547768e-01 4.759666621685e-01 2.641120851040e-01 1.468502730131e-01 1.204866766930e-01 1.062811389565e-01 1.038723811507e-01 1.328895241022e-01 2.248965203762e-01 4.717220366001e-01 2.368953704834e+00 2.786933183670e+00 1.696402192116e+00 1.017421245575e+00 5.146200656891e-01 4.657083153725e-01
4.011433944106e-02 7.284890115261e-02 1.081080734730e-01 1.380065083504e-01 1.646182835102e-01 1.945046931505e-01 2.273132652044e-01 2.627907395363e-01 2.955850064754e-01 3.049646317959e-01 2.726484537125e-01 2.025711983442e-01 1.304383277893e-01 1.355476975441e-01 1.669053584337e-01 1.813199967146e-01 2.258995026350e-01 2.617132365704e-01 3.074093163013e-01 5.373682379723e-01 3.817306756973e-01 2.540731430054e-01 1.345952302217e-01 1.312241554260e-01 2.456157356501e-01 2.849687933922e-01 2.793744325638e+00 4.112645089626e-01 3.888388872147e-01 2.334843426943e-01 1.358887702227e-01 1.085604056716e-01 1.036014035344e-01 1.094238385558e-01 1.408886909485e-01 1.916456669569e-01 3.190314471722e-01 3.931356370449e-01 8.264092206955e-01 1.097843647003e+00 6.862583756447e-01 4.116158187389e-01 5.291503071785e-01
3.987527266145e-02 7.213814556599e-02 9.918015450239e-02 1.225784197450e-01 1.461839079857e-01 1.750123947859e-01 2.054690867662e-01 2.362034171820e-01 2.649531662464e-01 2.805133759975e-01 2.658925652504e-01 2.878929972649e-01 3.002622723579e-01 3.012037277222e-01 2.873312234879e-01 2.605711519718e-01 3.101190924644e-01 2.256327122450e-01 3.053421378136e-01 9.719637036324e-01 3.568283915520e-01 1.787382215261e-01 1.262293457985e-01 1.057253107429e-01 1.461934894323e-01 3.184505403042e-01 1.152480483055e+00 3.196288645267e-01 4.124636650085e-01 1.743176132441e-01 1.284436583519e-01 9.808477014303e-02 9.934375435114e-02 1.129351556301e-01 1.491672992706e-01 1.773542314768e-01 1.974377036095e-01 3.180716633797e-01 6.973489522934e-01 8.158788084984e-01 5.065087676048e-01 3.758946061134e-01 4.915861189365e-01
