VariationalSeries/SI/f64_max.grd
DSAA
101	101
32.816463539100	34.260883539100
35.556306596100	36.727886596100
8.407243294641e-04	1.378637695312e+02
[rows 57 to 75 of 101, columns 43 to 85 of 101]
5.813668966293e-01 6.938226819038e-01 3.515261411667e-01 3.897259831429e-01 3.855383694172e-01 6.212158203125e-01 7.010711431503e-01 9.442518353462e-01 8.243892788887e-01 4.496001303196e-01 3.115068078041e-01 2.618675529957e-01 1.934540718794e-01 3.435649275780e-01 1.423789858818e+00 4.784817695618e+00 1.063766384125e+01 1.000504112244e+01 1.427872848511e+01 4.885945796967e+00 1.412286758423e+00 1.078039646149e+00 1.955011248589e+00 3.579372644424e+00 6.125534534454e+00 5.552163124084e+00 6.040913105011e+00 4.913539886475e+00 6.403549194336e+00 5.905982017517e+00 6.241384983063e+00 4.651502132416e+00 4.831949234009e+00 6.782997608185e+00 4.211570262909e+00 2.645663261414e+00 3.089347600937e+00 4.337322235107e+00 5.437526226044e+00 3.933346509933e+00 1.639534235001e+00 1.436079382896e+00 1.388821840286e+00
4.643286168575e-01 7.665809392929e-01 2.841075658798e-01 3.023183941841e-01 2.994679510593e-01 4.505353569984e-01 8.809598684311e-01 2.833442211151e+00 2.253849029541e+00 4.848846793175e-01 2.878594696522e-01 1.982582062483e-01 1.517063975334e-01 1.501138806343e-01 2.963301539421e-01 2.849247455597e+00 3.341828107834e+00 3.496097803116e+00 2.833622455597e+00 2.869161128998e+00 2.097704648972e+00 1.593956112862e+00 1.229828357697e+00 7.429948449135e-01 1.919022321701e+00 3.819262266159e+00 6.658460140228e+00 6.787351131439e+00 7.403114318848e+00 4.074090957642e+00 5.374037265778e+00 4.905934333801e+00 4.205164909363e+00 3.687366008759e+00 3.749539613724e+00 2.825435161591e+00 2.772337913513e+00 3.339011430740e+00 3.283799886703e+00 3.010208129883e+00 3.125310659409e+00 3.277272462845e+00 3.067522525787e+00
3.873620331287e-01 3.733967840672e-01 2.587082982063e-01 2.752480506897e-01 2.798524498940e-01 4.102267324924e-01 1.250490307808e+00 3.160176277161e+00 3.193273067474e+00 7.178121209145e-01 2.984274327755e-01 1.693407297134e-01 1.201147735119e-01 1.088858693838e-01 1.116688027978e-01 1.398573219776e-01 1.930544227362e-01 2.629938423634e-01 3.404894173145e-01 4.220339655876e-01 4.955846369267e-01 5.819327235222e-01 3.914490938187e-01 3.933516442776e-01 9.377313256264e-01 4.363117694855e+00 7.517377853394e+00 8.525647163391e+00 8.189526557922e+00 8.268570899963e+00 5.456225395203e+00 4.732440948486e+00 4.018476009369e+00 3.646757841110e+00 5.123129844666e+00 4.415054798126e+00 3.661658763885e+00 2.292133092880e+00 2.470572948456e+00 2.076773881912e+00 1.828184485435e+00 1.730937242508e+00 1.512781977654e+00
3.572686314583e-01 3.215727210045e-01 2.504586577415e-01 2.791718840599e-01 3.173603117466e-01 4.167030453682e-01 2.729064226151e+00 3.228471517563e+00 3.980682134628e+00 5.551329851151e-01 2.617286443710e-01 1.631525307894e-01 1.085335761309e-01 8.803790807724e-02 8.413494378328e-02 8.876251429319e-02 1.088105663657e-01 1.433356553316e-01 2.065697461367e-01 2.401047646999e-01 2.761405706406e-01 5.533571839333e-01 2.847133278847e-01 2.623122334480e-01 8.004742264748e-01 1.790361285210e+00 6.384491443634e+00 7.071789264679e+00 7.525564193726e+00 8.035902023315e+00 6.687091350555e+00 5.187144279480e+00 3.602289676666e+00 4.624247550964e+00 3.218985319138e+00 2.832544088364e+00 2.348688602448e+00 1.941846489906e+00 1.825813293457e+00 1.795639395714e+00 1.905094265938e+00 2.698907852173e+00 3.762338638306e+00
3.027290403843e-01 2.357808500528e-01 2.461439818144e-01 2.963310182095e-01 4.595571458340e-01 7.520829439163e-01 2.283400297165e+00 5.060824871063e+00 1.959086656570e+00 3.101700842381e-01 1.906263828278e-01 1.389956325293e-01 9.907991439104e-02 7.438322901726e-02 6.805048137903e-02 6.818035244942e-02 7.427084445953e-02 9.932295978069e-02 1.367354393005e-01 1.563536375761e-01 1.626249551773e-01 3.384591341019e-01 2.022758275270e-01 2.187857627869e-01 4.927163720131e-01 1.674988746643e+00 4.532918453217e+00 6.159411430359e+00 6.385190486908e+00 4.863147258759e+00 3.760771036148e+00 5.367382049561e+00 3.669697046280e+00 2.591771125793e+00 2.878130197525e+00 3.628230571747e+00 3.285878419876e+00 2.329744338989e+00 2.175771236420e+00 2.120686292648e+00 2.055705070496e+00 2.274477720261e+00 2.826929569244e+00
2.197571247816e-01 1.808100044727e-01 2.261654287577e-01 5.337014198303e-01 1.206803679466e+00 2.799262523651e+00 4.110303401947e+00 2.590268611908e+00 2.751174867153e-01 1.881351172924e-01 1.349550038576e-01 1.110616177320e-01 8.666700124741e-02 7.089129090309e-02 6.238845363259e-02 6.503295898438e-02 6.806990504265e-02 8.218748122454e-02 1.185991838574e-01 1.458823084831e-01 1.549415290356e-01 1.643567383289e-01 1.651113033295e-01 2.466260790825e-01 5.986031889915e-01 1.565826416016e+00 1.922753572464e+00 1.920457601547e+00 3.696944952011e+00 4.290415287018e+00 5.018983840942e+00 3.206348180771e+00 4.149852275848e+00 3.044404506683e+00 3.398535013199e+00 4.018106937408e+00 8.032266616821e+00 5.068956851959e+00 2.983538866043e+00 2.449131965637e+00 2.519580841064e+00 2.476016521454e+00 2.391558408737e+00
1.419021338224e-01 1.481411159039e-01 1.872934699059e-01 2.366703897715e-01 5.201964378357e-01 3.227515935898e+00 2.101515054703e+00 2.797266542912e-01 1.636077165604e-01 1.440667808056e-01 1.207865998149e-01 1.021082699299e-01 8.000300079584e-02 6.821976602077e-02 6.076958402991e-02 6.705978512764e-02 6.960486620665e-02 6.788064539433e-02 9.757730364799e-02 1.245015636086e-01 1.406644880772e-01 1.399037986994e-01 1.755585521460e-01 2.853009104729e-01 8.887841701508e-01 1.762444019318e+00 1.045404434204e+00 1.365877747536e+00 1.270091176033e+00 6.583204269409e+00 9.577856063843e+00 5.170962333679e+00 2.842899322510e+00 3.890556335449e+00 1.535906553268e+00 1.617520332336e+00 6.004209041595e+00 2.891204833984e+00 2.356643199921e+00 1.805582165718e+00 1.855511069298e+00 2.069203376770e+00 2.229948282242e+00
1.191027984023e-01 1.294824481010e-01 1.517189145088e-01 1.919051557779e-01 2.176086008549e-01 3.022811710835e-01 3.342262506485e-01 2.278257012367e-01 1.184829249978e-01 1.223116219044e-01 1.072271019220e-01 9.812561422586e-02 8.034884184599e-02 6.489993631840e-02 6.642264127731e-02 6.773360073566e-02 7.242187112570e-02 7.196043431759e-02 8.220037817955e-02 1.055499017239e-01 1.255808919668e-01 1.334068626165e-01 1.410432010889e-01 2.343740612268e-01 6.574600338936e-01 4.060969650745e-01 3.906232714653e-01 6.421527266502e-01 1.452091932297e+00 2.878377437592e+00 3.013955593109e+00 3.805867195129e+00 6.073421955109e+00 3.256713151932e+00 3.102550745010e+00 2.411075592041e+00 2.469017267227e+00 2.091747999191e+00 1.113045454025e+00 1.388639807701e+00 1.356586337090e+00 1.465151667595e+00 1.842262983322e+00
9.355206787586e-02 1.055514141917e-01 1.257125437260e-01 1.541426479816e-01 1.657090932131e-01 1.844454407692e-01 1.951994448900e-01 1.220450550318e-01 1.039086207747e-01 1.081924065948e-01 1.008749082685e-01 8.748413622379e-02 7.301278412342e-02 6.545494496822e-02 6.486169993877e-02 7.432778179646e-02 7.302583754063e-02 6.279736757278e-02 7.265121489763e-02 9.222491085529e-02 1.091690436006e-01 1.277611255646e-01 1.813307106495e-01 1.896677911282e-01 1.926551163197e-01 2.688640654087e-01 2.618340253830e-01 6.428356766701e-01 8.978388905525e-01 1.208678722382e+00 2.508461952209e+00 4.400441169739e+00 3.258774042130e+00 5.949123859406e+00 3.801015138626e+00 2.136973381042e+00 1.774857521057e+00 1.614353895187e+00 1.942304730415e+00 1.827458739281e+00 2.277206659317e+00 2.241234540939e+00 2.605972528458e+00
8.637941628695e-02 8.555496484041e-02 9.630613029003e-02 1.091913431883e-01 1.176910102367e-01 1.160446256399e-01 1.109288260341e-01 1.067355051637e-01 1.154908090830e-01 1.141678169370e-01 1.063526719809e-01 9.265217930079e-02 7.577650249004e-02 6.710128486156e-02 6.067780405283e-02 5.947185680270e-02 6.709270179272e-02 6.804962456226e-02 6.882234662771e-02 8.307241648436e-02 9.622071683407e-02 1.137884929776e-01 1.744063049555e-01 1.959799528122e-01 2.113643437624e-01 4.380885958672e-01 6.025715470314e-01 7.743604183197e-01 1.086794853210e+00 1.173154950142e+00 2.567525386810e+00 4.874402523041e+00 2.302866697311e+00 2.452189683914e+00 4.338797092438e+00 3.665581703186e+00 2.545066118240e+00 2.161809682846e+00 2.711196184158e+00 1.395143389702e+00 1.850102663040e+00 2.248174667358e+00 2.684737682343e+00
7.096451520920e-02 8.053422719240e-02 8.458293229342e-02 8.550543338060e-02 9.576290100813e-02 1.029597297311e-01 1.109130978584e-01 9.845029562712e-02 9.482656419277e-02 9.784847497940e-02 1.051256060600e-01 1.046194359660e-01 9.002522379160e-02 7.622331380844e-02 7.226087898016e-02 6.521549820900e-02 5.617893487215e-02 6.255995482206e-02 7.083429396152e-02 7.832070440054e-02 8.601623028517e-02 9.878181666136e-02 1.484380066395e-01 1.449233740568e-01 1.601158827543e-01 3.965139389038e-01 8.477687835693e-01 1.143914699554e+00 1.609238743782e+00 8.456159830093e-01 2.490412712097e+00 1.245924711227e+00 1.337625980377e+00 1.543818712234e+00 2.461151123047e+00 2.697011947632e+00 3.495425701141e+00 3.181673288345e+00 2.367790222168e+00 2.024746656418e+00 1.549998879433e+00 1.669471144676e+00 1.346938729286e+00
6.958656013012e-02 7.694692164660e-02 7.657492905855e-02 7.793810218573e-02 8.328879624605e-02 9.253585338593e-02 1.001477614045e-01 8.945383876562e-02 7.020962238312e-02 7.501943409443e-02 8.142524212599e-02 9.556607902050e-02 9.921228140593e-02 8.242494612932e-02 7.763332128525e-02 9.391711652279e-02 8.326133340597e-02 6.788828969002e-02 7.391760498285e-02 7.697774469852e-02 9.381241351366e-02 1.041607558727e-01 1.164710298181e-01 1.435277312994e-01 1.665153056383e-01 2.892657220364e-01 6.099898815155e-01 7.265884876251e-01 9.980042576790e-01 5.653552412987e-01 1.199993968010e+00 9.164630174637e-01 1.524215936661e+00 9.330893754959e-01 1.840932250023e+00 1.376699566841e+00 2.185077428818e+00 2.678617238998e+00 2.387355327606e+00 3.218610525131e+00 2.925704956055e+00 2.339434146881e+00 2.058289051056e+00
6.702335178852e-02 7.246176153421e-02 6.969065964222e-02 7.094246149063e-02 7.125948369503e-02 6.936636567116e-02 7.682709395885e-02 7.262483984232e-02 8.674475550652e-02 9.390188753605e-02 8.526029437780e-02 8.630031347275e-02 9.483391046524e-02 9.871188551188e-02 9.019565582275e-02 1.164789572358e-01 1.036871001124e-01 7.932976633310e-02 7.976343482733e-02 7.930074632168e-02 9.114979207516e-02 9.890635311604e-02 1.114390492439e-01 1.480411738157e-01 1.739451736212e-01 2.594724595547e-01 3.899277746677e-01 4.494527578354e-01 4.827846884727e-01 6.100381016731e-01 1.015480279922e+00 1.558074951172e+00 1.052536725998e+00 2.497466564178e+00 8.764608502388e-01 1.143758654594e+00 2.337481260300e+00 3.270737886429e+00 1.601258635521e+00 1.810653805733e+00 1.151711702347e+00 2.172195434570e+00 1.917231798172e+00
5.979259312153e-02 6.461229920387e-02 6.212920695543e-02 6.105422601104e-02 5.668353661895e-02 5.735907331109e-02 6.054057180882e-02 7.978285849094e-02 9.912142157555e-02 1.018619164824e-01 8.902019262314e-02 9.849176555872e-02 1.095964238048e-01 1.065198257565e-01 1.057079657912e-01 1.096353158355e-01 1.175163686275e-01 1.375614851713e-01 1.233288720250e-01 1.107511967421e-01 1.140911430120e-01 1.226504370570e-01 1.465771347284e-01 1.505267173052e-01 1.816791743040e-01 2.233785688877e-01 3.681344687939e-01 3.661999702454e-01 6.535542011261e-01 1.322861790657e+00 1.645246148109e+00 8.434737324715e-01 8.461189866066e-01 2.543965578079e+00 1.347833514214e+00 1.658675551414e+00 1.470756173134e+00 1.907519578934e+00 1.393278121948e+00 5.335444211960e-01 5.078822970390e-01 6.858824491501e-01 1.357010960579e+00
5.502104759216e-02 5.508764088154e-02 5.472680926323e-02 5.397588014603e-02 5.544934794307e-02 5.869386717677e-02 6.236720085144e-02 7.442575693130e-02 8.347009867430e-02 7.932288944721e-02 9.343294054270e-02 1.005632355809e-01 9.767281264067e-02 1.026960238814e-01 1.405994743109e-01 1.956568658352e-01 2.217752337456e-01 2.810566425323e-01 2.803660929203e-01 3.018658757210e-01 2.154830098152e-01 2.055387794971e-01 2.383908331394e-01 1.996241509914e-01 2.279513180256e-01 3.150908946991e-01 9.451799988747e-01 8.819804191589e-01 8.468756079674e-01 1.142094373703e+00 6.450401544571e-01 6.802151799202e-01 9.112542867661e-01 5.219404101372e-01 2.828018426895e+00 3.936910867691e+00 3.515898942947e+00 8.130980134010e-01 3.850480318069e-01 3.181594312191e-01 3.110551238060e-01 3.678187131882e-01 3.883310556412e-01
5.114069953561e-02 5.305798351765e-02 5.107393488288e-02 5.498106032610e-02 5.879518389702e-02 6.727074831724e-02 6.729103624821e-02 7.793978601694e-02 8.534695208073e-02 9.928897023201e-02 1.028675884008e-01 1.221454814076e-01 1.280569732189e-01 1.185002177954e-01 2.858132123947e-01 1.025704979897e+00 8.106124401093e-01 4.842933118343e-01 5.449431538582e-01 6.782748103142e-01 5.013199448586e-01 2.637613117695e-01 3.070159852505e-01 3.846502304077e-01 3.738275468349e-01 6.968306899071e-01 9.799693822861e-01 8.686616420746e-01 7.081512212753e-01 6.397795677185e-01 7.259024977684e-01 6.768263578415e-01 5.113320946693e-01 4.264148473740e-01 7.234548926353e-01 3.326055765152e+00 3.466477155685e+00 7.149206995964e-01 2.541669607162e-01 2.589122951031e-01 2.327983528376e-01 2.236993312836e-01 3.680665791035e-01
5.127688497305e-02 5.525369942188e-02 6.996510922909e-02 7.820327579975e-02 7.178454101086e-02 1.189941167831e-01 1.399094015360e-01 1.421819925308e-01 1.200726628304e-01 1.174861788750e-01 1.288562417030e-01 1.619837880135e-01 1.615309715271e-01 5.948100090027e-01 4.200245857239e+00 5.286619663239e+00 2.465392351151e+00 1.412653326988e+00 1.129349946976e+00 8.822799921036e-01 4.213455021381e-01 4.190276265144e-01 9.141401648521e-01 1.950456857681e+00 1.599302649498e+00 8.527050614357e-01 9.959520697594e-01 8.112013339996e-01 8.590130805969e-01 5.935734510422e-01 1.467810630798e+00 5.877639651299e-01 4.520304799080e-01 3.194920718670e-01 2.117337882519e-01 6.851342916489e-01 7.564378380775e-01 1.850919425488e-01 1.242300346494e-01 1.461912244558e-01 1.807559132576e-01 2.020640671253e-01 1.889431774616e-01
6.291195005178e-02 9.896160662174e-02 1.349193006754e-01 1.466233134270e-01 1.890966445208e-01 2.514055371284e-01 2.470065355301e-01 2.178866416216e-01 1.873386353254e-01 1.444719582796e-01 1.739698946476e-01 1.924165636301e-01 1.070019364357e+00 5.898224830627e+00 8.063443183899e+00 2.810704708099e+00 8.896228671074e-01 5.444714426994e-01 5.537793040276e-01 4.844155013561e-01 4.640336930752e-01 1.057431578636e+00 2.084538936615e+00 2.768851757050e+00 2.227502584457e+00 1.146090507507e+00 7.901632189751e-01 5.811034440994e-01 5.258316993713e-01 4.684630930424e-01 6.313949227333e-01 2.903133928776e-01 3.282089233398e-01 2.660685479641e-01 1.671331375837e-01 9.908915311098e-02 8.166052401066e-02 7.954146713018e-02 8.355451375246e-02 1.040593981743e-01 1.397231221199e-01 1.766933649778e-01 1.807567030191e-01
1.042096614838e-01 1.558448523283e-01 2.070530354977e-01 2.768909037113e-01 5.358602404594e-01 5.312134027481e-01 7.433103322983e-01 5.338827371597e-01 6.068893671036e-01 3.604820072651e-01 2.031401395798e-01 1.396278142929e+00 5.623519420624e+00 5.596729278564e+00 1.464112877846e+00 4.420155882835e-01 8.200798630714e-01 1.083222746849e+00 7.654945850372e-01 8.901462554932e-01 1.075947403908e+00 1.081641793251e+00 1.576029419899e+00 1.287741422653e+00 8.710718750954e-01 6.787812113762e-01 4.231543242931e-01 1.644282042980e-01 1.688898652792e-01 1.668557971716e-01 2.137019634247e-01 1.563121080399e-01 1.376920044422e-01 9.510563313961e-02 9.724736213684e-02 9.904680401087e-02 1.022396981716e-01 1.073168665171e-01 1.141319423914e-01 1.229182705283e-01 1.242747530341e-01 1.483389139175e-01 1.879767179489e-01
