VariationalSeries/SI/f64_max.grd
DSAA
101	101
32.816463539100	34.260883539100
35.556306596100	36.727886596100
8.407243294641e-04	1.378637695312e+02
[rows 19 to 37 of 101, columns 43 to 85 of 101]
1.358826279640e+00 1.674279332161e+00 2.176771163940e+00 2.218176126480e+00 1.437899708748e+00 2.209208011627e+00 1.124441385269e+00 1.171396374702e+00 1.267355322838e+00 1.285402894020e+00 1.173093676567e+00 1.727933883667e+00 2.081236600876e+00 2.059139728546e+00 1.366929888725e+00 1.669856190681e+00 2.202735185623e+00 2.064744949341e+00 1.136249303818e+00 1.832943558693e+00 8.451127409935e-01 1.186115741730e+00 1.593130946159e+00 7.865811586380e-01 7.801016569138e-01 9.194259047508e-01 7.586970925331e-01 9.565028548241e-01 8.875846862793e-01 7.028398513794e-01 7.579579353333e-01 1.046615600586e+00 1.181925773621e+00 9.154732227325e-01 8.138979673386e-01 6.616646051407e-01 4.544541835785e-01 4.999422430992e-01 5.529282093048e-01 4.604894518852e-01 4.298804700375e-01 3.768172860146e-01 4.096810817719e-01
1.228496670723e+00 1.640545248985e+00 2.326684236526e+00 2.683086395264e+00 1.941784143448e+00 1.953450918198e+00 1.156916022301e+00 1.240998148918e+00 1.098145127296e+00 1.375283002853e+00 1.439071059227e+00 1.615891814232e+00 2.227518558502e+00 2.190340757370e+00 1.693529725075e+00 1.815506219864e+00 2.150547504425e+00 2.333151817322e+00 1.340807557106e+00 1.772109985352e+00 9.658374190331e-01 1.797489166260e+00 2.238993883133e+00 1.042267203331e+00 9.102025032043e-01 9.412174820900e-01 9.337278604507e-01 9.892282485962e-01 7.709035873413e-01 7.478783726692e-01 1.056800127029e+00 1.380828976631e+00 1.233490109444e+00 9.783269762993e-01 8.037009835243e-01 6.624772548676e-01 4.754557013512e-01 5.845875144005e-01 4.528021216393e-01 3.867993056774e-01 4.124283790588e-01 3.592839241028e-01 3.743030428886e-01
1.324799537659e+00 1.878684163094e+00 2.148445606232e+00 2.808654308319e+00 2.393006086349e+00 1.671919345856e+00 1.147408485413e+00 1.314827322960e+00 1.051682114601e+00 1.286423206329e+00 1.356845259666e+00 1.544277071953e+00 2.115908384323e+00 2.397238016129e+00 2.041733503342e+00 1.940483450890e+00 2.059656858444e+00 2.549782276154e+00 1.528575062752e+00 1.641694545746e+00 1.085489034653e+00 2.227108001709e+00 2.451781749725e+00 1.171900868416e+00 8.890352249146e-01 1.100500226021e+00 1.053995132446e+00 8.555405139923e-01 7.290750145912e-01 1.051092386246e+00 1.474065184593e+00 1.429567337036e+00 9.657280445099e-01 1.115929484367e+00 7.965399026871e-01 6.098554730415e-01 5.658159852028e-01 6.011631488800e-01 5.017983317375e-01 3.915742933750e-01 3.838864266872e-01 2.825875878334e-01 2.786993682384e-01
1.265565156937e+00 1.770339250565e+00 1.821599602699e+00 2.680968284607e+00 2.648342609406e+00 1.748497962952e+00 1.534561276436e+00 1.392736315727e+00 1.036005616188e+00 1.126356601715e+00 1.302676200867e+00 1.564917325974e+00 1.755031585693e+00 2.511452436447e+00 2.273804903030e+00 1.890229701996e+00 1.904046893120e+00 2.734447479248e+00 1.683447718620e+00 1.470704674721e+00 1.204533338547e+00 2.211755037308e+00 2.136806726456e+00 1.017518281937e+00 9.732439517975e-01 1.148357033730e+00 9.564203619957e-01 7.806139588356e-01 1.106237173080e+00 1.559566497803e+00 1.533648610115e+00 1.065421700478e+00 8.125513195992e-01 1.159366011620e+00 5.725822448730e-01 5.629311800003e-01 6.986181735992e-01 5.354832410812e-01 5.755859017372e-01 3.667968511581e-01 4.092508554459e-01 3.418374359608e-01 3.085741698742e-01
1.029519796371e+00 1.232752203941e+00 1.893979787827e+00 2.374040603638e+00 2.668498516083e+00 1.774686336517e+00 1.908600091934e+00 1.601194739342e+00 1.123606562614e+00 9.617280364037e-01 1.357237458229e+00 1.527048945427e+00 1.803113579750e+00 2.696988344193e+00 2.302312374115e+00 1.782873749733e+00 1.713328957558e+00 2.847343206406e+00 1.795626759529e+00 1.782533288002e+00 1.400974154472e+00 1.818160414696e+00 1.593577265739e+00 9.474645853043e-01 1.195037841797e+00 1.110603928566e+00 8.178508281708e-01 1.180060267448e+00 1.690535426140e+00 1.643170833588e+00 1.115442276001e+00 6.597543358803e-01 8.694945573807e-01 1.087442040443e+00 5.843083858490e-01 6.033878326416e-01 7.362880706787e-01 5.604466795921e-01 6.315162777901e-01 3.828514218330e-01 3.887569904327e-01 3.218556940556e-01 3.273831903934e-01
1.325625777245e+00 1.326017618179e+00 2.138827800751e+00 2.006903409958e+00 2.535979270935e+00 1.981287837029e+00 1.828941822052e+00 2.026047945023e+00 1.760604023933e+00 1.345397830009e+00 1.472381949425e+00 1.441579461098e+00 1.965975522995e+00 2.884509325027e+00 2.067260742188e+00 1.709439039230e+00 1.459758877754e+00 2.911546707153e+00 2.274722576141e+00 1.969043493271e+00 1.657271027565e+00 1.761955261230e+00 1.066193461418e+00 1.152323842049e+00 1.226682901382e+00 8.368744850159e-01 1.281274557114e+00 1.823327541351e+00 1.735952138901e+00 1.163208603859e+00 6.230087280273e-01 4.895753264427e-01 1.163059830666e+00 9.088057875633e-01 5.566740632057e-01 7.828812599182e-01 6.791910529137e-01 5.647785663605e-01 6.708716154099e-01 4.739206433296e-01 3.344420492649e-01 3.186407685280e-01 2.818527221680e-01
2.082194089890e+00 1.287049055099e+00 1.286553382874e+00 2.214747190475e+00 2.336375951767e+00 2.092115879059e+00 1.608680963516e+00 1.853704214096e+00 2.107570648193e+00 2.070059537888e+00 1.764353990555e+00 2.187299966812e+00 2.136807680130e+00 2.998024940491e+00 1.788683652878e+00 1.545280694962e+00 2.045833826065e+00 2.932304382324e+00 2.574630260468e+00 1.887944698334e+00 1.786576032639e+00 1.900664091110e+00 1.197541356087e+00 1.255524754524e+00 1.030959844589e+00 1.340911984444e+00 1.985713839531e+00 1.860769867897e+00 1.210367083549e+00 7.895917892456e-01 1.110620260239e+00 6.822963356972e-01 1.357098937035e+00 7.940548658371e-01 6.503698229790e-01 8.375628590584e-01 8.170869350433e-01 5.750796794891e-01 6.925318837166e-01 5.231007337570e-01 3.147997260094e-01 3.009940087795e-01 3.487613499165e-01
2.784437656403e+00 1.323593378067e+00 1.297292351723e+00 2.040769100189e+00 2.104535818100e+00 2.141626358032e+00 1.743276834488e+00 1.776434063911e+00 1.752411007881e+00 2.269264936447e+00 2.475720167160e+00 2.213571548462e+00 2.307700157166e+00 3.037835121155e+00 1.552454948425e+00 2.394470930099e+00 2.870782375336e+00 2.936221599579e+00 2.502114772797e+00 1.495947718620e+00 1.697252273560e+00 1.741694211960e+00 1.204774618149e+00 1.037020921707e+00 1.351499080658e+00 2.112066268921e+00 2.037790060043e+00 1.276049613953e+00 1.125643491745e+00 1.546806097031e+00 1.404114007950e+00 1.275165319443e+00 1.322040081024e+00 8.884105682373e-01 8.378628492355e-01 6.942082047462e-01 8.911377787590e-01 6.084291934967e-01 6.949982643127e-01 5.198879241943e-01 3.352375924587e-01 3.819145560265e-01 4.923767447472e-01
3.040144920349e+00 1.359667181969e+00 1.569195032120e+00 1.352416634560e+00 2.310538291931e+00 2.164118528366e+00 1.844704270363e+00 1.887221574783e+00 1.791654229164e+00 2.259475469589e+00 2.386752843857e+00 2.079876422882e+00 2.461071252823e+00 2.927347898483e+00 2.607148408890e+00 3.172499418259e+00 3.065267801285e+00 2.853254318237e+00 1.700541257858e+00 1.510833144188e+00 1.748116731644e+00 1.760357379913e+00 1.261324524879e+00 1.293545007706e+00 2.201829195023e+00 2.248567581177e+00 1.409396171570e+00 1.144670128822e+00 1.682979822159e+00 1.396599769592e+00 1.136719465256e+00 1.242931127548e+00 1.024772405624e+00 9.760637283325e-01 8.303394913673e-01 5.800035595894e-01 8.730083107948e-01 6.569367051125e-01 6.814059019089e-01 4.707031846046e-01 4.058960974216e-01 5.462224483490e-01 6.172376275063e-01
2.668832778931e+00 1.987671971321e+00 1.817044258118e+00 1.280498027802e+00 1.678150534630e+00 2.191468715668e+00 2.309578418732e+00 2.006231307983e+00 2.349213600159e+00 3.453328609467e+00 1.964133739471e+00 1.828505635262e+00 2.562596082687e+00 2.694301366806e+00 3.382429122925e+00 3.274674654007e+00 2.833278179169e+00 2.759292602539e+00 1.877416968346e+00 2.029998779297e+00 1.814993500710e+00 1.751774668694e+00 1.181352734566e+00 2.233969449997e+00 2.477730989456e+00 1.601832032204e+00 1.307581305504e+00 1.784348249435e+00 1.579308748245e+00 1.035092234612e+00 1.507477879524e+00 1.304729580879e+00 7.831037640572e-01 8.934656977654e-01 7.444180846214e-01 7.996727824211e-01 7.948670983315e-01 7.218782305717e-01 6.612440943718e-01 6.085303425789e-01 6.773665547371e-01 7.602578401566e-01 6.410341858864e-01
1.801179528236e+00 2.994425296783e+00 1.989553332329e+00 1.574055552483e+00 1.889167785645e+00 2.140954494476e+00 2.046951770782e+00 2.147932529449e+00 3.080742835999e+00 4.273447513580e+00 2.869347333908e+00 1.992385268211e+00 2.581886529922e+00 3.220215797424e+00 3.448689937592e+00 4.787432670593e+00 2.538656234741e+00 2.558066606522e+00 2.098685264587e+00 2.053103923798e+00 1.873003721237e+00 1.732401490211e+00 2.211503505707e+00 2.629691600800e+00 1.805839419365e+00 1.471891760826e+00 1.761356472969e+00 1.766134619713e+00 1.510109186172e+00 1.511612534523e+00 1.600678086281e+00 8.943210840225e-01 8.457717299461e-01 7.635259628296e-01 6.651094555855e-01 6.221467852592e-01 1.079370856285e+00 8.519484400749e-01 7.849343419075e-01 9.032900333405e-01 9.000300168991e-01 6.604416966438e-01 4.440690875053e-01
2.021974802017e+00 3.318236589432e+00 2.057397603989e+00 1.739673972130e+00 2.227534055710e+00 2.051342487335e+00 2.133516311646e+00 2.694064617157e+00 3.551726102829e+00 4.292088985443e+00 3.426567316055e+00 3.401453495026e+00 3.010118961334e+00 3.532314062119e+00 4.188802242279e+00 6.061822891235e+00 2.639539003372e+00 2.858592987061e+00 2.834613323212e+00 2.317375898361e+00 1.834928393364e+00 2.205901145935e+00 2.765050649643e+00 1.987998604774e+00 1.648253560066e+00 1.739308238029e+00 1.683610796928e+00 1.863157987595e+00 1.813078641891e+00 1.819159388542e+00 1.369099974632e+00 7.390813827515e-01 1.011486172676e+00 6.301661133766e-01 6.572667360306e-01 6.718680858612e-01 1.487519145012e+00 9.913214445114e-01 1.040423870087e+00 8.378802537918e-01 5.089907646179e-01 2.984239459038e-01 2.961893975735e-01
4.003569602966e+00 2.623676300049e+00 2.875903129578e+00 1.847323775291e+00 2.712209463120e+00 2.102700233459e+00 2.297630071640e+00 3.113243818283e+00 3.737739801407e+00 3.634296894073e+00 3.519876003265e+00 3.556545019150e+00 3.340373277664e+00 2.709799528122e+00 2.872010231018e+00 3.863504648209e+00 2.156154394150e+00 2.825336933136e+00 3.088720083237e+00 2.577102422714e+00 2.293733835220e+00 2.893395185471e+00 2.166065454483e+00 1.841502904892e+00 1.705225944519e+00 1.562852621078e+00 1.682028651237e+00 1.988672256470e+00 1.995313644409e+00 1.790152192116e+00 1.115965127945e+00 7.076107859612e-01 1.077324032784e+00 8.578655719757e-01 1.034739136696e+00 1.100694060326e+00 1.677145123482e+00 9.818082451820e-01 7.765663862228e-01 5.394501686096e-01 4.833633005619e-01 3.655984699726e-01 3.513915836811e-01
6.496657848358e+00 2.840297460556e+00 3.219592571259e+00 2.347911596298e+00 3.006099462509e+00 2.570425987244e+00 2.525053501129e+00 3.574532508850e+00 3.839958429337e+00 3.020593643188e+00 4.237295627594e+00 5.208262443542e+00 2.887539625168e+00 3.390437602997e+00 2.077745199203e+00 2.408687829971e+00 2.303191423416e+00 2.747392416000e+00 2.655035972595e+00 2.408438682556e+00 3.071651220322e+00 2.338296651840e+00 1.919367671013e+00 1.723783493042e+00 1.854356050491e+00 1.725674510002e+00 1.728403449059e+00 2.157402276993e+00 2.171370506287e+00 1.972192168236e+00 1.356869339943e+00 1.194236993790e+00 1.185337543488e+00 1.078556537628e+00 1.043843150139e+00 1.604395151138e+00 1.379683613777e+00 6.686198711395e-01 7.222493886948e-01 7.380856871605e-01 6.840115785599e-01 5.283705592155e-01 3.794478774071e-01
7.110304832458e+00 7.429288387299e+00 3.069516658783e+00 3.084285497665e+00 3.310329914093e+00 3.110989809036e+00 4.263636112213e+00 4.005186080933e+00 3.787229299545e+00 2.816473484039e+00 4.312348365784e+00 5.803585529327e+00 3.470502614975e+00 3.262417316437e+00 2.649528741837e+00 2.699223756790e+00 2.868779897690e+00 2.712146997452e+00 2.624453544617e+00 3.288063287735e+00 2.560843706131e+00 2.190474271774e+00 1.876745104790e+00 1.470004558563e+00 1.807620525360e+00 2.025545120239e+00 1.864416003227e+00 2.318255662918e+00 2.418099641800e+00 2.158086776733e+00 1.605807065964e+00 1.186140298843e+00 1.054841876030e+00 8.954957723618e-01 1.453003287315e+00 1.663444519043e+00 7.412542700768e-01 7.600554823875e-01 7.922298908234e-01 8.031917214394e-01 7.589620351791e-01 6.341772675514e-01 4.399671852589e-01
3.418750047684e+00 1.000754070282e+01 7.314249038696e+00 3.051563262939e+00 3.488264322281e+00 3.874748229980e+00 4.130157470703e+00 4.205342769623e+00 3.363118648529e+00 2.938597679138e+00 4.916606426239e+00 5.681904315948e+00 4.461865901947e+00 3.018100738525e+00 2.771901845932e+00 3.106618642807e+00 4.807561397552e+00 3.018947839737e+00 3.645907878876e+00 2.809800386429e+00 2.019736289978e+00 1.968292832375e+00 1.664295554161e+00 2.020515203476e+00 2.052606105804e+00 2.353143930435e+00 2.591574907303e+00 1.984469532967e+00 2.355349540710e+00 2.352487087250e+00 1.827308177948e+00 9.715350866318e-01 9.907451868057e-01 1.536804676056e+00 1.665986061096e+00 9.736915826797e-01 6.745980978012e-01 6.809398531914e-01 6.778355240822e-01 6.880818605423e-01 6.856175065041e-01 6.348792314529e-01 5.075055956841e-01
6.290187835693e+00 4.729771137238e+00 1.166902732849e+01 5.435127735138e+00 3.527301549911e+00 4.763496875763e+00 3.582295656204e+00 4.000446796417e+00 5.265298843384e+00 4.094092845917e+00 5.679711818695e+00 4.514315605164e+00 4.753468990326e+00 3.980347156525e+00 3.277159690857e+00 3.064217090607e+00 6.991439342499e+00 4.225050926208e+00 3.401488780975e+00 4.137748241425e+00 2.461012840271e+00 2.007120847702e+00 2.143484115601e+00 2.256790637970e+00 2.174098491669e+00 2.308215618134e+00 3.267226696014e+00 1.984701991081e+00 2.445285081863e+00 2.554078340530e+00 2.070806264877e+00 1.334748268127e+00 1.693377971649e+00 1.566588282585e+00 8.957561850548e-01 7.515496015549e-01 7.098706364632e-01 6.646984815598e-01 6.178616285324e-01 5.752087235451e-01 5.907166600227e-01 6.105327010155e-01 5.546183586121e-01
8.509105682373e+00 1.108677387238e+01 6.693518161774e+00 1.147498321533e+01 4.254779815674e+00 5.766981601715e+00 4.948753356934e+00 5.278446674347e+00 7.389474391937e+00 6.128793239594e+00 7.067996978760e+00 4.053355216980e+00 4.312897205353e+00 4.493050575256e+00 4.023941040039e+00 3.176556825638e+00 8.208855628967e+00 4.657127857208e+00 4.850452423096e+00 3.361284732819e+00 1.823660492897e+00 2.017729520798e+00 2.564362764359e+00 2.326167821884e+00 2.115330457687e+00 2.024635553360e+00 3.185435056686e+00 2.176795005798e+00 2.743654251099e+00 2.706562519073e+00 2.146390438080e+00 1.709929347038e+00 1.281979203224e+00 6.732053756714e-01 6.639140844345e-01 6.962378025055e-01 6.884203553200e-01 7.359204888344e-01 7.226580977440e-01 6.857478022575e-01 7.472954392433e-01 8.685359954834e-01 9.069551825523e-01
1.673353195190e+01 1.110315036774e+01 1.171743679047e+01 9.720245361328e+00 8.844039916992e+00 6.482399940491e+00 7.118020534515e+00 6.289171218872e+00 6.497932434082e+00 7.187117099762e+00 8.310237884521e+00 4.835692405701e+00 4.250221252441e+00 4.562874317169e+00 4.993987560272e+00 4.723681449890e+00 6.332876205444e+00 4.692154407501e+00 4.679399967194e+00 3.735973834991e+00 3.045437335968e+00 3.617275953293e+00 3.642410039902e+00 3.013634920120e+00 2.200398445129e+00 1.879782915115e+00 2.499389648438e+00 2.675425767899e+00 2.836011409760e+00 2.368270874023e+00 1.661212444305e+00 1.058952927589e+00 9.266343116760e-01 9.846430420876e-01 1.163915634155e+00 1.275722265244e+00 1.333973884583e+00 1.327639222145e+00 1.260000705719e+00 1.152757048607e+00 1.048540711403e+00 1.052600860596e+00 9.317477941513e-01
