VariationalSeries/SI/f64_max.grd
DSAA
101	101
32.816463539100	34.260883539100
35.556306596100	36.727886596100
8.407243294641e-04	1.378637695312e+02
[rows 38 to 56 of 101, columns 43 to 85 of 101]
8.434321403503e+00 1.309910774231e+01 1.399727344513e+01 8.301451683044e+00 1.391729831696e+01 6.830531597137e+00 7.016274929047e+00 9.427984237671e+00 8.083552360535e+00 6.485732078552e+00 9.552499771118e+00 4.954297542572e+00 5.442846298218e+00 4.606598854065e+00 7.156864643097e+00 5.208562374115e+00 5.648777484894e+00 3.207845211029e+00 4.369324207306e+00 6.634209156036e+00 6.762611389160e+00 5.184022903442e+00 3.575978040695e+00 2.831870079041e+00 2.437142133713e+00 2.201243877411e+00 2.042395114899e+00 2.090290307999e+00 1.858185648918e+00 1.394757866859e+00 1.385820984840e+00 1.640786170959e+00 1.875410079956e+00 1.928672313690e+00 1.956095218658e+00 1.960349082947e+00 1.930769681931e+00 1.783543467522e+00 1.584146142006e+00 1.412275791168e+00 1.272935032845e+00 1.277169227600e+00 1.080783247948e+00
8.390963554382e+00 1.737089157104e+01 1.120726203918e+01 1.564403533936e+01 1.126129055023e+01 1.591597080231e+01 1.337925338745e+01 8.277270317078e+00 8.408276557922e+00 6.749955654144e+00 1.084101009369e+01 7.002169609070e+00 4.550500392914e+00 5.223768711090e+00 9.501502037048e+00 5.671437740326e+00 6.481778621674e+00 1.013137245178e+01 9.084814071655e+00 6.158567428589e+00 4.160606384277e+00 2.828961133957e+00 2.578504085541e+00 2.331505298615e+00 2.347186565399e+00 2.242771148682e+00 1.965572357178e+00 1.714137554169e+00 1.546441674232e+00 1.545866489410e+00 1.697343826294e+00 1.594422459602e+00 1.308565378189e+00 1.107017874718e+00 1.069847822189e+00 9.229730963707e-01 9.877811074257e-01 1.085393548012e+00 1.194453716278e+00 1.322344422340e+00 1.432152032852e+00 1.881571054459e+00 1.940663099289e+00
1.235604000092e+01 8.642119407654e+00 1.529077529907e+01 1.211718463898e+01 1.287967491150e+01 1.677374076843e+01 1.021665287018e+01 9.289082527161e+00 6.636189460754e+00 6.890489101410e+00 1.159712314606e+01 6.269308090210e+00 6.438512802124e+00 6.317560195923e+00 7.703796863556e+00 1.244635391235e+01 8.493603706360e+00 4.406602382660e+00 4.115006923676e+00 2.729578018188e+00 2.073680400848e+00 2.989048957825e+00 3.924771308899e+00 3.536686658859e+00 2.546789884567e+00 2.220192193985e+00 2.170167684555e+00 2.000624179840e+00 1.727914571762e+00 1.606345295906e+00 1.511002182961e+00 1.530909061432e+00 1.464665293694e+00 1.361808657646e+00 1.328129410744e+00 1.396016836166e+00 1.377345204353e+00 1.250467061996e+00 1.661467194557e+00 2.265018463135e+00 1.861046910286e+00 1.392610073090e+00 1.204825878143e+00
1.371260356903e+01 1.256608295441e+01 1.992969703674e+01 1.665394973755e+01 1.573797512054e+01 1.734831428528e+01 1.633920097351e+01 9.013253211975e+00 1.016480159760e+01 9.650116920471e+00 1.141618537903e+01 8.905668258667e+00 8.294317245483e+00 1.409852218628e+01 9.089873313904e+00 6.743223190308e+00 5.726332664490e+00 4.637556076050e+00 3.414433002472e+00 5.526657104492e+00 5.951495647430e+00 3.125608682632e+00 4.922695159912e+00 3.738612651825e+00 3.364670515060e+00 2.967145919800e+00 2.620449542999e+00 2.343258619308e+00 2.110691070557e+00 2.033879518509e+00 3.806651830673e+00 1.617491006851e+00 1.536949753761e+00 1.454925656319e+00 1.839584708214e+00 2.296904563904e+00 2.104568958282e+00 2.407668828964e+00 2.048518419266e+00 2.246478557587e+00 2.266796112061e+00 2.217188358307e+00 2.035909891129e+00
1.307448101044e+01 1.808770942688e+01 1.561241626740e+01 1.553003978729e+01 1.440068054199e+01 1.819783401489e+01 2.876734161377e+01 1.240491104126e+01 1.449200344086e+01 1.445612430573e+01 1.317785453796e+01 1.321875762939e+01 1.503356075287e+01 8.607519149780e+00 9.311139106750e+00 5.249929904938e+00 7.109229087830e+00 9.503210067749e+00 7.475222587585e+00 7.144239425659e+00 7.429953575134e+00 5.011148929596e+00 3.103600978851e+00 3.011967182159e+00 2.792983293533e+00 2.616362571716e+00 3.192484140396e+00 5.519752025604e+00 6.625196933746e+00 5.876344680786e+00 2.900182485580e+00 2.096775770187e+00 1.990286469460e+00 2.153778314590e+00 2.710543870926e+00 2.779062271118e+00 2.515363454819e+00 2.250919103622e+00 1.677209615707e+00 2.086991548538e+00 2.493744611740e+00 2.489352226257e+00 2.394480228424e+00
1.548626995087e+01 2.250304412842e+01 3.716152191162e+01 2.274700737000e+01 3.668773269653e+01 1.884021949768e+01 4.504957962036e+01 1.293754196167e+01 2.507323265076e+01 1.804934692383e+01 1.579919052124e+01 1.540839004517e+01 8.748979568481e+00 1.067491817474e+01 1.207057189941e+01 1.179170417786e+01 7.297692298889e+00 4.334479808807e+00 9.307352066040e+00 8.048381805420e+00 4.409834861755e+00 4.026781558990e+00 3.812228202820e+00 6.940211772919e+00 8.533772468567e+00 7.541092395782e+00 4.960252285004e+00 3.570336580276e+00 3.880720853806e+00 2.452262163162e+00 1.966794729233e+00 2.950544118881e+00 3.668038368225e+00 3.290999889374e+00 2.902335882187e+00 3.920835018158e+00 4.644200801849e+00 4.152723789215e+00 2.977504491806e+00 2.173605203629e+00 2.716364622116e+00 2.983529329300e+00 3.147076129913e+00
1.912037849426e+01 2.407625579834e+01 2.837405014038e+01 3.767134475708e+01 3.148652267456e+01 3.191137504578e+01 5.281273269653e+01 2.097263908386e+01 2.435419464111e+01 1.917450714111e+01 1.937244606018e+01 1.118809700012e+01 1.210078048706e+01 1.510868549347e+01 1.178843307495e+01 8.431081771851e+00 1.216284275055e+01 1.129293441772e+01 8.944805145264e+00 1.131811714172e+01 1.145810604095e+01 9.936473846436e+00 7.110013961792e+00 3.884274244308e+00 4.265179157257e+00 3.847939491272e+00 3.055779218674e+00 3.154011249542e+00 3.403042316437e+00 3.657044410706e+00 3.560709476471e+00 3.037842988968e+00 2.918014049530e+00 2.448674678802e+00 4.470338344574e+00 5.462005138397e+00 5.120650291443e+00 3.771655082703e+00 2.284868240356e+00 1.402192354202e+00 1.950087785721e+00 2.237661838531e+00 2.059119939804e+00
1.809096336365e+01 2.657165718079e+01 3.153685379028e+01 3.008081245422e+01 4.474139404297e+01 3.342259597778e+01 5.375392150879e+01 2.965574645996e+01 2.536691093445e+01 2.814153099060e+01 2.154721069336e+01 1.417688274384e+01 1.407714176178e+01 1.505628204346e+01 8.685738563538e+00 1.287522125244e+01 1.661137771606e+01 1.143759918213e+01 6.806156635284e+00 6.739263057709e+00 5.945892333984e+00 4.603688716888e+00 4.436970233917e+00 4.912495613098e+00 4.913877487183e+00 4.339925765991e+00 3.757148265839e+00 3.667770624161e+00 3.055633544922e+00 3.360526084900e+00 3.217855215073e+00 2.934682130814e+00 2.037535190582e+00 3.731042146683e+00 4.450485706329e+00 4.219294071198e+00 2.946945428848e+00 1.587565541267e+00 2.184104919434e+00 2.054804086685e+00 1.537912011147e+00 1.465783715248e+00 1.584414005280e+00
2.680564308167e+01 3.753730773926e+01 3.830065155029e+01 4.175032424927e+01 4.538912582397e+01 5.704885101318e+01 5.378342056274e+01 1.047925720215e+02 3.858686065674e+01 2.444894599915e+01 2.272126579285e+01 2.024170303345e+01 1.722289657593e+01 2.623059654236e+01 2.293982887268e+01 1.338114738464e+01 1.239257144928e+01 1.286628055573e+01 9.420022010803e+00 8.328940391541e+00 8.252227783203e+00 7.849866867065e+00 8.409858703613e+00 6.270174026489e+00 8.064033508301e+00 7.134447574615e+00 4.485413551331e+00 4.084104537964e+00 4.136201381683e+00 3.860790491104e+00 3.296523094177e+00 3.185225486755e+00 3.323586225510e+00 3.824738979340e+00 3.555940628052e+00 2.728824615479e+00 2.082619428635e+00 1.886126756668e+00 1.838508844376e+00 1.818626165390e+00 1.778005719185e+00 1.712882041931e+00 1.649536609650e+00
1.698295974731e+01 4.965697097778e+01 3.428608703613e+01 4.283996963501e+01 6.770170593262e+01 5.420999908447e+01 6.440983581543e+01 7.649475097656e+01 3.770041656494e+01 3.562905120850e+01 4.521027374268e+01 2.881509017944e+01 3.575762176514e+01 2.777990722656e+01 2.326433181763e+01 2.029843330383e+01 1.725895500183e+01 1.493698501587e+01 1.318261528015e+01 1.850877571106e+01 2.164161109924e+01 9.030338287354e+00 5.891810417175e+00 5.959185600281e+00 8.369594573975e+00 5.266060829163e+00 4.551569461823e+00 4.327894687653e+00 3.994870662689e+00 3.801318407059e+00 3.650739192963e+00 3.776559114456e+00 3.996568441391e+00 3.416861295700e+00 2.615194559097e+00 2.440143585205e+00 2.311381101608e+00 1.896484732628e+00 1.876390814781e+00 1.879983425140e+00 1.734789133072e+00 1.777475476265e+00 1.867014408112e+00
4.585436630249e+01 5.361999893188e+01 6.132883834839e+01 6.466378021240e+01 7.484285736084e+01 1.036817550659e+02 1.378637695312e+02 6.380817794800e+01 5.142304611206e+01 3.581351852417e+01 5.095317077637e+01 5.073953247070e+01 1.921347999573e+01 3.068321228027e+01 3.365745544434e+01 1.669311332703e+01 1.543189430237e+01 1.635989189148e+01 1.804998016357e+01 2.126747512817e+01 1.640362358093e+01 6.973169326782e+00 7.905401229858e+00 6.494815349579e+00 6.068496704102e+00 5.192382812500e+00 5.048663139343e+00 5.010183811188e+00 4.163095951080e+00 2.889886856079e+00 2.584746599197e+00 2.832652330399e+00 3.007153034210e+00 3.089844465256e+00 3.030894994736e+00 2.902630567551e+00 2.587765693665e+00 2.653682708740e+00 2.958451032639e+00 3.029796361923e+00 2.712872743607e+00 2.354436635971e+00 2.054681539536e+00
3.064374542236e+01 5.458611297607e+01 5.635023880005e+01 7.143007659912e+01 7.063565826416e+01 6.991767883301e+01 6.859915924072e+01 5.690406417847e+01 3.982666015625e+01 4.547103118896e+01 4.359219741821e+01 4.574280548096e+01 5.535957336426e+01 2.430419540405e+01 2.055902481079e+01 1.277134513855e+01 1.163856506348e+01 8.233164787292e+00 7.581738471985e+00 6.465523719788e+00 5.550873279572e+00 6.288834571838e+00 7.752357959747e+00 8.921213150024e+00 9.131905555725e+00 8.015853881836e+00 6.413078784943e+00 4.442298889160e+00 3.082836151123e+00 2.541810274124e+00 2.064409255981e+00 2.330212593079e+00 3.030913591385e+00 2.030824899673e+00 2.295441865921e+00 2.508082628250e+00 2.004022359848e+00 2.451477050781e+00 2.897699117661e+00 3.070550680161e+00 3.485027074814e+00 4.378384113312e+00 4.971122741699e+00
1.202766036987e+01 1.642852783203e+01 2.589101791382e+01 1.224016799927e+02 6.744813537598e+01 6.433764648438e+01 3.594890213013e+01 3.688469314575e+01 3.410327911377e+01 5.432015991211e+01 5.053880691528e+01 7.155964660645e+01 1.038135910034e+02 7.631521606445e+01 4.975112915039e+01 2.291651916504e+01 1.078449058533e+01 7.688481330872e+00 7.011525154114e+00 9.389397621155e+00 1.221989059448e+01 1.131572914124e+01 8.352526664734e+00 5.368557453156e+00 5.904825210571e+00 5.587381362915e+00 7.990765571594e+00 1.190934276581e+01 5.522531032562e+00 2.905737400055e+00 2.688646793365e+00 4.415237426758e+00 2.893645524979e+00 1.811239004135e+00 1.590134859085e+00 1.648589491844e+00 1.657038688660e+00 1.705659031868e+00 1.736504435539e+00 1.735599398613e+00 1.738550901413e+00 1.923804998398e+00 1.678871631622e+00
2.180325269699e+00 5.438105106354e+00 1.309717273712e+01 1.746472358704e+01 1.780454635620e+01 1.740943145752e+01 1.357213687897e+01 1.851451492310e+01 1.851012229919e+01 2.945602607727e+01 5.980097198486e+01 6.749949645996e+01 9.289111328125e+01 5.394784545898e+01 3.852948379517e+01 2.179817962646e+01 9.950683593750e+00 5.216894626617e+00 5.515021324158e+00 1.215509891510e+01 3.871246719360e+01 1.615899848938e+01 1.381841659546e+01 1.031376266479e+01 1.051365566254e+01 9.029629707336e+00 9.726688385010e+00 6.815925121307e+00 3.372407674789e+00 4.448969841003e+00 3.750734806061e+00 3.790294408798e+00 2.304097175598e+00 2.089532136917e+00 1.457430958748e+00 1.334537744522e+00 1.383997797966e+00 1.382512807846e+00 1.493184328079e+00 1.381044030190e+00 1.797669649124e+00 2.111628532410e+00 2.042461395264e+00
1.522882819176e+00 2.834499835968e+00 8.244360923767e+00 4.789897441864e+00 4.241891384125e+00 3.458554029465e+00 5.268734931946e+00 8.673151016235e+00 9.071704864502e+00 9.617179870605e+00 2.724076652527e+01 1.342152404785e+02 1.064741287231e+02 4.806974792480e+01 2.206717300415e+01 6.354649543762e+00 3.818498611450e+00 2.510293722153e+00 3.120623111725e+00 7.977747917175e+00 1.829438781738e+01 3.188148117065e+01 1.597132778168e+01 1.215537166595e+01 9.592255592346e+00 7.200891971588e+00 7.631872653961e+00 7.133242607117e+00 6.260900974274e+00 5.642991542816e+00 6.878021717072e+00 2.942497014999e+00 2.730578660965e+00 2.205579042435e+00 2.253909111023e+00 2.100617408752e+00 1.758920788765e+00 1.503488063812e+00 1.719255089760e+00 1.984684586525e+00 2.325052738190e+00 2.289103031158e+00 1.952357411385e+00
1.023837089539e+00 4.211154937744e+00 9.896020889282e+00 7.297399997711e+00 1.804038405418e+00 2.118263483047e+00 2.027217388153e+00 4.098820686340e+00 4.474929809570e+00 7.283280849457e+00 1.402268123627e+01 3.670836639404e+01 7.864279937744e+01 5.386160659790e+01 7.294225311279e+01 1.758915138245e+01 2.161508083344e+00 1.362884998322e+00 2.148010015488e+00 7.104535102844e+00 2.178692245483e+01 3.408396911621e+01 2.600695037842e+01 1.770804786682e+01 1.230877113342e+01 7.749331951141e+00 8.790026664734e+00 6.514105319977e+00 6.292150497437e+00 6.262193202972e+00 5.204905509949e+00 4.150718212128e+00 2.923006534576e+00 3.115135192871e+00 2.795594453812e+00 2.227685928345e+00 1.979429006577e+00 1.836069226265e+00 1.702207565308e+00 1.987817406654e+00 2.181073427200e+00 2.121312141418e+00 1.879720807076e+00
8.730764389038e-01 2.149583816528e+00 1.461507320404e+01 1.755827903748e+01 9.159983634949e+00 1.427628397942e+00 1.086278200150e+00 2.042529582977e+00 2.041473150253e+00 1.657749176025e+00 1.402021169662e+00 5.908487319946e+00 2.662197494507e+01 1.538759994507e+01 8.889991760254e+01 1.072922229767e+01 6.055332660675e+00 2.287215471268e+00 1.907461404800e+00 6.178382396698e+00 1.212417697906e+01 1.073026962280e+02 3.318402099609e+01 1.446695709229e+01 1.465669250488e+01 7.737560272217e+00 8.304760932922e+00 7.088820457458e+00 1.013063621521e+01 7.784364223480e+00 4.466109752655e+00 4.431133747101e+00 4.134931087494e+00 3.938138008118e+00 3.867114543915e+00 3.083191394806e+00 3.040580987930e+00 3.365221023560e+00 2.174491167068e+00 1.666684150696e+00 1.645026803017e+00 1.625348448753e+00 1.881221532822e+00
5.600445270538e-01 9.675756096840e-01 1.204404115677e+00 6.819735527039e+00 4.196889877319e+00 1.017446398735e+00 8.662329316139e-01 1.016796469688e+00 9.531696438789e-01 9.156805872917e-01 6.631466150284e-01 7.413958907127e-01 2.273122787476e+00 1.412667179108e+01 4.026086807251e+01 9.855183601379e+00 8.224969863892e+00 3.873594760895e+00 2.258191585541e+00 4.433967113495e+00 5.165299415588e+00 7.070145130157e+00 6.450994014740e+00 4.877471446991e+00 7.188317775726e+00 1.196575832367e+01 1.049453926086e+01 1.047595024109e+01 6.736423492432e+00 8.819122314453e+00 9.200116157532e+00 8.018234252930e+00 4.898825168610e+00 4.061938762665e+00 3.891465663910e+00 3.397339820862e+00 2.903393745422e+00 2.948228359222e+00 2.856746912003e+00 1.890927910805e+00 1.556990861893e+00 1.604670166969e+00 1.733892440796e+00
6.145638823509e-01 9.836894273758e-01 6.469406485558e-01 7.275861501694e-01 7.388015985489e-01 8.691068291664e-01 8.018440604210e-01 7.526177763939e-01 6.957789063454e-01 5.282269120216e-01 3.694862723351e-01 3.139753341675e-01 5.236230492592e-01 1.465958595276e+01 2.279226303101e+01 2.353598785400e+01 6.719821929932e+00 7.163419246674e+00 6.283545970917e+00 2.596187114716e+00 2.814522266388e+00 5.285076141357e+00 1.443175029755e+01 1.363288879395e+01 1.777384185791e+01 1.788850784302e+01 1.677234840393e+01 1.584933662415e+01 1.502516651154e+01 1.433889007568e+01 1.526763248444e+01 1.870512962341e+01 1.598955631256e+01 6.545256614685e+00 2.668001413345e+00 3.136840105057e+00 3.434105873108e+00 2.372279167175e+00 2.346253156662e+00 1.659092426300e+00 1.634628057480e+00 1.207524895668e+00 1.359027266502e+00
