VariationalSeries/SI/f65_max.grd
DSAA
101	101
32.816463539100	34.260883539100
35.556306596100	36.727886596100
1.126940827817e-03	1.849088287354e+02
[rows 19 to 37 of 101, columns 0 to 42 of 101]
3.543111979961e-01 7.223395109177e-01 9.237068891525e-01 9.411153793335e-01 7.761924862862e-01 6.160002350807e-01 4.208606779575e-01 4.774857461452e-01 5.786826014519e-01 6.952463388443e-01 9.110330939293e-01 1.088277459145e+00 1.061296939850e+00 1.150666475296e+00 1.159282326698e+00 1.124225974083e+00 1.069217443466e+00 1.023810148239e+00 1.186060667038e+00 1.068001031876e+00 1.105880141258e+00 1.193087100983e+00 1.268539071083e+00 1.216572046280e+00 1.085083842278e+00 9.177820682526e-01 9.499185085297e-01 1.518424153328e+00 1.811492085457e+00 1.363670945168e+00 1.254378318787e+00 1.151747941971e+00 1.219800710678e+00 1.219548702240e+00 1.220441699028e+00 1.180163025856e+00 9.431732892990e-01 8.241135478020e-01 8.840174078941e-01 8.480789661407e-01 1.227656245232e+00 3.036471605301e+00 1.412383079529e+00
2.770877480507e-01 5.822352766991e-01 7.851170301437e-01 8.588366508484e-01 7.635960578918e-01 7.353912591934e-01 6.739186048508e-01 4.788109660149e-01 6.386818289757e-01 7.460721731186e-01 7.938866019249e-01 9.956842064857e-01 8.842174410820e-01 1.030947566032e+00 1.114214301109e+00 1.149633884430e+00 1.147298693657e+00 1.095264792442e+00 1.380990028381e+00 1.106394410133e+00 1.300427198410e+00 1.550701022148e+00 1.670506834984e+00 1.625813841820e+00 1.526239633560e+00 1.180551171303e+00 1.258574843407e+00 1.228771090508e+00 1.903271675110e+00 1.385379433632e+00 1.184461116791e+00 1.115482091904e+00 1.086503744125e+00 1.094334959984e+00 1.036645412445e+00 1.342096805573e+00 8.965292572975e-01 9.430406093597e-01 9.671024084091e-01 9.891875982285e-01 1.520937323570e+00 2.570366621017e+00 2.104118585587e+00
2.141444385052e-01 4.315468370914e-01 5.933727025986e-01 6.829437613487e-01 6.445103287697e-01 5.620877146721e-01 6.941061615944e-01 6.857583522797e-01 7.857418656349e-01 9.373835921288e-01 1.081344604492e+00 1.425264239311e+00 1.709949374199e+00 1.564744234085e+00 1.064245820045e+00 1.029081702232e+00 1.087262511253e+00 1.134265542030e+00 2.011973619461e+00 1.616560101509e+00 1.215751647949e+00 1.886341094971e+00 1.998808026314e+00 2.187466859818e+00 1.802304744720e+00 1.595936536789e+00 1.572733521461e+00 9.729901552200e-01 1.790515065193e+00 1.277816295624e+00 9.819821119308e-01 1.020433664322e+00 1.205232143402e+00 9.950054883957e-01 1.089521169662e+00 1.420145034790e+00 1.130645155907e+00 1.000436306000e+00 1.044635415077e+00 1.121029138565e+00 1.773712992668e+00 1.840960502625e+00 2.792596340179e+00
2.883744239807e-01 5.180937647820e-01 5.015886425972e-01 5.253337025642e-01 6.122703552246e-01 7.748239636421e-01 9.048720002174e-01 1.083266615868e+00 1.315925359726e+00 1.654250025749e+00 2.107039451599e+00 2.643697023392e+00 2.971411943436e+00 2.581938743591e+00 1.621533870697e+00 9.932589530945e-01 1.370917677879e+00 1.925735116005e+00 2.435678243637e+00 1.979799270630e+00 1.561278462410e+00 2.048357248306e+00 2.179382562637e+00 2.456834793091e+00 1.792491555214e+00 1.817476987839e+00 1.867879509926e+00 1.172016024590e+00 1.461922526360e+00 1.058570623398e+00 1.004278540611e+00 9.946373701096e-01 1.249843597412e+00 1.275245785713e+00 1.268059968948e+00 1.205297470093e+00 1.590689539909e+00 1.110873460770e+00 1.121699929237e+00 1.231346726418e+00 1.977370262146e+00 1.714284181595e+00 3.242762327194e+00
2.799281775951e-01 5.772450566292e-01 6.265704631805e-01 6.004277467728e-01 7.675346136093e-01 1.042445898056e+00 1.142555117607e+00 1.208389997482e+00 1.339117884636e+00 1.550218582153e+00 1.872445702553e+00 2.136429071426e+00 2.188736200333e+00 1.872778058052e+00 1.372051239014e+00 1.221932411194e+00 1.333297848701e+00 1.797678947449e+00 2.395076751709e+00 1.519246816635e+00 1.462698698044e+00 2.065636634827e+00 2.176497936249e+00 2.355899095535e+00 1.879058241844e+00 1.811521768570e+00 2.105486154556e+00 1.795708894730e+00 1.813179016113e+00 1.545084595680e+00 1.335432648659e+00 1.967833399773e+00 1.838889479637e+00 1.376534461975e+00 1.340287566185e+00 1.336544871330e+00 1.763812065125e+00 1.293803215027e+00 1.225973129272e+00 1.300423860550e+00 2.091652154922e+00 1.738074183464e+00 3.312259435654e+00
5.560960769653e-01 9.604830145836e-01 6.255234479904e-01 6.258698701859e-01 7.059482336044e-01 9.071975946426e-01 1.026995420456e+00 1.016408443451e+00 1.010717391968e+00 1.052067637444e+00 1.112439393997e+00 1.178581118584e+00 1.123308777809e+00 1.237429022789e+00 1.252592325211e+00 1.121786355972e+00 1.119212746620e+00 2.061355113983e+00 2.358065843582e+00 1.251938343048e+00 1.264874577522e+00 1.912533164024e+00 2.065351486206e+00 2.007389783859e+00 1.836799740791e+00 1.657353878021e+00 2.266578674316e+00 1.985930562019e+00 1.657005190849e+00 1.603825926781e+00 1.573178529739e+00 2.533589839935e+00 3.772423267365e+00 3.591383695602e+00 3.250229835510e+00 3.101100444794e+00 3.222190141678e+00 1.988912343979e+00 1.686572551727e+00 1.393436670303e+00 2.140337705612e+00 1.678822278976e+00 2.931991815567e+00
1.031052112579e+00 2.184902429581e+00 2.251068592072e+00 1.974960803986e+00 1.234225273132e+00 7.108729481697e-01 6.887823343277e-01 7.223454117775e-01 7.835164070129e-01 1.012892127037e+00 1.214378952980e+00 1.357387423515e+00 1.401311635971e+00 1.343384146690e+00 1.227263092995e+00 1.271837711334e+00 1.337723612785e+00 2.008311510086e+00 1.979517936707e+00 1.165553450584e+00 1.261904120445e+00 1.560161828995e+00 1.785670757294e+00 1.665523409843e+00 1.886633753777e+00 1.819436550140e+00 2.351665973663e+00 2.500735521317e+00 2.659683704376e+00 2.381119012833e+00 1.795847296715e+00 1.506021857262e+00 3.054659366608e+00 3.336709022522e+00 3.678183794022e+00 4.449192047119e+00 5.561445713043e+00 3.391952991486e+00 2.490135908127e+00 2.114516496658e+00 2.102399110794e+00 1.566300988197e+00 2.194897174835e+00
1.101678967476e+00 2.375146150589e+00 2.741404294968e+00 3.236814498901e+00 3.545497417450e+00 3.077464103699e+00 1.725648880005e+00 9.427728652954e-01 1.285947680473e+00 1.501692652702e+00 1.542460083961e+00 1.458909869194e+00 1.366209149361e+00 1.840683698654e+00 2.028805494308e+00 2.014995098114e+00 1.984253883362e+00 1.930672645569e+00 1.907227158546e+00 1.842186927795e+00 1.800681710243e+00 1.800671696663e+00 1.746804475784e+00 2.184883832932e+00 2.631237983704e+00 2.276196002960e+00 2.573297023773e+00 3.304724693298e+00 3.341487407684e+00 2.968374967575e+00 2.216327667236e+00 1.623466610909e+00 1.788063287735e+00 2.815149068832e+00 4.196816921234e+00 3.695390462875e+00 3.760987520218e+00 2.846919298172e+00 3.035676002502e+00 3.091888904572e+00 2.515635728836e+00 1.618279933929e+00 1.951269507408e+00
7.074348330498e-01 1.561034321785e+00 1.815422415733e+00 2.228654146194e+00 2.900821685791e+00 3.816110134125e+00 4.314443111420e+00 3.356747865677e+00 1.753641247749e+00 1.623657584190e+00 1.445438742638e+00 1.865092873573e+00 2.200150966644e+00 2.292204380035e+00 2.179015159607e+00 2.178027391434e+00 2.156224250793e+00 2.091755390167e+00 2.191267490387e+00 2.211366176605e+00 2.272879362106e+00 2.469715833664e+00 2.335052728653e+00 2.150121927261e+00 2.074344396591e+00 2.677282094955e+00 2.565796613693e+00 3.170773744583e+00 3.487305641174e+00 3.130175828934e+00 2.339107275009e+00 2.534512281418e+00 3.270096540451e+00 4.376723766327e+00 5.220883846283e+00 3.780552864075e+00 2.633163213730e+00 2.198507547379e+00 2.722997426987e+00 3.491269826889e+00 3.813133001328e+00 2.590766429901e+00 1.948374986649e+00
4.861983954906e-01 9.546000957489e-01 1.191620469093e+00 1.097555875778e+00 1.261517882347e+00 1.889137506485e+00 2.955936908722e+00 4.011982440948e+00 4.002658843994e+00 2.754777431488e+00 2.085552692413e+00 2.202191352844e+00 2.232721328735e+00 2.132941246033e+00 2.096964120865e+00 2.062254667282e+00 1.955154538155e+00 2.097654581070e+00 2.152175664902e+00 2.232065916061e+00 2.365704059601e+00 2.283009767532e+00 2.193822860718e+00 2.165697574615e+00 2.130117893219e+00 2.095158100128e+00 2.203165054321e+00 2.460759162903e+00 2.958300590515e+00 3.077032804489e+00 2.410985469818e+00 2.938373804092e+00 3.540454149246e+00 4.022178173065e+00 3.895719289780e+00 2.440274238586e+00 2.575559377670e+00 2.960874080658e+00 3.197358608246e+00 2.876117944717e+00 4.269001960754e+00 4.342716217041e+00 2.432768344879e+00
5.642834305763e-01 1.110634326935e+00 1.102584481239e+00 1.354562997818e+00 1.112057447433e+00 9.611440300941e-01 1.130604386330e+00 2.081770420074e+00 3.344276189804e+00 3.887630462646e+00 3.167910575867e+00 2.106929779053e+00 2.002349853516e+00 1.958207726479e+00 1.831907153130e+00 1.779361844063e+00 1.836213469505e+00 1.996607542038e+00 1.941900372505e+00 1.938491344452e+00 1.749484419823e+00 1.438440322876e+00 1.817109107971e+00 1.612112283707e+00 2.440683364868e+00 2.181244373322e+00 2.498188734055e+00 2.746562004089e+00 2.297517776489e+00 2.477401018143e+00 2.745406866074e+00 2.954890251160e+00 2.554030179977e+00 3.151471853256e+00 2.334531545639e+00 2.002214193344e+00 2.599802494049e+00 3.580076694489e+00 4.289813041687e+00 4.062844276428e+00 3.454511642456e+00 5.367831230164e+00 4.042729377747e+00
7.289155721664e-01 1.401240587234e+00 1.303079843521e+00 1.338566660881e+00 1.492952108383e+00 1.118983030319e+00 1.556156754494e+00 1.891444444656e+00 2.091961622238e+00 2.925530910492e+00 3.769188880920e+00 3.417829990387e+00 2.092308998108e+00 1.680900573730e+00 1.653845071793e+00 1.692526340485e+00 1.752177834511e+00 1.731024861336e+00 1.829128384590e+00 1.797482132912e+00 1.567565202713e+00 1.307498216629e+00 1.392418503761e+00 2.220625162125e+00 3.316800594330e+00 4.468928337097e+00 5.371458530426e+00 4.372352123260e+00 2.954741716385e+00 2.761765241623e+00 3.385155677795e+00 2.391604423523e+00 1.785374879837e+00 3.924865245819e+00 1.639782190323e+00 2.322466611862e+00 2.153102159500e+00 3.009822368622e+00 4.381318569183e+00 4.714983463287e+00 4.058954715729e+00 4.520393371582e+00 6.133152961731e+00
6.623573899269e-01 1.447730779648e+00 1.530402660370e+00 1.495293498039e+00 1.578457832336e+00 1.598657846451e+00 1.917519688606e+00 2.016346931458e+00 2.002969264984e+00 1.893105745316e+00 2.618318557739e+00 3.734127521515e+00 3.645003318787e+00 2.514929533005e+00 1.587024688721e+00 1.583898305893e+00 1.527236819267e+00 1.397237300873e+00 1.871248364449e+00 1.948021054268e+00 1.969866633415e+00 1.643036484718e+00 1.506386280060e+00 2.752358198166e+00 4.676339149475e+00 6.897136211395e+00 8.095474243164e+00 7.738535881042e+00 5.038856506348e+00 3.187193632126e+00 3.647887468338e+00 3.078371524811e+00 2.860608100891e+00 4.794104099274e+00 2.479913234711e+00 4.781279087067e+00 3.459947824478e+00 2.506761074066e+00 3.347057342529e+00 4.814876556396e+00 4.938414573669e+00 4.173788070679e+00 6.578610897064e+00
8.143708109856e-01 1.657940983772e+00 1.676955342293e+00 1.628388762474e+00 1.689117193222e+00 1.915187358856e+00 1.929823517799e+00 1.951590299606e+00 1.794209361076e+00 1.653975129128e+00 1.598806500435e+00 2.252351999283e+00 3.621254444122e+00 3.817568778992e+00 2.893089056015e+00 1.369659543037e+00 1.274775266647e+00 1.428601861000e+00 1.662360668182e+00 2.650332212448e+00 2.395539045334e+00 2.197160959244e+00 2.015390872955e+00 2.748018026352e+00 4.782477855682e+00 6.825162887573e+00 9.292390823364e+00 1.088818168640e+01 9.079949378967e+00 4.385248184204e+00 3.965566158295e+00 4.302659034729e+00 4.103055953979e+00 5.669766902924e+00 3.157957077026e+00 6.398028373718e+00 5.300100326538e+00 3.486466407776e+00 3.195343971252e+00 4.625222682953e+00 9.923303604126e+00 5.039112091064e+00 5.363423347473e+00
1.069527864456e+00 2.012620449066e+00 1.870077967644e+00 1.996078968048e+00 2.118201494217e+00 2.237710237503e+00 2.375625371933e+00 2.470497608185e+00 2.524437904358e+00 2.533214807510e+00 2.457630157471e+00 2.369220733643e+00 2.268897771835e+00 3.345262050629e+00 3.884058237076e+00 3.235893249512e+00 1.620420813560e+00 1.459484457970e+00 1.608294129372e+00 2.532558679581e+00 2.683758258820e+00 2.418076276779e+00 2.229107379913e+00 2.359484195709e+00 3.959979772568e+00 5.893565177917e+00 9.126296043396e+00 1.274846458435e+01 1.204042911530e+01 7.325695037842e+00 5.696470737457e+00 7.181317329407e+00 7.708398818970e+00 7.111391544342e+00 5.887786865234e+00 6.897371768951e+00 6.567394256592e+00 5.069391727448e+00 5.757979393005e+00 5.161692619324e+00 1.417532730103e+01 1.159380912781e+01 3.132873296738e+00
1.095488548279e+00 2.276347398758e+00 2.272335767746e+00 2.203349113464e+00 1.942262530327e+00 1.755042195320e+00 1.665565609932e+00 1.841367363930e+00 2.039089679718e+00 2.272239446640e+00 2.531899690628e+00 2.835110425949e+00 3.122917652130e+00 4.938855171204e+00 5.058337688446e+00 3.843935251236e+00 3.623631000519e+00 3.450588703156e+00 3.216188192368e+00 2.950251817703e+00 2.662368297577e+00 2.306927442551e+00 2.511454343796e+00 2.454923391342e+00 2.707819700241e+00 4.462297439575e+00 6.575766563416e+00 1.039979743958e+01 1.321035766602e+01 9.142268180847e+00 4.325403690338e+00 4.497555255890e+00 6.608250141144e+00 8.772584915161e+00 9.741315841675e+00 9.029780387878e+00 6.512575626373e+00 5.488916873932e+00 4.140592575073e+00 5.924463272095e+00 1.478760337830e+01 1.776980781555e+01 4.767419815063e+00
9.307532906532e-01 1.877073407173e+00 1.955766320229e+00 2.131465911865e+00 2.237761020660e+00 2.162675142288e+00 1.815715074539e+00 1.581721782684e+00 1.590453147888e+00 1.589837193489e+00 1.580757141113e+00 1.546504735947e+00 1.497418165207e+00 1.898233532906e+00 2.848230838776e+00 3.120188474655e+00 3.743073463440e+00 3.616430282593e+00 2.951206684113e+00 3.265001773834e+00 3.453771352768e+00 3.565256118774e+00 3.698693752289e+00 3.863665580750e+00 3.716053724289e+00 2.967712879181e+00 4.437027454376e+00 7.884250164032e+00 1.113108825684e+01 8.164843559265e+00 4.084439277649e+00 2.873964548111e+00 2.559249162674e+00 4.262200355530e+00 5.152699947357e+00 8.377081871033e+00 1.063475322723e+01 9.828695297241e+00 6.115400314331e+00 6.678537845612e+00 9.491219520569e+00 2.107351493835e+01 7.664886474609e+00
7.533128857613e-01 1.456752061844e+00 1.451608419418e+00 1.390615463257e+00 1.417407155037e+00 1.585868358612e+00 1.656677246094e+00 1.630761861801e+00 1.386816740036e+00 1.503994584084e+00 1.634133577347e+00 1.765978574753e+00 1.887517929077e+00 2.008970260620e+00 2.132639169693e+00 2.239660263062e+00 2.332768201828e+00 3.512400388718e+00 3.743743419647e+00 4.844955444336e+00 3.795990228653e+00 3.122276306152e+00 2.981111049652e+00 2.901027441025e+00 2.914168596268e+00 3.309288263321e+00 4.413852691650e+00 5.056032657623e+00 7.122653961182e+00 5.804195404053e+00 2.938928842545e+00 3.465419769287e+00 2.583658456802e+00 3.422110557556e+00 4.019012928009e+00 4.877593040466e+00 4.922541618347e+00 8.253908157349e+00 1.166315555573e+01 9.452180862427e+00 8.434208869934e+00 1.724683761597e+01 1.556358051300e+01
4.751805961132e-01 9.579108357430e-01 9.432159662247e-01 9.212543964386e-01 1.039869904518e+00 1.224138855934e+00 1.341369628906e+00 1.406921625137e+00 1.429477334023e+00 1.317440032959e+00 1.224527955055e+00 1.286345958710e+00 1.360309362411e+00 1.372965335846e+00 1.391888499260e+00 1.857969760895e+00 2.068073034286e+00 2.770147323608e+00 5.240644454956e+00 5.488099098206e+00 4.860678195953e+00 4.147787094116e+00 4.860259532928e+00 5.818620681763e+00 4.097048282623e+00 4.687767505646e+00 4.566061973572e+00 4.244587421417e+00 4.432589054108e+00 5.849238872528e+00 5.494328022003e+00 3.424703836441e+00 3.566532135010e+00 3.749375343323e+00 4.062141895294e+00 4.228903770447e+00 4.385118007660e+00 5.647139549255e+00 8.250764846802e+00 9.623996734619e+00 1.149637699127e+01 1.542847156525e+01 1.275324440002e+01
