VariationalSeries/SI/f65_max.grd
DSAA
101	101
32.816463539100	34.260883539100
35.556306596100	36.727886596100
1.126940827817e-03	1.849088287354e+02
[rows 0 to 18 of 101, columns 0 to 42 of 101]
1.708902567625e-01 3.054432868958e-01 2.706489861012e-01 1.619478166103e-01 1.360501945019e-01 1.772541701794e-01 3.531478941441e-01 4.922608137131e-01 4.402265250683e-01 2.628434896469e-01 1.662598103285e-01 1.911042928696e-01 2.028839439154e-01 1.958851665258e-01 1.679683178663e-01 2.559416294098e-01 3.846502900124e-01 4.451739490032e-01 3.171108365059e-01 2.059734910727e-01 2.346359044313e-01 2.511354386806e-01 1.851416081190e-01 1.660242676735e-01 1.763780266047e-01 2.411542683840e-01 3.525972664356e-01 4.026969671249e-01 5.242983102798e-01 4.177854359150e-01 3.205662965775e-01 3.012292087078e-01 2.614030838013e-01 2.074090540409e-01 1.687291413546e-01 1.633665561676e-01 1.501963734627e-01 2.035871297121e-01 2.858200371265e-01 3.278953433037e-01 2.746470272541e-01 2.330951690674e-01 2.220573872328e-01
3.163032233715e-01 5.969091653824e-01 5.854451656342e-01 4.088470637798e-01 2.887563407421e-01 3.427464067936e-01 6.796830296516e-01 9.398586750031e-01 8.314648270607e-01 4.844234883785e-01 2.854973077774e-01 3.265247642994e-01 3.448569178581e-01 3.283166885376e-01 2.864471971989e-01 3.806757032871e-01 6.060455441475e-01 7.932697534561e-01 7.161565423012e-01 4.268396198750e-01 4.279870390892e-01 6.558457016945e-01 3.449724018574e-01 3.095272481441e-01 3.638143241405e-01 4.712238609791e-01 5.911237001419e-01 6.748281717300e-01 9.970532059669e-01 7.762115001678e-01 5.210735797882e-01 4.722029268742e-01 4.408841431141e-01 3.567139208317e-01 3.836588859558e-01 4.010836482048e-01 4.032288491726e-01 4.528828263283e-01 5.697782635689e-01 5.734775066376e-01 4.243001639843e-01 4.204325973988e-01 4.593876898289e-01
3.093581199646e-01 6.350302696228e-01 7.118189334869e-01 6.096979975700e-01 3.918664753437e-01 3.956716060638e-01 7.864963412285e-01 1.068499922752e+00 9.154708981514e-01 5.016058683395e-01 3.605716824532e-01 4.065439403057e-01 4.200651943684e-01 3.886836767197e-01 3.200656771660e-01 3.081673681736e-01 3.980039656162e-01 5.945687890053e-01 6.798618435860e-01 5.526412129402e-01 6.760929822922e-01 1.013861775398e+00 4.439500868320e-01 3.833315372467e-01 4.838632941246e-01 5.857703685760e-01 6.080429553986e-01 6.124002933502e-01 1.162005782127e+00 8.704577088356e-01 5.048893690109e-01 4.328928887844e-01 6.033701300621e-01 3.210394382477e-01 3.611186444759e-01 4.146808981895e-01 5.198166966438e-01 6.587028503418e-01 6.888501048088e-01 5.707303881645e-01 5.834200382233e-01 3.899857997894e-01 5.149245262146e-01
2.745400369167e-01 6.042900681496e-01 7.203953862190e-01 7.364334464073e-01 5.920180678368e-01 4.051375389099e-01 8.220855593681e-01 1.093263030052e+00 8.847025036812e-01 4.307725727558e-01 3.990631997585e-01 4.405620992184e-01 4.386951029301e-01 3.903222680092e-01 3.103842437267e-01 3.146318793297e-01 3.002168238163e-01 3.452374041080e-01 4.493227601051e-01 5.111130475998e-01 1.134047627449e+00 1.290301918983e+00 4.971840977669e-01 4.209091961384e-01 5.337263941765e-01 6.120788455009e-01 5.855150818825e-01 5.588703751564e-01 1.163980841637e+00 8.462531566620e-01 4.286536276340e-01 3.484687805176e-01 6.954860687256e-01 3.697130978107e-01 4.044907987118e-01 5.721669197083e-01 7.080103754997e-01 7.378461360931e-01 6.245232224464e-01 7.228220105171e-01 7.044600248337e-01 4.323348999023e-01 4.720289707184e-01
2.685034275055e-01 5.780603289604e-01 6.843838691711e-01 7.570441961288e-01 7.245757579803e-01 5.121707320213e-01 8.388927578926e-01 1.092203021049e+00 8.293194174767e-01 3.653093278408e-01 4.280071556568e-01 4.556522369385e-01 4.414588510990e-01 4.394410848618e-01 4.034495055676e-01 3.406925797462e-01 3.317051231861e-01 3.271413743496e-01 4.632829725742e-01 9.388189315796e-01 1.576453447342e+00 1.417550563812e+00 5.334993600845e-01 5.996194481850e-01 5.339711904526e-01 5.980089902878e-01 5.364161729813e-01 5.562655329704e-01 1.101799845695e+00 7.971770763397e-01 5.065513253212e-01 3.961911797523e-01 7.415379285812e-01 4.532715678215e-01 6.361683607101e-01 7.615636587143e-01 7.698929905891e-01 6.498534679413e-01 4.473623335361e-01 7.419390678406e-01 8.611401319504e-01 5.777629613876e-01 3.738723695278e-01
2.505754828453e-01 5.041544437408e-01 6.093698740005e-01 6.667773723602e-01 7.399277687073e-01 6.161360144615e-01 8.381998538971e-01 1.057031750679e+00 7.473856210709e-01 4.056900143623e-01 4.545185863972e-01 4.993367791176e-01 5.322186350822e-01 5.150759220123e-01 4.634051322937e-01 3.771990239620e-01 3.050559461117e-01 3.464903831482e-01 7.377242445946e-01 1.338518619537e+00 1.834218859673e+00 1.400173664093e+00 5.999560952187e-01 9.131373763084e-01 5.614562034607e-01 5.607067346573e-01 4.804697632790e-01 6.047564148903e-01 9.855721592903e-01 7.968184947968e-01 5.119616985321e-01 4.311113357544e-01 8.600214123726e-01 6.790277957916e-01 8.059482574463e-01 7.967432737350e-01 6.612532734871e-01 4.572263658047e-01 5.034654140472e-01 6.989992260933e-01 1.054822921753e+00 6.712653040886e-01 3.638801574707e-01
3.156667649746e-01 5.606959462166e-01 5.173743367195e-01 5.122364163399e-01 6.386821269989e-01 6.188452839851e-01 8.249877691269e-01 1.010233521461e+00 6.706607937813e-01 4.473626017570e-01 5.022755265236e-01 5.715916752815e-01 5.792027115822e-01 5.386378765106e-01 4.584873914719e-01 4.326753020287e-01 4.103244841099e-01 5.109155178070e-01 9.957678318024e-01 1.599335312843e+00 1.899447083473e+00 1.278753399849e+00 7.942957878113e-01 1.157470703125e+00 8.135622143745e-01 5.104409456253e-01 4.698024392128e-01 1.121838688850e+00 1.573336362839e+00 1.015085220337e+00 5.678888559341e-01 4.824764728546e-01 9.444888830185e-01 7.962011694908e-01 7.961255908012e-01 6.610286831856e-01 4.607405662537e-01 5.045599937439e-01 7.313536405563e-01 9.233953952789e-01 1.083387374878e+00 7.936659455299e-01 3.631403744221e-01
3.202885389328e-01 6.406921148300e-01 6.620349884033e-01 4.791851937771e-01 4.574916362762e-01 5.179694294930e-01 8.134942054749e-01 9.876789450645e-01 6.245934963226e-01 4.835513532162e-01 5.670874714851e-01 6.053064465523e-01 5.853341221809e-01 5.164335966110e-01 4.836910963058e-01 5.479061007500e-01 6.107442378998e-01 6.744784116745e-01 1.220729112625e+00 1.735288619995e+00 1.864354372025e+00 1.149261713028e+00 8.619253635406e-01 1.272692680359e+00 9.895530343056e-01 6.304112672806e-01 4.528363049030e-01 1.705259799957e+00 2.205198287964e+00 1.190231323242e+00 6.206424236298e-01 5.808542966843e-01 9.328353404999e-01 7.309967875481e-01 6.781236529350e-01 4.811827838421e-01 4.829640090466e-01 7.197639942169e-01 9.510667324066e-01 1.050629496574e+00 9.527119994164e-01 9.945500493050e-01 4.190953969955e-01
2.770001590252e-01 6.056622862816e-01 7.531978487968e-01 6.856176257133e-01 4.554792940617e-01 4.476303458214e-01 8.046455383301e-01 9.790868163109e-01 6.011786460876e-01 5.403130650520e-01 6.012188792229e-01 6.070705056190e-01 5.557451844215e-01 4.776185452938e-01 5.038769841194e-01 5.825539231300e-01 7.901421189308e-01 8.094279766083e-01 1.347193717957e+00 1.708907008171e+00 1.691795587540e+00 9.973365068436e-01 8.793107867241e-01 1.216798186302e+00 1.067554116249e+00 7.280406951904e-01 5.715608000755e-01 2.200224161148e+00 2.574284076691e+00 1.311344265938e+00 6.807857751846e-01 5.537550449371e-01 9.464098811150e-01 6.317622661591e-01 7.445135116577e-01 7.460821270943e-01 7.215379476547e-01 9.678728580475e-01 1.113507270813e+00 1.052693486214e+00 7.733315229416e-01 1.234661817551e+00 4.921243190765e-01
2.807992100716e-01 5.029516220093e-01 7.099900245667e-01 8.043493628502e-01 6.861156225204e-01 4.542860686779e-01 8.066128492355e-01 9.775325655937e-01 5.874124169350e-01 5.716425776482e-01 6.028121113777e-01 5.771484375000e-01 6.292097568512e-01 6.851509213448e-01 7.164781093597e-01 7.263998389244e-01 8.576948642731e-01 9.372157454491e-01 1.386883020401e+00 1.585074663162e+00 1.465680122375e+00 8.499478101730e-01 7.942450642586e-01 1.063338518143e+00 1.031099438667e+00 7.481684684753e-01 6.180334091187e-01 2.496996402740e+00 2.734450340271e+00 1.358540058136e+00 5.969285964966e-01 4.796198010445e-01 1.025726318359e+00 6.270906925201e-01 7.622990012169e-01 7.761852145195e-01 1.003273248672e+00 1.155500650406e+00 1.130613446236e+00 9.055935144424e-01 6.478665471077e-01 1.341487884521e+00 6.795588135719e-01
2.819490730762e-01 5.649570226669e-01 5.852972865105e-01 7.693405747414e-01 8.420554399490e-01 6.771919727325e-01 7.994900941849e-01 9.619989991188e-01 5.681290626526e-01 5.773958563805e-01 6.330628991127e-01 7.409534454346e-01 8.214192390442e-01 8.659296631813e-01 8.864423632622e-01 8.940434455872e-01 8.845037221909e-01 1.162315249443e+00 1.630324959755e+00 1.728049039841e+00 1.452387213707e+00 1.073417425156e+00 7.534891963005e-01 9.067942500114e-01 9.299419522285e-01 6.663304567337e-01 7.165648937225e-01 2.634394884109e+00 2.797820806503e+00 1.330416560173e+00 5.730899572372e-01 5.406876802444e-01 1.004951119423e+00 6.664142012596e-01 8.853003978729e-01 1.074065327644e+00 1.198102235794e+00 1.175276041031e+00 9.748645424843e-01 7.525718212128e-01 7.334872484207e-01 1.288983941078e+00 8.840631246567e-01
2.385852485895e-01 5.025904774666e-01 6.018640995026e-01 6.396638154984e-01 8.312856554985e-01 8.765423297882e-01 7.753458023071e-01 9.270949363708e-01 5.637896656990e-01 6.825500130653e-01 7.941415905952e-01 8.849307894707e-01 9.469696879387e-01 9.822702407837e-01 9.940075874329e-01 9.917643070221e-01 9.811216592789e-01 1.546468734741e+00 2.114872455597e+00 2.198278903961e+00 1.894018769264e+00 1.483703970909e+00 1.085220932961e+00 7.694633007050e-01 1.080945134163e+00 1.036027669907e+00 8.772093057632e-01 2.527688980103e+00 2.475077629089e+00 1.210397839546e+00 7.403957843781e-01 8.764902353287e-01 9.459701180458e-01 1.063885211945e+00 1.206685543060e+00 1.260863900185e+00 1.209214091301e+00 1.043866872787e+00 1.000221252441e+00 1.159058094025e+00 8.722106218338e-01 1.101908445358e+00 1.059441924095e+00
2.054882794619e-01 3.909251987934e-01 5.005494356155e-01 5.925451517105e-01 7.025988101959e-01 8.908636569977e-01 8.955791592598e-01 8.770209550858e-01 6.999149918556e-01 8.136962652206e-01 8.949843049049e-01 9.465618729591e-01 9.772096276283e-01 9.939658641815e-01 9.947877526283e-01 9.891757369041e-01 9.887576699257e-01 1.701383948326e+00 2.299581289291e+00 2.348313331604e+00 2.029933214188e+00 1.652452588081e+00 1.291158080101e+00 9.438757896423e-01 1.453711628914e+00 1.405641078949e+00 1.185151696205e+00 2.200460672379e+00 1.941552758217e+00 1.029139995575e+00 1.295995831490e+00 1.462830424309e+00 1.457242012024e+00 1.409451365471e+00 1.372455835342e+00 1.330302476883e+00 1.289937138557e+00 1.223804831505e+00 1.119365334511e+00 1.570173025131e+00 9.766740798950e-01 8.378450274467e-01 1.365328073502e+00
2.545201480389e-01 4.947140812874e-01 4.865843355656e-01 4.553735554218e-01 5.583638548851e-01 7.640600800514e-01 9.532818794250e-01 9.099073410034e-01 7.787320613861e-01 8.653615713120e-01 9.085211753845e-01 9.221084117889e-01 9.149459600449e-01 8.936178684235e-01 8.697617650032e-01 8.646914958954e-01 8.860812187195e-01 1.561003088951e+00 2.068206548691e+00 2.137998819351e+00 1.919326066971e+00 1.626770734787e+00 1.342411398888e+00 1.060348510742e+00 1.436005949974e+00 1.483682751656e+00 1.310476064682e+00 1.799894213676e+00 1.415891289711e+00 1.126693964005e+00 1.521508932114e+00 1.721614480019e+00 1.642649531364e+00 1.483064055443e+00 1.332913756371e+00 1.253563046455e+00 1.183746337891e+00 1.102784037590e+00 1.007968306541e+00 1.660315275192e+00 1.521042466164e+00 8.654791712761e-01 1.550796985626e+00
3.283456265926e-01 6.567681431770e-01 6.598603725433e-01 6.475546956062e-01 6.261214613914e-01 5.947988033295e-01 8.355411887169e-01 1.018765568733e+00 9.011840820312e-01 8.461808562279e-01 8.568739295006e-01 8.379125595093e-01 8.000277280807e-01 7.496745586395e-01 7.058058381081e-01 7.139122486115e-01 7.217643260956e-01 1.232296705246e+00 1.588473081589e+00 1.675422072411e+00 1.567625284195e+00 1.407543420792e+00 1.241955637932e+00 1.064374089241e+00 1.124675989151e+00 1.226890444756e+00 1.198863506317e+00 1.830007433891e+00 1.037422657013e+00 1.145681262016e+00 1.484799265862e+00 1.649831056595e+00 1.579709887505e+00 1.306455373764e+00 9.642986655235e-01 9.984236359596e-01 8.515574336052e-01 9.011620283127e-01 8.776206970215e-01 1.368642568588e+00 2.028930425644e+00 8.774824142456e-01 1.559204578400e+00
3.331276476383e-01 6.769626736641e-01 7.012340426445e-01 7.349364161491e-01 7.605014443398e-01 7.673456072807e-01 7.632950544357e-01 9.150859117508e-01 1.064863801003e+00 8.548331260681e-01 7.691526412964e-01 7.289144992828e-01 6.772042512894e-01 6.374101638794e-01 6.862461566925e-01 7.298802137375e-01 7.776412963867e-01 1.014688611031e+00 1.111439824104e+00 1.192035555840e+00 1.167448878288e+00 1.082997441292e+00 1.011114001274e+00 9.583902955055e-01 9.173233509064e-01 9.001165032387e-01 1.193121075630e+00 1.936598658562e+00 1.322170734406e+00 1.293762445450e+00 1.537476658821e+00 1.561553716660e+00 1.308856129646e+00 1.309260249138e+00 7.068191170692e-01 1.185235381126e+00 1.130098462105e+00 1.046879529953e+00 8.982036709785e-01 9.585055112839e-01 2.302140235901e+00 1.252386450768e+00 1.381649017334e+00
3.606764078140e-01 6.226133108139e-01 6.213303804398e-01 6.490147113800e-01 7.021908164024e-01 7.724267244339e-01 8.187192678452e-01 8.434650301933e-01 9.795526862144e-01 1.036949396133e+00 8.885654211044e-01 8.564923405647e-01 8.648831844330e-01 7.841163277626e-01 7.076063156128e-01 8.003219962120e-01 8.840773701668e-01 1.043781280518e+00 1.053526997566e+00 8.799636363983e-01 7.966094613075e-01 9.371713995934e-01 1.173566818237e+00 1.220237135887e+00 1.102877378464e+00 8.883721232414e-01 1.320522427559e+00 1.970326185226e+00 1.328108072281e+00 1.395954251289e+00 1.469196557999e+00 1.509222269058e+00 1.621668100357e+00 1.456400871277e+00 8.898506164551e-01 1.334166169167e+00 1.256967902184e+00 1.039843678474e+00 7.828945517540e-01 9.351996183395e-01 2.208105087280e+00 1.922586917877e+00 1.080260515213e+00
4.115445911884e-01 7.580788731575e-01 8.163683414459e-01 7.042584419250e-01 6.520347595215e-01 7.046869993210e-01 7.191524505615e-01 7.094151377678e-01 7.672063708305e-01 9.543792009354e-01 1.039697647095e+00 1.071969628334e+00 1.075766086578e+00 9.893238544464e-01 9.703224897385e-01 9.370512366295e-01 8.806545734406e-01 1.044878959656e+00 1.096562862396e+00 9.754951596260e-01 8.052269220352e-01 7.408918142319e-01 8.192729949951e-01 9.146474599838e-01 9.387965202332e-01 9.419594407082e-01 1.155359268188e+00 1.891448020935e+00 1.353264689445e+00 1.183697223663e+00 1.356494426727e+00 1.562277078629e+00 1.745042443275e+00 1.488440155983e+00 1.023756980896e+00 1.474171996117e+00 1.204383254051e+00 9.347857236862e-01 7.049795985222e-01 8.531572818756e-01 1.775435566902e+00 2.602766513824e+00 1.195746302605e+00
4.037175476551e-01 7.916741967201e-01 9.411159753799e-01 8.865334987640e-01 6.712601780891e-01 5.227225422859e-01 6.350898742676e-01 7.204481363297e-01 7.734748721123e-01 7.807881832123e-01 1.028552412987e+00 1.143452525139e+00 1.091988801956e+00 1.095706462860e+00 1.109303116798e+00 1.095070481300e+00 9.697909951210e-01 1.034999012947e+00 1.131929039955e+00 1.043187975883e+00 8.005636334419e-01 9.581912159920e-01 9.294432401657e-01 9.559886455536e-01 8.442359566689e-01 8.246653079987e-01 8.668789863586e-01 1.750133156776e+00 1.600145459175e+00 1.264905810356e+00 1.224248647690e+00 1.320912957191e+00 1.635711193085e+00 1.460559844971e+00 1.182958722115e+00 1.424047589302e+00 1.049951195717e+00 8.388980627060e-01 7.921103835106e-01 7.753658294678e-01 1.215074777603e+00 3.044348955154e+00 1.257186412811e+00
