VariationalSeries/SI/f65_max.grd
DSAA
101	101
32.816463539100	34.260883539100
35.556306596100	36.727886596100
1.126940827817e-03	1.849088287354e+02
[rows 76 to 94 of 101, columns 0 to 42 of 101]
1.186838187277e-02 1.717156544328e-02 2.260548435152e-02 2.677776664495e-02 2.878514304757e-02 2.897553704679e-02 2.799521945417e-02 2.643147110939e-02 2.465254999697e-02 2.662954665720e-02 3.011398576200e-02 3.611472994089e-02 4.277428239584e-02 4.704535752535e-02 4.790476709604e-02 4.650542885065e-02 4.235482588410e-02 4.509234055877e-02 4.642741009593e-02 4.966109618545e-02 6.855352222919e-02 6.706189364195e-02 4.391896352172e-02 4.767801240087e-02 4.417716339231e-02 4.059367254376e-02 4.158424213529e-02 4.622979089618e-02 5.190673843026e-02 5.486185848713e-02 5.282076075673e-02 4.974126070738e-02 4.835220426321e-02 4.793202131987e-02 5.268467217684e-02 6.316547095776e-02 1.223048716784e-01 1.457388699055e-01 1.371742486954e-01 9.668701142073e-02 9.556411951780e-02 1.578221023083e-01 2.748310267925e-01
1.194525789469e-02 1.932049542665e-02 2.565395087004e-02 2.960037253797e-02 3.117862530053e-02 3.102668002248e-02 2.979937009513e-02 2.798217162490e-02 2.908637560904e-02 3.229550272226e-02 3.717222437263e-02 4.395665600896e-02 5.023252591491e-02 5.329036340117e-02 5.246730148792e-02 4.866547510028e-02 4.145468398929e-02 4.259975254536e-02 4.277692735195e-02 3.808012977242e-02 3.911281377077e-02 4.100795835257e-02 3.577511012554e-02 4.310913011432e-02 4.567580297589e-02 4.190073534846e-02 4.506362602115e-02 5.427799001336e-02 6.024635583162e-02 6.093592941761e-02 5.683822557330e-02 5.215295404196e-02 5.176568776369e-02 5.069847032428e-02 6.166851893067e-02 6.630583107471e-02 1.095993965864e-01 1.225094497204e-01 1.346745342016e-01 1.524023860693e-01 3.151205778122e-01 4.107952713966e-01 3.887287080288e-01
1.272775325924e-02 2.030871622264e-02 2.646110579371e-02 2.995164133608e-02 3.107009828091e-02 3.055663034320e-02 2.900398336351e-02 3.167160972953e-02 3.569491207600e-02 3.994274884462e-02 4.543503746390e-02 5.122702196240e-02 5.496926978230e-02 5.486246198416e-02 5.093334615231e-02 4.422409087420e-02 3.512956202030e-02 3.686317056417e-02 3.569725528359e-02 3.130026906729e-02 2.854639478028e-02 3.203740715981e-02 3.876632452011e-02 5.168210342526e-02 5.442288517952e-02 4.911658912897e-02 6.026431545615e-02 6.537433713675e-02 6.686169654131e-02 6.538545340300e-02 6.113060936332e-02 5.665692687035e-02 5.394757911563e-02 6.204796209931e-02 7.997774332762e-02 1.033902615309e-01 1.361261159182e-01 1.692291051149e-01 1.416071802378e-01 3.711887300014e-01 4.277450442314e-01 4.132574200630e-01 4.079193472862e-01
1.150135230273e-02 1.818328350782e-02 2.344866283238e-02 2.627701312304e-02 2.699736878276e-02 2.625446394086e-02 3.011721186340e-02 3.428152576089e-02 3.761531412601e-02 4.092730954289e-02 4.440548643470e-02 4.698508977890e-02 4.726887866855e-02 4.449287056923e-02 3.929179906845e-02 3.285623341799e-02 3.070177324116e-02 2.961799129844e-02 2.768355794251e-02 2.545544691384e-02 2.643560990691e-02 2.944444119930e-02 4.652972891927e-02 6.330007314682e-02 6.845073401928e-02 7.198339700699e-02 7.398560643196e-02 7.455087453127e-02 7.022805511951e-02 6.603979319334e-02 6.249102577567e-02 5.932124704123e-02 6.559200584888e-02 7.809913903475e-02 9.962407499552e-02 1.148221790791e-01 1.119705140591e-01 1.832086294889e-01 2.131818383932e-01 3.137239813805e-01 3.654671907425e-01 3.679854869843e-01 3.746058940887e-01
9.534576907754e-03 1.527017913759e-02 1.862303167582e-02 2.031328529119e-02 2.085620537400e-02 2.425733767450e-02 2.786714583635e-02 3.008759208024e-02 3.111131116748e-02 3.202216699719e-02 3.308159112930e-02 3.370837494731e-02 3.304784744978e-02 3.057966753840e-02 3.144006431103e-02 3.217812255025e-02 3.183085098863e-02 3.019284270704e-02 2.762191370130e-02 2.498278208077e-02 2.490122988820e-02 3.066443279386e-02 5.239024385810e-02 7.200598716736e-02 8.161178231239e-02 8.667103201151e-02 8.733281493187e-02 8.988268673420e-02 8.754439651966e-02 7.534675300121e-02 6.480691581964e-02 6.212202087045e-02 7.223104685545e-02 7.925684005022e-02 8.385676890612e-02 8.998619765043e-02 1.195784360170e-01 1.768196374178e-01 2.336104512215e-01 2.366531044245e-01 3.701160252094e-01 4.438626170158e-01 3.481028378010e-01
1.303914282471e-02 1.975962892175e-02 2.390821464360e-02 2.570770122111e-02 2.677545323968e-02 2.725870907307e-02 2.741871029139e-02 2.724019810557e-02 2.672089822590e-02 2.600475773215e-02 2.710539288819e-02 2.945495583117e-02 3.149699047208e-02 3.326287493110e-02 3.450699150562e-02 3.481847047806e-02 3.383786976337e-02 3.145781531930e-02 2.815384976566e-02 2.746898680925e-02 2.621768787503e-02 3.305751085281e-02 5.397918820381e-02 7.429957389832e-02 1.847227364779e-01 5.466642975807e-01 5.818026661873e-01 2.620536088943e-01 1.524897962809e-01 1.202552169561e-01 8.540781587362e-02 6.577047705650e-02 7.677536457777e-02 1.007457077503e-01 8.192759752274e-02 9.759988635778e-02 1.081910729408e-01 1.825140267611e-01 3.189975917339e-01 3.113444149494e-01 3.450856208801e-01 4.558997750282e-01 6.266128420830e-01
1.844217441976e-02 2.727808244526e-02 3.249831870198e-02 3.528892248869e-02 3.606859222054e-02 3.586669266224e-02 3.514506295323e-02 3.404395282269e-02 3.264573588967e-02 3.139284625649e-02 3.690685331821e-02 4.240143671632e-02 4.717076197267e-02 5.043714120984e-02 5.153318494558e-02 5.014485493302e-02 4.629488661885e-02 4.026407003403e-02 3.722352534533e-02 3.538523614407e-02 3.313182294369e-02 3.861808404326e-02 5.397967249155e-02 1.210194081068e-01 5.115764141083e-01 1.472646594048e+00 1.610216140747e+00 8.099835515022e-01 3.511174023151e-01 1.724601686001e-01 1.114207580686e-01 8.365797251463e-02 7.584159076214e-02 1.074098721147e-01 1.169108375907e-01 1.213240027428e-01 1.086823418736e-01 1.643538177013e-01 3.761086165905e-01 5.654952526093e-01 3.732021749020e-01 3.601537942886e-01 7.975182533264e-01
2.315506339073e-02 3.305843472481e-02 3.955079987645e-02 4.206390306354e-02 4.195404797792e-02 4.057455062866e-02 3.859559819102e-02 3.757171705365e-02 4.405438154936e-02 5.374303460121e-02 6.374379992485e-02 7.318983227015e-02 8.122796565294e-02 8.756531029940e-02 9.193286299706e-02 9.350747615099e-02 9.108366817236e-02 8.325081318617e-02 6.866957992315e-02 5.106050521135e-02 4.720798134804e-02 4.823826998472e-02 1.064134985209e-01 1.926687210798e-01 5.527739524841e-01 4.553917407990e+00 8.510199546814e+00 1.848514795303e+00 8.088653683662e-01 2.902508676052e-01 1.363112777472e-01 1.035452485085e-01 1.006534174085e-01 1.399076133966e-01 1.681991964579e-01 1.641366779804e-01 1.357130557299e-01 1.992556452751e-01 3.166597485542e-01 6.943659782410e-01 6.981970071793e-01 3.444958925247e-01 8.305895328522e-01
2.463131025434e-02 3.445134684443e-02 4.026115685701e-02 4.165195673704e-02 4.024083912373e-02 4.193306341767e-02 4.632662981749e-02 4.923428222537e-02 5.888782069087e-02 7.249537855387e-02 8.668739348650e-02 1.001605242491e-01 1.119822040200e-01 1.225281730294e-01 1.326519399881e-01 1.422464102507e-01 1.486525535583e-01 1.460403949022e-01 1.265435665846e-01 9.084778279066e-02 7.017973065376e-02 1.001032814384e-01 1.760042905807e-01 2.494525760412e-01 1.091094732285e+00 2.621842145920e+00 3.327596664429e+00 1.008772373199e+00 3.781483769417e-01 2.315019220114e-01 1.979231387377e-01 2.422823011875e-01 3.129278421402e-01 2.902697026730e-01 2.109010368586e-01 2.085087895393e-01 1.741473525763e-01 2.033050656319e-01 2.231063544750e-01 4.562991857529e-01 6.071197390556e-01 3.895400464535e-01 1.458929538727e+00
3.366823494434e-02 5.330705642700e-02 6.719424575567e-02 7.508516311646e-02 7.947739958763e-02 8.116775751114e-02 8.035989850760e-02 7.739984244108e-02 7.285995781422e-02 7.505846023560e-02 9.059079736471e-02 1.062436476350e-01 1.211051866412e-01 1.353761106730e-01 1.506213992834e-01 1.685931831598e-01 1.860385537148e-01 1.924013644457e-01 1.732865422964e-01 1.566436588764e-01 1.581332087517e-01 1.704678088427e-01 2.184566110373e-01 2.963722348213e-01 5.645922422409e-01 2.082226723433e-01 1.635340899229e-01 1.635036468506e-01 1.779597699642e-01 1.926889121532e-01 2.133489102125e-01 1.483759164810e+00 9.751552939415e-01 7.821755409241e-01 4.719754457474e-01 6.965803503990e-01 6.411466598511e-01 3.012980520725e-01 2.342795133591e-01 2.815881371498e-01 4.199764430523e-01 1.110715746880e+00 1.688146591187e+00
6.178168207407e-02 9.601777791977e-02 1.176075190306e-01 1.263572573662e-01 1.277575194836e-01 1.245534941554e-01 1.181528121233e-01 1.097721680999e-01 1.023600995541e-01 1.061664968729e-01 1.088518202305e-01 1.097085997462e-01 1.160033717752e-01 1.317276358604e-01 1.466139853001e-01 1.633631438017e-01 1.799258291721e-01 2.677400112152e-01 3.457787930965e-01 3.480973839760e-01 3.554018735886e-01 3.514902889729e-01 2.566704452038e-01 3.088974952698e-01 1.533106416464e-01 1.158706620336e-01 1.064252182841e-01 9.220987558365e-02 1.042748540640e-01 1.457281559706e-01 3.253129720688e-01 1.765907526016e+00 1.256252050400e+00 8.705604672432e-01 7.597884535789e-01 1.615263819695e+00 1.541420340538e+00 6.964418888092e-01 5.221596956253e-01 4.830141067505e-01 6.192593574524e-01 1.047865271568e+00 1.876400589943e+00
8.895650506020e-02 1.353704780340e-01 1.593173295259e-01 1.635769158602e-01 2.003338932991e-01 2.154016345739e-01 2.116917818785e-01 1.972915679216e-01 1.779217571020e-01 1.607858836651e-01 1.624447554350e-01 1.589034795761e-01 1.679431200027e-01 1.936706006527e-01 2.121307551861e-01 2.288463115692e-01 2.566727399826e-01 2.847373783588e-01 2.632788121700e-01 3.010381758213e-01 3.156046271324e-01 2.572136819363e-01 2.110114395618e-01 1.207432970405e-01 1.061219424009e-01 8.240588009357e-02 6.831204891205e-02 5.480349063873e-02 5.017598718405e-02 8.934020996094e-02 1.425114125013e-01 7.520641684532e-01 1.000529766083e+00 1.509049534798e+00 1.601648807526e+00 2.065484523773e+00 1.471670746803e+00 6.906656026840e-01 1.084813952446e+00 1.083262920380e+00 7.710534334183e-01 1.010679244995e+00 3.238857746124e+00
1.042656749487e-01 1.571094393730e-01 1.817195713520e-01 2.026060074568e-01 2.456583380699e-01 2.622117400169e-01 2.561826705933e-01 2.372777014971e-01 2.119836509228e-01 1.848734617233e-01 1.644904911518e-01 1.809685379267e-01 2.093295454979e-01 2.403306066990e-01 2.612879574299e-01 2.682088613510e-01 2.514142096043e-01 2.066177427769e-01 1.632128655910e-01 1.410821378231e-01 1.200005188584e-01 8.407729864120e-02 7.528755813837e-02 7.199432700872e-02 6.411594152451e-02 5.230129137635e-02 4.031275585294e-02 3.821764141321e-02 4.872534424067e-02 7.359165698290e-02 1.057516410947e-01 4.178500771523e-01 4.579190611839e-01 8.827449679375e-01 1.023452162743e+00 2.342632770538e+00 2.064661979675e+00 1.078683733940e+00 9.857985973358e-01 4.325036048889e+00 1.017047786713e+01 2.636435031891e+00 1.620383501053e+00
7.776644080877e-02 1.160553246737e-01 1.325956285000e-01 1.341051757336e-01 1.600643247366e-01 1.691169589758e-01 1.642805039883e-01 1.516103297472e-01 1.349994689226e-01 1.174428537488e-01 1.092724055052e-01 1.174692288041e-01 1.219087094069e-01 1.226429492235e-01 1.210181862116e-01 1.228567957878e-01 1.101720705628e-01 8.828326314688e-02 1.027715653181e-01 9.684851020575e-02 7.713108509779e-02 5.617651715875e-02 5.256551504135e-02 4.685615003109e-02 3.917916491628e-02 3.079753927886e-02 3.498602285981e-02 4.866167902946e-02 6.100646778941e-02 1.255829781294e-01 1.588424742222e-01 2.371075004339e-01 4.093907773495e-01 3.074311614037e-01 2.657178342342e-01 3.235650956631e-01 2.012927770615e+00 1.161375045776e+00 9.009421467781e-01 5.774282455444e+00 1.274820041656e+01 1.401306867599e+00 5.057435035706e-01
3.678961470723e-02 5.433398112655e-02 6.394417583942e-02 7.268336415291e-02 7.609131932259e-02 7.923772931099e-02 7.999967783689e-02 7.580472528934e-02 7.207921147346e-02 7.105585932732e-02 6.974433362484e-02 6.407982110977e-02 6.534498929977e-02 6.714785844088e-02 6.660255044699e-02 6.299951672554e-02 8.514119684696e-02 1.087015196681e-01 1.024086251855e-01 7.660782337189e-02 4.884782433510e-02 3.544249758124e-02 3.212322294712e-02 2.782222628593e-02 2.318910323083e-02 3.561357036233e-02 5.487245693803e-02 7.329152524471e-02 1.014659479260e-01 1.647127568722e-01 2.261799126863e-01 3.050358295441e-01 3.502406179905e-01 2.952477633953e-01 1.821852624416e-01 2.113412171602e-01 4.102271795273e-01 1.034852743149e+00 1.701732754707e+00 1.777658104897e+00 9.430161714554e-01 3.612560331821e-01 3.372601866722e-01
2.434819377959e-02 3.545280545950e-02 4.496964812279e-02 5.080429464579e-02 5.307674780488e-02 5.281247943640e-02 5.155672132969e-02 4.910273849964e-02 4.619545117021e-02 4.312308132648e-02 3.997616097331e-02 3.683901950717e-02 3.383443132043e-02 3.306926786900e-02 3.264692798257e-02 4.640970751643e-02 7.904733717442e-02 9.348505735397e-02 7.997411489487e-02 5.508897453547e-02 3.351237997413e-02 2.136355824769e-02 2.138302288949e-02 2.339206635952e-02 3.178470954299e-02 5.408012494445e-02 8.159408718348e-02 1.150105744600e-01 1.639120131731e-01 2.236732393503e-01 3.347183167934e-01 3.454883396626e-01 3.135775625706e-01 1.703970879316e-01 1.288039535284e-01 1.753848642111e-01 2.124109268188e-01 8.086969852448e-01 1.996768951416e+00 1.147688984871e+00 6.846262812614e-01 3.084127008915e-01 2.927618622780e-01
1.691679470241e-02 2.449967525899e-02 3.064424730837e-02 3.445454686880e-02 3.616908565164e-02 3.638601303101e-02 3.560075163841e-02 3.413093462586e-02 3.219912201166e-02 2.991411089897e-02 2.740912698209e-02 2.474600821733e-02 2.630034461617e-02 2.644770033658e-02 2.441127784550e-02 2.749686129391e-02 4.922548308969e-02 6.123549863696e-02 5.718994885683e-02 4.471743479371e-02 3.156844154000e-02 2.120702154934e-02 2.286970987916e-02 2.626852132380e-02 4.489905759692e-02 9.965978562832e-02 2.130398005247e-01 1.971511691809e-01 1.629226207733e-01 3.016615808010e-01 4.107690155506e-01 3.523814082146e-01 2.535727024078e-01 1.187028735876e-01 1.266956329346e-01 1.741715222597e-01 2.441644668579e-01 8.640618324280e-01 1.452950239182e+00 6.880804896355e-01 3.990295231342e-01 2.462389469147e-01 2.210888117552e-01
1.132540404797e-02 1.625194214284e-02 2.015913091600e-02 2.254218794405e-02 2.359205856919e-02 2.370277605951e-02 2.315030060709e-02 2.211220562458e-02 2.069313079119e-02 1.898278482258e-02 1.881973259151e-02 2.114877477288e-02 2.206445857882e-02 2.109874039888e-02 2.027198113501e-02 2.318455278873e-02 2.574503980577e-02 3.127808868885e-02 3.574980795383e-02 3.448260203004e-02 2.933159470558e-02 2.315871231258e-02 2.440703473985e-02 3.350162878633e-02 5.843501910567e-02 1.735792607069e-01 2.483237981796e-01 1.476858407259e-01 1.658089756966e-01 3.189790844917e-01 4.318878650665e-01 3.421990573406e-01 2.383491992950e-01 1.635259985924e-01 1.800250113010e-01 1.740731149912e-01 3.754142224789e-01 1.500590801239e+00 1.082997202873e+00 2.877587974072e-01 5.762525200844e-01 2.507330179214e-01 1.709602475166e-01
6.661289371550e-03 9.474796243012e-03 1.166684925556e-02 1.296165119857e-02 1.348328031600e-02 1.346143707633e-02 1.304939202964e-02 1.234481018037e-02 1.185537222773e-02 1.446371152997e-02 1.692139729857e-02 1.853094249964e-02 1.866473071277e-02 2.069628797472e-02 2.393054962158e-02 2.720408514142e-02 3.006198443472e-02 3.192137181759e-02 3.221442550421e-02 3.072663024068e-02 2.801683731377e-02 2.599016577005e-02 2.888734824955e-02 4.174480959773e-02 7.047627866268e-02 1.945910751820e-01 2.051454633474e-01 1.627179384232e-01 1.481236219406e-01 2.853200733662e-01 3.998503983021e-01 3.117185235023e-01 3.045822083950e-01 2.055178135633e-01 2.168968617916e-01 1.556600481272e-01 3.573006987572e-01 9.670930504799e-01 4.704135060310e-01 3.376209735870e-01 7.637836933136e-01 2.468650043011e-01 1.308181881905e-01
