VariationalSeries/SI/f65_max.grd
DSAA
101	101
32.816463539100	34.260883539100
35.556306596100	36.727886596100
1.126940827817e-03	1.849088287354e+02
[rows 0 to 18 of 101, columns 43 to 85 of 101]
2.688548266888e-01 4.588323831558e-01 5.286057591438e-01 4.188925921917e-01 2.918971180916e-01 2.941302955151e-01 2.529921233654e-01 2.314903140068e-01 1.523266136646e-01 2.203487306833e-01 2.923919558525e-01 3.464471101761e-01 4.132856428623e-01 5.902021527290e-01 2.650032341480e-01 3.269499540329e-01 4.151371717453e-01 4.527006745338e-01 3.058583736420e-01 2.056116461754e-01 2.322612851858e-01 2.982338070869e-01 3.060479164124e-01 3.354945480824e-01 3.400208950043e-01 2.426599860191e-01 1.627353727818e-01 1.642791181803e-01 3.103819191456e-01 4.656821191311e-01 3.741166293621e-01 1.834426820278e-01 2.316957116127e-01 1.511105448008e-01 1.545830816031e-01 1.327843219042e-01 1.135758310556e-01 1.034513860941e-01 7.606812566519e-02 7.674126327038e-02 1.023525521159e-01 1.710834652185e-01 1.699861288071e-01
4.660049676895e-01 8.310005068779e-01 1.037787675858e+00 9.183181524277e-01 6.883125305176e-01 6.365313529968e-01 5.286797881126e-01 4.489915370941e-01 4.174785912037e-01 4.839658141136e-01 5.390205979347e-01 6.143485307693e-01 8.173065781593e-01 1.178549051285e+00 5.046417117119e-01 6.211014389992e-01 7.842587828636e-01 8.471783399582e-01 5.817202329636e-01 3.964878916740e-01 4.522594511509e-01 5.687649250031e-01 6.057148575783e-01 5.862362980843e-01 5.989382266998e-01 5.052666068077e-01 3.019129633904e-01 3.412711918354e-01 7.014794349670e-01 1.115636944771e+00 6.656838655472e-01 3.026130497456e-01 4.533129930496e-01 2.781852483749e-01 2.991087436676e-01 2.475124299526e-01 2.029111236334e-01 1.820014268160e-01 1.464714258909e-01 1.464963555336e-01 2.264064997435e-01 3.465855121613e-01 3.228815793991e-01
5.868521928787e-01 8.484272956848e-01 1.159229516983e+00 1.139804482460e+00 9.263414144516e-01 9.259427189827e-01 6.268115043640e-01 5.526148080826e-01 7.451708912849e-01 7.454757094383e-01 5.356671810150e-01 6.803225874901e-01 8.708919286728e-01 1.232586264610e+00 5.874689221382e-01 7.065009474754e-01 8.774608373642e-01 9.694600105286e-01 6.700761914253e-01 5.239436030388e-01 5.244955420494e-01 5.710643529892e-01 6.813763380051e-01 7.347103953362e-01 8.828350901604e-01 6.793527603149e-01 3.925239741802e-01 4.221834242344e-01 9.212139844894e-01 1.440947413445e+00 6.823001503944e-01 3.518409729004e-01 5.221092700958e-01 3.069859147072e-01 3.337965607643e-01 2.923749387264e-01 2.599003314972e-01 2.066626846790e-01 1.699647754431e-01 2.084621191025e-01 2.869216501713e-01 3.836590051651e-01 3.303991258144e-01
6.761354207993e-01 7.679808139801e-01 1.036575555801e+00 1.125943899155e+00 1.003963470459e+00 1.239634513855e+00 6.570310592651e-01 7.553326487541e-01 1.065259099007e+00 1.097470879555e+00 7.295141220093e-01 7.116039395332e-01 8.921542167664e-01 1.243791818619e+00 6.169448494911e-01 7.875249981880e-01 8.999205827713e-01 1.010072112083e+00 7.235344052315e-01 6.876932382584e-01 5.634385943413e-01 7.119321823120e-01 8.610494732857e-01 8.485000729561e-01 1.172558307648e+00 8.380908966064e-01 4.424431324005e-01 5.030546188354e-01 1.075158238411e+00 1.563541889191e+00 6.433296799660e-01 3.917760550976e-01 5.537465214729e-01 3.108619749546e-01 3.405232429504e-01 3.727362155914e-01 3.148064315319e-01 2.372165918350e-01 2.036256343126e-01 2.577571868896e-01 3.425767421722e-01 3.996058106422e-01 3.164999186993e-01
6.647802591324e-01 9.206752181053e-01 8.175554871559e-01 9.515573978424e-01 9.255191087723e-01 1.574571251869e+00 6.323865652084e-01 9.323340058327e-01 1.360697507858e+00 1.461792826653e+00 1.029745459557e+00 7.415023446083e-01 9.171741604805e-01 1.249953985214e+00 6.390016078949e-01 8.624175190926e-01 9.106208086014e-01 1.043687582016e+00 8.011732697487e-01 8.459542989731e-01 6.662585735321e-01 9.003115296364e-01 1.093976020813e+00 1.064203023911e+00 1.458500146866e+00 9.691420793533e-01 5.300390124321e-01 5.392990112305e-01 1.138956427574e+00 1.511372208595e+00 6.945722699165e-01 4.667637348175e-01 5.729027390480e-01 3.681716024876e-01 4.217193126678e-01 4.377987980843e-01 3.499568700790e-01 2.475468665361e-01 2.588067650795e-01 2.809825539589e-01 3.998166322708e-01 4.052615165710e-01 3.027861714363e-01
5.763673782349e-01 9.771941304207e-01 7.334789037704e-01 7.541316747665e-01 8.045602440834e-01 1.908468842506e+00 7.139539718628e-01 1.060678243637e+00 1.622141480446e+00 1.822759032249e+00 1.344324469566e+00 7.817083597183e-01 9.510810971260e-01 1.255163669586e+00 7.085720896721e-01 9.246382117271e-01 9.084054827690e-01 1.073368191719e+00 8.205512166023e-01 9.819863438606e-01 8.076334595680e-01 1.090569376945e+00 1.303166985512e+00 1.247220039368e+00 1.714071989059e+00 1.044831752777e+00 5.831577181816e-01 6.301438808441e-01 1.090278625488e+00 1.226077914238e+00 6.902551651001e-01 5.395698547363e-01 5.783805847168e-01 4.114426672459e-01 4.937085807323e-01 4.866429865360e-01 3.669689893723e-01 2.587516605854e-01 2.916074097157e-01 3.143378496170e-01 4.568935930729e-01 4.122970700264e-01 2.903897464275e-01
5.256351828575e-01 9.355179667473e-01 7.358871102333e-01 5.893329381943e-01 7.453784346581e-01 2.215690135956e+00 7.892169356346e-01 1.121530890465e+00 1.802454829216e+00 2.098343372345e+00 1.629845023155e+00 8.611670136452e-01 9.810431599617e-01 1.255112409592e+00 7.169906497002e-01 9.851918220520e-01 8.929722905159e-01 1.094007253647e+00 7.901510000229e-01 1.038756012917e+00 9.243358969688e-01 1.226251482964e+00 1.445298314095e+00 1.348763942719e+00 1.901600956917e+00 1.052203774452e+00 5.630337595940e-01 7.058495879173e-01 9.341994524002e-01 8.525057435036e-01 6.462843418121e-01 6.115952730179e-01 5.743043422699e-01 4.382633864880e-01 5.508633255959e-01 5.152578949928e-01 3.652777075768e-01 3.044551610947e-01 2.874114811420e-01 4.272783994675e-01 5.220458507538e-01 4.227425158024e-01 2.710888385773e-01
6.061344742775e-01 8.931403160095e-01 7.108871340752e-01 6.635391116142e-01 8.393434882164e-01 2.507950067520e+00 9.011604785919e-01 1.085013628006e+00 1.821336507797e+00 2.215615987778e+00 1.854022145271e+00 1.126389384270e+00 1.019714951515e+00 1.262036085129e+00 7.143076062202e-01 1.041955232620e+00 8.666457533836e-01 1.107647061348e+00 8.142745494843e-01 9.837688803673e-01 9.942085146904e-01 1.289961934090e+00 1.479697704315e+00 1.348526597023e+00 2.009687900543e+00 1.013419151306e+00 6.450663805008e-01 8.410258889198e-01 7.092829346657e-01 6.766992211342e-01 7.224531769753e-01 6.839395761490e-01 5.583108067513e-01 5.665774941444e-01 5.871861577034e-01 5.189315080643e-01 3.453092873096e-01 3.127752244473e-01 3.586918413639e-01 5.749853849411e-01 5.714793205261e-01 4.023165106773e-01 2.266919910908e-01
6.812873482704e-01 8.958439826965e-01 7.055050730705e-01 7.184543013573e-01 9.297352433205e-01 2.780009984970e+00 1.018438458443e+00 9.535044431686e-01 1.663245081902e+00 2.157745838165e+00 1.987051486969e+00 1.373467922211e+00 1.060571908951e+00 1.446677923203e+00 8.041360378265e-01 1.098306298256e+00 8.663228154182e-01 1.117081642151e+00 8.308136463165e-01 8.694603443146e-01 1.038162350655e+00 1.263739109039e+00 1.404185891151e+00 1.356640934944e+00 1.996841073036e+00 8.961713910103e-01 7.694855928421e-01 9.856637120247e-01 6.890942454338e-01 8.338124155998e-01 9.114611744881e-01 7.537569999695e-01 6.498100161552e-01 7.051553130150e-01 7.204675078392e-01 4.949323236942e-01 3.378226161003e-01 3.012427687645e-01 5.704019665718e-01 6.953560113907e-01 5.521692633629e-01 3.190109729767e-01 2.693702876568e-01
7.311634421349e-01 9.127109050751e-01 6.987695097923e-01 7.038505077362e-01 1.016238212585e+00 2.999209403992e+00 1.121091365814e+00 7.823585271835e-01 1.415692329407e+00 1.968529343605e+00 2.001060009003e+00 1.568903803825e+00 1.097844839096e+00 1.561377882957e+00 1.011250972748e+00 1.160753250122e+00 1.147969126701e+00 1.133733630180e+00 8.393453955650e-01 1.040359258652e+00 1.016319155693e+00 1.170211553574e+00 1.238459229469e+00 1.513837218285e+00 1.854434013367e+00 7.180692553520e-01 8.965368866920e-01 1.129815340042e+00 7.919404506683e-01 9.671940803528e-01 1.074087858200e+00 8.817605376244e-01 7.227916717529e-01 7.482351064682e-01 7.814705967903e-01 4.469406008720e-01 3.147001862526e-01 5.417228937149e-01 7.658457159996e-01 7.015316486359e-01 4.262765645981e-01 2.787584662437e-01 2.639502882957e-01
7.411673069000e-01 9.445849657059e-01 6.934181451797e-01 7.566359043121e-01 1.094318389893e+00 3.175248861313e+00 1.215139985085e+00 7.797424197197e-01 1.131974816322e+00 1.660680770874e+00 1.854366540909e+00 1.670338630676e+00 1.342712640762e+00 1.554702520370e+00 1.280566215515e+00 1.221781849861e+00 1.622720718384e+00 1.214719414711e+00 8.366852998734e-01 1.379457950592e+00 1.127294778824e+00 1.029546260834e+00 1.516922831535e+00 1.612077474594e+00 1.613934516907e+00 7.201650142670e-01 1.003705859184e+00 1.230082392693e+00 8.268707990646e-01 1.045139193535e+00 1.217142462730e+00 1.027892351151e+00 6.692401766777e-01 6.501938104630e-01 7.389158606529e-01 3.839276432991e-01 4.927250444889e-01 8.011454343796e-01 8.204718232155e-01 5.441635251045e-01 2.733549475670e-01 2.505764365196e-01 2.541555762291e-01
7.199363112450e-01 9.801155328751e-01 9.020249247551e-01 8.550964593887e-01 1.164780735970e+00 3.287703037262e+00 1.274581074715e+00 8.093863725662e-01 9.428622126579e-01 1.286882162094e+00 1.582958579063e+00 1.642021656036e+00 1.495981454849e+00 1.624217748642e+00 1.552766799927e+00 1.277118325233e+00 2.173103332520e+00 1.602893471718e+00 8.429491519928e-01 1.677403926849e+00 1.257785797119e+00 1.342685103416e+00 1.997925877571e+00 1.634278893471e+00 1.306940317154e+00 7.467529177666e-01 1.049408912659e+00 1.257511973381e+00 7.917026877403e-01 1.038582324982e+00 1.291495323181e+00 1.142886996269e+00 6.723550558090e-01 5.191395878792e-01 6.850413084030e-01 4.176094532013e-01 7.916012406349e-01 9.232518076897e-01 6.563594341278e-01 3.326655328274e-01 2.937084734440e-01 3.261164128780e-01 3.455270528793e-01
7.274592518806e-01 1.015427112579e+00 1.138759851456e+00 7.844299674034e-01 1.231441259384e+00 3.378827095032e+00 1.301669836044e+00 8.353294134140e-01 9.447659850121e-01 1.214161515236e+00 1.216386318207e+00 1.458013296127e+00 1.531590342522e+00 1.808444976807e+00 1.671574115753e+00 1.413178443909e+00 2.713255167007e+00 1.958867192268e+00 9.201471209526e-01 1.910192131996e+00 1.320292353630e+00 1.629254579544e+00 2.356526613235e+00 1.524638056755e+00 9.638944864273e-01 8.897986412048e-01 1.009377479553e+00 1.189843058586e+00 7.293551564217e-01 9.508131146431e-01 1.250190377235e+00 1.172485232353e+00 7.121271491051e-01 4.478547275066e-01 6.558120846748e-01 7.303105592728e-01 9.992032647133e-01 7.917811870575e-01 4.041163623333e-01 3.176103532314e-01 3.075196743011e-01 4.196984767914e-01 4.109765887260e-01
6.496400237083e-01 1.051389932632e+00 1.234444260597e+00 8.748635649681e-01 1.299839973450e+00 3.482777357101e+00 1.319291591644e+00 8.689469695091e-01 8.632630705833e-01 1.170686721802e+00 9.609452486038e-01 1.148738265038e+00 1.650601387024e+00 1.938089609146e+00 1.550293922424e+00 1.749137759209e+00 3.142818927765e+00 2.245988845825e+00 1.081670880318e+00 2.070341110229e+00 1.327700257301e+00 1.771792650223e+00 2.468351125717e+00 1.269022107124e+00 8.423169255257e-01 1.131767749786e+00 1.169319272041e+00 1.059058547020e+00 7.235102653503e-01 7.978198528290e-01 1.106523633003e+00 1.109669208527e+00 7.112590670586e-01 4.446112215519e-01 6.626694202423e-01 1.022114157677e+00 9.493594765663e-01 5.110436677933e-01 3.602393269539e-01 3.056597113609e-01 3.331356346607e-01 4.747380316257e-01 4.373333454132e-01
8.849936723709e-01 1.093597292900e+00 1.235665082932e+00 1.427018284798e+00 1.370528817177e+00 3.545323133469e+00 1.313964247704e+00 1.038053035736e+00 7.384799122810e-01 1.071263313293e+00 8.983116745949e-01 1.262831926346e+00 1.738680481911e+00 2.067901134491e+00 1.670836091042e+00 2.078832387924e+00 3.495810508728e+00 2.413800954819e+00 1.181102395058e+00 2.205654621124e+00 1.461737990379e+00 1.727624058723e+00 2.372370481491e+00 1.051082968712e+00 8.952406048775e-01 1.355857610703e+00 1.485152244568e+00 9.247105717659e-01 7.370651960373e-01 6.739063262939e-01 9.180041551590e-01 9.954326152802e-01 6.736817955971e-01 4.998559355736e-01 9.727787971497e-01 1.097534298897e+00 6.614965796471e-01 3.467133343220e-01 3.705939650536e-01 2.863433957100e-01 3.813046216965e-01 5.043113231659e-01 5.466145277023e-01
1.168444991112e+00 1.144117951393e+00 1.216787219048e+00 1.752459168434e+00 1.423953294754e+00 3.564017295837e+00 1.275758862495e+00 1.189623236656e+00 7.812242507935e-01 1.097701549530e+00 9.301304221153e-01 1.353202223778e+00 1.820664525032e+00 2.194293022156e+00 1.613533496857e+00 2.350181341171e+00 3.562741994858e+00 2.287695646286e+00 1.401092886925e+00 2.318795442581e+00 1.466273665428e+00 1.579411625862e+00 2.051939725876e+00 9.993550777435e-01 9.791426062584e-01 1.559991955757e+00 1.599871873856e+00 8.331391811371e-01 8.020152449608e-01 7.039198875427e-01 9.718381762505e-01 8.374513387680e-01 5.996049046516e-01 8.746132850647e-01 1.179251194000e+00 8.479257225990e-01 4.755625128746e-01 3.113527894020e-01 3.735512197018e-01 3.267515599728e-01 4.936759173870e-01 6.433191895485e-01 6.408113241196e-01
1.375252366066e+00 1.490809321404e+00 1.408319354057e+00 1.619649171829e+00 1.516944169998e+00 3.534762144089e+00 1.385170578957e+00 1.307485580444e+00 8.200318813324e-01 1.114042878151e+00 1.028391122818e+00 1.400333523750e+00 1.918632388115e+00 2.318814277649e+00 1.483175754547e+00 2.522707939148e+00 3.357852697372e+00 2.030291557312e+00 1.541613578796e+00 2.403362512589e+00 1.310349583626e+00 1.260873913765e+00 1.593284130096e+00 9.251665472984e-01 1.150782108307e+00 1.561834335327e+00 1.476615190506e+00 8.822878003120e-01 9.231896400452e-01 7.813733816147e-01 1.054347753525e+00 7.339780330658e-01 7.481535077095e-01 1.180634856224e+00 1.039677619934e+00 7.293188571930e-01 4.067018032074e-01 3.393536806107e-01 4.197272062302e-01 4.726711213589e-01 6.890976428986e-01 7.071380615234e-01 5.890587568283e-01
1.801870703697e+00 1.789445877075e+00 1.931841731071e+00 1.490334749222e+00 1.798035621643e+00 3.423521280289e+00 1.577177166939e+00 1.423218846321e+00 1.110901951790e+00 1.115947365761e+00 1.199976325035e+00 1.814291954041e+00 1.999432325363e+00 2.457429409027e+00 1.604280948639e+00 2.535423278809e+00 2.986225128174e+00 1.943940997124e+00 1.589115619659e+00 2.466121673584e+00 1.168897747993e+00 1.034988880157e+00 1.199786782265e+00 9.928130507469e-01 1.251426219940e+00 1.397762894630e+00 1.092545509338e+00 9.742021560669e-01 1.076332449913e+00 8.910704851151e-01 1.089888453484e+00 6.931632757187e-01 1.116126060486e+00 1.173632383347e+00 1.046709060669e+00 6.599559783936e-01 4.720869362354e-01 4.152895808220e-01 5.024805665016e-01 6.856766343117e-01 7.664346098900e-01 6.174089312553e-01 4.583325684071e-01
1.999597787857e+00 1.979801535606e+00 2.389229536057e+00 2.224564075470e+00 1.519527196884e+00 3.230770587921e+00 1.466735363007e+00 1.645183205605e+00 1.535238265991e+00 1.273141860962e+00 1.303530216217e+00 2.186335802078e+00 2.301001310349e+00 2.611004829407e+00 1.791093111038e+00 2.387075662613e+00 2.955406188965e+00 2.371532678604e+00 1.546659350395e+00 2.474811792374e+00 1.176287412643e+00 1.116536140442e+00 1.217888236046e+00 1.103983521461e+00 1.173176407814e+00 1.099834561348e+00 1.014366269112e+00 1.135095953941e+00 1.179239034653e+00 9.243609905243e-01 1.080655932426e+00 1.048344254494e+00 1.244169712067e+00 1.170229196548e+00 1.115406751633e+00 8.118864297867e-01 5.788987874985e-01 5.359383225441e-01 6.507179737091e-01 7.686021327972e-01 6.350451111794e-01 5.211631655693e-01 4.693087637424e-01
