VariationalSeries/SI/f66_max.grd
DSAA
101	101
32.816463539100	34.260883539100
35.556306596100	36.727886596100
8.139433921315e-04	1.335436096191e+02
[rows 57 to 75 of 101, columns 0 to 42 of 101]
4.509155079722e-02 7.407109439373e-02 8.041084557772e-02 8.048996329308e-02 8.527861535549e-02 1.042707636952e-01 1.167164146900e-01 1.279526203871e-01 1.384681910276e-01 1.415060311556e-01 1.361217796803e-01 1.905829459429e-01 3.265371918678e-01 1.785035133362e-01 1.299949437380e-01 1.959702670574e-01 1.754477322102e-01 1.967490911484e-01 2.378043234348e-01 2.477034330368e-01 2.551351785660e-01 1.906676590443e-01 1.325165480375e-01 1.165134906769e-01 1.263594925404e-01 1.750075072050e-01 2.797015309334e-01 3.469904661179e-01 2.715263664722e-01 1.582985818386e-01 1.239793226123e-01 9.754488617182e-02 1.022122800350e-01 1.227658316493e-01 1.451433002949e-01 1.863230168819e-01 2.146762162447e-01 2.315898090601e-01 3.828689754009e-01 5.014377832413e-01 4.298119843006e-01 3.810365498066e-01 4.293197691441e-01
5.699179694057e-02 9.329785406590e-02 1.065825298429e-01 1.081701144576e-01 1.069866493344e-01 1.040607765317e-01 1.038820296526e-01 1.087770238519e-01 1.132953092456e-01 1.843351423740e-01 5.982171297073e-01 6.927588582039e-01 2.588386833668e-01 1.344635784626e-01 1.349820494652e-01 1.255860924721e-01 1.357594728470e-01 1.352182328701e-01 1.542340964079e-01 1.953816860914e-01 2.370254844427e-01 2.531577646732e-01 1.769922226667e-01 1.112767606974e-01 1.281227618456e-01 1.954910457134e-01 2.952897548676e-01 3.163821995258e-01 3.202793300152e-01 2.036478817463e-01 1.230209767818e-01 1.116600856185e-01 1.069320961833e-01 1.278632730246e-01 1.510015577078e-01 1.563979834318e-01 1.609090715647e-01 1.675373911858e-01 1.689796745777e-01 1.823793649673e-01 2.198907583952e-01 3.006018698215e-01 3.460384607315e-01
7.622797787189e-02 1.253381073475e-01 1.450297981501e-01 2.063792496920e-01 2.652904093266e-01 3.369481861591e-01 4.435945451260e-01 6.471465229988e-01 1.187468409538e+00 1.676712274551e+00 1.115128755569e+00 2.838462591171e-01 1.915928423405e-01 1.676044017076e-01 1.218568086624e-01 1.281538456678e-01 1.354554295540e-01 1.332864463329e-01 1.269530504942e-01 1.357453912497e-01 2.286408990622e-01 2.591024637222e-01 1.837526708841e-01 1.056560799479e-01 8.279762417078e-02 1.277096420527e-01 1.811216473579e-01 1.870448738337e-01 1.952472180128e-01 1.587412804365e-01 1.107336133718e-01 1.166419312358e-01 1.104232817888e-01 1.239372789860e-01 1.496182680130e-01 1.551554650068e-01 1.479930579662e-01 1.358867734671e-01 1.250471025705e-01 1.399831771851e-01 1.785733401775e-01 2.288439422846e-01 3.027426600456e-01
7.448592036963e-02 1.334501355886e-01 2.333930432796e-01 3.341234326363e-01 4.234348237514e-01 5.611814260483e-01 8.170488476753e-01 1.220588922501e+00 1.226842999458e+00 5.674771070480e-01 1.367981582880e-01 1.595375537872e-01 1.735415458679e-01 1.542085856199e-01 1.383945196867e-01 1.452778428793e-01 1.455671489239e-01 1.396550536156e-01 1.085391044617e-01 1.061822697520e-01 1.646791994572e-01 1.837177425623e-01 1.363451331854e-01 8.531324565411e-02 6.557171046734e-02 7.085558027029e-02 9.501237422228e-02 1.175407469273e-01 1.378687471151e-01 1.190718859434e-01 1.089261770248e-01 1.019506976008e-01 1.088324785233e-01 1.205654069781e-01 1.447313576937e-01 1.484468728304e-01 1.344938278198e-01 1.152908802032e-01 1.053133308887e-01 1.170841529965e-01 1.727113276720e-01 2.175974696875e-01 2.770450711250e-01
4.511356726289e-02 7.865117490292e-02 9.616625308990e-02 1.012352779508e-01 1.014168709517e-01 1.009616553783e-01 1.000631973147e-01 9.790467470884e-02 9.601533412933e-02 9.388401359320e-02 8.808362483978e-02 9.273436665535e-02 1.016599833965e-01 1.300691664219e-01 1.462903916836e-01 1.527934521437e-01 1.470326930285e-01 1.304191648960e-01 9.629342705011e-02 7.661755383015e-02 9.222833812237e-02 9.568422287703e-02 7.548853754997e-02 5.597103759646e-02 4.930160939693e-02 5.395483598113e-02 6.927818059921e-02 8.330938965082e-02 9.901665151119e-02 1.066020131111e-01 1.008934751153e-01 9.015929698944e-02 1.046544015408e-01 1.267239749432e-01 1.513079404831e-01 1.465078741312e-01 1.218182593584e-01 9.668169170618e-02 1.067614629865e-01 1.195710375905e-01 1.784842610359e-01 2.216455489397e-01 2.611039280891e-01
2.117753028870e-02 3.948104381561e-02 5.121779814363e-02 5.658026039600e-02 5.866383016109e-02 6.036992743611e-02 6.199863553047e-02 6.319495290518e-02 6.507189571857e-02 6.695456057787e-02 6.561109423637e-02 6.167782098055e-02 6.290851533413e-02 8.352328836918e-02 9.827640652657e-02 1.034557670355e-01 9.411326795816e-02 8.371586352587e-02 7.068638503551e-02 5.990194156766e-02 4.920366778970e-02 4.589771479368e-02 3.787586465478e-02 4.196025058627e-02 4.949310049415e-02 5.205815657973e-02 5.746014043689e-02 6.924136728048e-02 8.382111787796e-02 9.170740842819e-02 9.036229550838e-02 8.533319830894e-02 1.045662537217e-01 1.404531151056e-01 1.632709652185e-01 1.474768817425e-01 1.107046455145e-01 9.516974538565e-02 1.094552129507e-01 1.289972215891e-01 1.732537895441e-01 1.952247172594e-01 2.251366227865e-01
1.458817534149e-02 2.457133866847e-02 3.051707148552e-02 3.471619263291e-02 3.735463321209e-02 3.965718299150e-02 4.186422005296e-02 4.370817542076e-02 4.591666907072e-02 4.817971959710e-02 4.848210513592e-02 4.692280665040e-02 4.513343423605e-02 4.353149235249e-02 4.391159862280e-02 4.979620873928e-02 5.251007527113e-02 5.179734155536e-02 4.752951487899e-02 4.541138932109e-02 3.918514773250e-02 3.676007315516e-02 3.231009468436e-02 4.273686558008e-02 5.267930030823e-02 5.771203711629e-02 5.739556625485e-02 5.679463967681e-02 6.923848390579e-02 7.701258361340e-02 7.888343185186e-02 7.841847091913e-02 1.062287464738e-01 1.486929208040e-01 1.641165763140e-01 1.370384693146e-01 9.691935777664e-02 9.569983929396e-02 1.144856438041e-01 1.286013424397e-01 1.493906974792e-01 1.718671768904e-01 1.764602512121e-01
1.179952826351e-02 2.009952627122e-02 2.533993870020e-02 2.787168696523e-02 2.967767603695e-02 3.120866045356e-02 3.233215957880e-02 3.254534304142e-02 3.363036736846e-02 3.492829203606e-02 3.520539030433e-02 3.461727872491e-02 3.402867168188e-02 3.325165808201e-02 3.452881053090e-02 3.967045620084e-02 4.216335713863e-02 4.160076379776e-02 3.847087174654e-02 3.591237589717e-02 3.806083276868e-02 3.694819658995e-02 3.210894018412e-02 4.267111420631e-02 5.383275076747e-02 6.066336110234e-02 6.147738546133e-02 5.954939499497e-02 6.096351146698e-02 6.681861728430e-02 6.959868967533e-02 7.331255078316e-02 1.057265475392e-01 1.455408632755e-01 1.498920023441e-01 1.179250478745e-01 8.987730741501e-02 9.839905053377e-02 1.199390068650e-01 1.267213225365e-01 1.324490159750e-01 1.432082951069e-01 1.314550787210e-01
1.135779730976e-02 1.819532923400e-02 2.308748848736e-02 2.534973062575e-02 2.632479369640e-02 2.715919353068e-02 2.745456621051e-02 2.697314321995e-02 2.709738723934e-02 2.743861638010e-02 2.762988954782e-02 2.868042327464e-02 2.950972691178e-02 3.018194437027e-02 3.098095580935e-02 3.222066909075e-02 3.444799780846e-02 3.489227220416e-02 3.522531315684e-02 3.382768109441e-02 3.496256843209e-02 3.653226047754e-02 3.243622183800e-02 4.043632000685e-02 5.108581483364e-02 5.817936360836e-02 5.942872539163e-02 5.813433974981e-02 6.132061406970e-02 6.310026347637e-02 6.429673731327e-02 6.858544051647e-02 9.922479093075e-02 1.307150572538e-01 1.270038932562e-01 1.013520061970e-01 8.762974292040e-02 1.055335849524e-01 1.214690878987e-01 1.185633242130e-01 1.152560263872e-01 1.161953210831e-01 1.067363098264e-01
1.064122654498e-02 1.689290627837e-02 2.120065875351e-02 2.311411499977e-02 2.393184974790e-02 2.453253418207e-02 2.459648810327e-02 2.406010776758e-02 2.401115559042e-02 2.582191675901e-02 2.738065272570e-02 2.878489717841e-02 3.002621605992e-02 3.106841817498e-02 3.201290965080e-02 3.292742371559e-02 3.360294178128e-02 3.370752185583e-02 3.303666412830e-02 3.216351941228e-02 3.223921358585e-02 3.525560349226e-02 3.332901000977e-02 3.670058771968e-02 4.572562128305e-02 5.200222507119e-02 6.014904007316e-02 6.565181165934e-02 6.589075177908e-02 6.375606358051e-02 6.233993917704e-02 6.390966475010e-02 8.725509047508e-02 1.089487820864e-01 1.043610274792e-01 9.040101617575e-02 9.468321502209e-02 1.074319258332e-01 1.149122342467e-01 1.042404398322e-01 9.661027044058e-02 9.180238097906e-02 9.133423864841e-02
9.815780445933e-03 1.555621065199e-02 1.949090510607e-02 2.131528221071e-02 2.208427898586e-02 2.241295203567e-02 2.224566787481e-02 2.210799045861e-02 2.251053042710e-02 2.444127947092e-02 2.617986500263e-02 2.780854888260e-02 2.930389344692e-02 3.055609576404e-02 3.152589872479e-02 3.215513005853e-02 3.223400190473e-02 3.489094972610e-02 3.562904521823e-02 3.306800499558e-02 3.015496954322e-02 3.235670179129e-02 3.302158787847e-02 3.299945592880e-02 4.024930298328e-02 4.545311257243e-02 5.487446859479e-02 6.376168131828e-02 6.585745513439e-02 6.369355320930e-02 6.110787764192e-02 6.042531505227e-02 6.968847662210e-02 8.456540852785e-02 8.301576972008e-02 7.671536505222e-02 8.190932869911e-02 9.106354415417e-02 9.420258551836e-02 8.197326958179e-02 7.577515393496e-02 7.022247463465e-02 6.886887550354e-02
9.119976311922e-03 1.447734981775e-02 1.821210607886e-02 2.002723887563e-02 2.069044299424e-02 2.072953432798e-02 2.039721421897e-02 2.043865248561e-02 2.126006223261e-02 2.208483219147e-02 2.380338124931e-02 2.549280039966e-02 2.705629356205e-02 2.837264165282e-02 2.932458184659e-02 3.057163953781e-02 3.356549143791e-02 3.778243809938e-02 3.965035453439e-02 3.858061879873e-02 3.531785309315e-02 3.142234683037e-02 3.228492662311e-02 3.270252794027e-02 3.586567565799e-02 4.004389047623e-02 4.126826673746e-02 4.963651672006e-02 5.616638809443e-02 5.815263092518e-02 5.744953453541e-02 5.829955637455e-02 6.009747460485e-02 6.205982342362e-02 6.163187325001e-02 5.959522351623e-02 6.294646114111e-02 7.327449321747e-02 7.795859873295e-02 6.407016515732e-02 5.718086287379e-02 5.105802789330e-02 5.629617348313e-02
8.616484701633e-03 1.371797826141e-02 1.732330396771e-02 1.904305256903e-02 1.950036920607e-02 1.934239640832e-02 1.900747604668e-02 1.888887025416e-02 1.954488083720e-02 2.038472518325e-02 2.069054543972e-02 2.233034372330e-02 2.383776009083e-02 2.512986771762e-02 2.627536281943e-02 2.920861914754e-02 3.414257615805e-02 3.895655646920e-02 4.222403466702e-02 4.321309551597e-02 4.203622788191e-02 3.953707218170e-02 3.652312979102e-02 3.374797105789e-02 3.248206526041e-02 3.584149107337e-02 3.658641874790e-02 3.505160287023e-02 4.281065985560e-02 4.911516234279e-02 5.328136309981e-02 5.636056140065e-02 5.823844298720e-02 5.633654445410e-02 5.060329288244e-02 4.956420138478e-02 5.568565428257e-02 6.951279938221e-02 8.053603768349e-02 7.231976091862e-02 5.323205888271e-02 4.759801924229e-02 5.409326031804e-02
8.433509618044e-03 1.340508367866e-02 1.686456054449e-02 1.838251389563e-02 1.862105168402e-02 1.835620962083e-02 1.818547770381e-02 1.843306235969e-02 1.836849935353e-02 1.855109259486e-02 1.895870082080e-02 2.095433697104e-02 2.305059693754e-02 2.522575668991e-02 2.715097367764e-02 2.986712753773e-02 3.472322970629e-02 3.964490070939e-02 4.407696425915e-02 4.682672396302e-02 4.730433598161e-02 4.614027962089e-02 4.415247589350e-02 4.212351143360e-02 4.093440994620e-02 4.016979783773e-02 3.870204463601e-02 3.650290891528e-02 4.238402098417e-02 4.753794521093e-02 5.139088258147e-02 5.490623414516e-02 5.676627159119e-02 5.302872881293e-02 5.048692226410e-02 5.168461054564e-02 5.610233917832e-02 6.716981530190e-02 7.757027447224e-02 7.033398747444e-02 5.433025583625e-02 4.740534722805e-02 5.392709001899e-02
8.574428036809e-03 1.355842780322e-02 1.690514944494e-02 1.823404990137e-02 1.831101998687e-02 1.793901994824e-02 1.790382526815e-02 1.799005270004e-02 1.838752441108e-02 1.848902367055e-02 1.963119208813e-02 2.160641178489e-02 2.353824861348e-02 2.537855692208e-02 2.686770446599e-02 3.075085394084e-02 3.625238686800e-02 4.145710915327e-02 4.649001732469e-02 5.014344677329e-02 5.134028568864e-02 5.058340728283e-02 4.871414974332e-02 4.638673737645e-02 4.447171464562e-02 4.257323592901e-02 3.939244151115e-02 3.618775308132e-02 4.152315109968e-02 4.601415991783e-02 4.987210780382e-02 5.358982458711e-02 5.482303351164e-02 5.038749054074e-02 5.119322985411e-02 5.265447497368e-02 5.735534802079e-02 6.512088328600e-02 7.009442150593e-02 6.161588430405e-02 5.043732002378e-02 4.401427134871e-02 5.005020648241e-02
8.795834146440e-03 1.386587694287e-02 1.716070994735e-02 1.837773993611e-02 1.835952885449e-02 1.820500940084e-02 1.897935941815e-02 1.952043548226e-02 1.982947438955e-02 1.988032460213e-02 1.970856264234e-02 2.076584286988e-02 2.293313853443e-02 2.566073648632e-02 2.654380165040e-02 3.013202734292e-02 3.709908947349e-02 4.311108216643e-02 4.787733778358e-02 5.087931826711e-02 5.154943093657e-02 5.016778036952e-02 4.757726192474e-02 4.453746601939e-02 4.168530926108e-02 3.881275281310e-02 3.475392237306e-02 3.615109995008e-02 4.073644056916e-02 4.478496685624e-02 4.847135022283e-02 5.154408887029e-02 5.156083777547e-02 4.757720604539e-02 5.194573476911e-02 6.486503779888e-02 6.137482449412e-02 6.470835953951e-02 6.231020763516e-02 5.261437222362e-02 4.564894363284e-02 4.003527760506e-02 4.541666805744e-02
8.673964068294e-03 1.362917851657e-02 1.676847785711e-02 1.789180934429e-02 1.786550320685e-02 1.827595010400e-02 1.877655647695e-02 1.902251690626e-02 1.908869110048e-02 1.897822134197e-02 1.898676156998e-02 2.131289802492e-02 2.480531297624e-02 2.778298407793e-02 2.867437712848e-02 2.805406227708e-02 3.547112643719e-02 4.161801189184e-02 4.508293792605e-02 4.630247876048e-02 4.565696790814e-02 4.318344593048e-02 3.988998755813e-02 3.703335300088e-02 3.471704944968e-02 3.222519159317e-02 3.232354298234e-02 3.585879504681e-02 3.991317376494e-02 4.355320334435e-02 4.672713950276e-02 4.848484694958e-02 4.713359475136e-02 4.562765359879e-02 5.418381467462e-02 5.795030295849e-02 5.919654294848e-02 6.498999893665e-02 6.300443410873e-02 5.165982618928e-02 4.437424987555e-02 4.078564792871e-02 4.409359395504e-02
7.945869117975e-03 1.240516919643e-02 1.517173182219e-02 1.614758372307e-02 1.705542765558e-02 1.779863238335e-02 1.747953705490e-02 1.675492525101e-02 1.656204462051e-02 1.771004870534e-02 1.934215053916e-02 2.236619219184e-02 2.644309587777e-02 2.952826395631e-02 3.039158508182e-02 2.988653071225e-02 3.247303888202e-02 3.769959881902e-02 3.965267911553e-02 3.921632468700e-02 3.726529330015e-02 3.381578624249e-02 3.246368467808e-02 3.843949362636e-02 3.898179531097e-02 3.736902400851e-02 3.660662472248e-02 3.674270957708e-02 3.881065547466e-02 4.197754338384e-02 4.418775811791e-02 4.425636306405e-02 4.156231880188e-02 4.214453324676e-02 4.938123375177e-02 7.035074383020e-02 6.034765765071e-02 8.459125459194e-02 7.506760954857e-02 6.304544210434e-02 5.344115570188e-02 4.399356618524e-02 4.965808615088e-02
8.184880949557e-03 1.206555031240e-02 1.480773184448e-02 1.711372844875e-02 1.885757967830e-02 1.927055232227e-02 1.871162652969e-02 1.765722967684e-02 1.642822287977e-02 1.787839271128e-02 1.981899328530e-02 2.348584122956e-02 2.799683995545e-02 3.113909251988e-02 3.198897093534e-02 3.149025514722e-02 2.981148660183e-02 3.433285281062e-02 3.565007448196e-02 3.763158246875e-02 5.110903456807e-02 4.685116186738e-02 3.525226935744e-02 4.010032489896e-02 3.893061354756e-02 3.586262091994e-02 3.405582159758e-02 3.423276916146e-02 3.748378902674e-02 3.992573171854e-02 4.077407717705e-02 3.917926922441e-02 3.562146797776e-02 3.786655142903e-02 4.196199402213e-02 6.255071610212e-02 7.839713990688e-02 1.228534877300e-01 1.136305332184e-01 7.469833642244e-02 5.687963962555e-02 5.241007357836e-02 6.461925059557e-02
