VariationalSeries/SI/f66_max.grd
DSAA
101	101
32.816463539100	34.260883539100
35.556306596100	36.727886596100
8.139433921315e-04	1.335436096191e+02
[rows 19 to 37 of 101, columns 43 to 85 of 101]
1.315740585327e+00 1.621196508408e+00 2.107776403427e+00 2.147924900055e+00 1.392391204834e+00 2.139276981354e+00 1.088739633560e+00 1.134489536285e+00 1.226952314377e+00 1.244445323944e+00 1.135728240013e+00 1.673165559769e+00 2.015372753143e+00 1.994034767151e+00 1.323673248291e+00 1.616992354393e+00 2.133097410202e+00 1.999438762665e+00 1.100328207016e+00 1.774995088577e+00 8.183145523071e-01 1.148613095284e+00 1.542729139328e+00 7.616561651230e-01 7.554410099983e-01 8.903142809868e-01 7.346587777138e-01 9.262716770172e-01 8.595212101936e-01 6.806284189224e-01 7.340071797371e-01 1.013463854790e+00 1.144492149353e+00 8.864782452583e-01 7.881906032562e-01 6.405853629112e-01 4.399698078632e-01 4.841329753399e-01 5.354643464088e-01 4.459416270256e-01 4.161584675312e-01 3.649077117443e-01 3.967247605324e-01
1.189750909805e+00 1.588520526886e+00 2.252918481827e+00 2.598077058792e+00 1.880361318588e+00 1.891621828079e+00 1.120196461678e+00 1.201904773712e+00 1.063140869141e+00 1.331477642059e+00 1.393255710602e+00 1.564687371254e+00 2.157048702240e+00 2.121101617813e+00 1.640473842621e+00 1.758057117462e+00 2.082572460175e+00 2.259377002716e+00 1.298429608345e+00 1.716097235680e+00 9.352200627327e-01 1.740657329559e+00 2.168155193329e+00 1.009265661240e+00 8.814323544502e-01 9.114206433296e-01 9.042360782623e-01 9.579641819000e-01 7.465309500694e-01 7.242491245270e-01 1.023332595825e+00 1.337105512619e+00 1.194431781769e+00 9.474266171455e-01 7.781048417091e-01 6.413695216179e-01 4.604471623898e-01 5.661042332649e-01 4.385063052177e-01 3.744594752789e-01 3.992669880390e-01 3.479318916798e-01 3.624683022499e-01
1.282963514328e+00 1.819156050682e+00 2.080323934555e+00 2.719649076462e+00 2.317274570465e+00 1.619005441666e+00 1.111160278320e+00 1.273415923119e+00 1.018360257149e+00 1.245465874672e+00 1.313656330109e+00 1.495556950569e+00 2.049013614655e+00 2.321713209152e+00 1.977733969688e+00 1.879079341888e+00 1.994565844536e+00 2.469180822372e+00 1.480273365974e+00 1.589815378189e+00 1.051090121269e+00 2.156694412231e+00 2.374204158783e+00 1.134802103043e+00 8.609385490417e-01 1.065709471703e+00 1.020701527596e+00 8.285033106804e-01 7.059067487717e-01 1.017815113068e+00 1.427402019501e+00 1.384311795235e+00 9.351527094841e-01 1.080683112144e+00 7.711690068245e-01 5.904221534729e-01 5.479256510735e-01 5.821592211723e-01 4.858601391315e-01 3.790851831436e-01 3.717107176781e-01 2.736165225506e-01 2.698942422867e-01
1.225590705872e+00 1.714239001274e+00 1.763842344284e+00 2.596005201340e+00 2.564511537552e+00 1.693193554878e+00 1.485743403435e+00 1.348879337311e+00 1.003193736076e+00 1.090511083603e+00 1.261502623558e+00 1.515542030334e+00 1.699617743492e+00 2.432094573975e+00 2.202533721924e+00 1.830411195755e+00 1.843882679939e+00 2.648033380508e+00 1.630263805389e+00 1.424239993095e+00 1.166375875473e+00 2.141826868057e+00 2.069188833237e+00 9.853718876839e-01 9.423721432686e-01 1.112101078033e+00 9.262079000473e-01 7.558142542839e-01 1.071225881577e+00 1.510213017464e+00 1.485113143921e+00 1.031698346138e+00 7.866870760918e-01 1.122752428055e+00 5.543403029442e-01 5.451616644859e-01 6.765325665474e-01 5.184772014618e-01 5.573076605797e-01 3.551499247551e-01 3.962729573250e-01 3.309813141823e-01 2.987752556801e-01
9.970216155052e-01 1.193876147270e+00 1.834004521370e+00 2.298812389374e+00 2.584031343460e+00 1.718570828438e+00 1.847899675369e+00 1.550284028053e+00 1.087877511978e+00 9.312916398048e-01 1.314346671104e+00 1.478870034218e+00 1.746065855026e+00 2.611785650253e+00 2.230193614960e+00 1.727111935616e+00 1.659200072289e+00 2.757389545441e+00 1.738911867142e+00 1.726067066193e+00 1.356652498245e+00 1.760672330856e+00 1.543141126633e+00 9.174137711525e-01 1.157325744629e+00 1.075534701347e+00 7.918719053268e-01 1.142726421356e+00 1.637054800987e+00 1.591185212135e+00 1.080146312714e+00 6.387591958046e-01 8.420504331589e-01 1.053107976913e+00 5.658638477325e-01 5.843145847321e-01 7.130155563354e-01 5.426504611969e-01 6.114655733109e-01 3.707113564014e-01 3.764309287071e-01 3.116334676743e-01 3.169852793217e-01
1.283941864967e+00 1.284153461456e+00 2.071089029312e+00 1.943326115608e+00 2.455727100372e+00 1.918643593788e+00 1.770777583122e+00 1.961649060249e+00 1.704664349556e+00 1.302655458450e+00 1.425670862198e+00 1.396101593971e+00 1.903791904449e+00 2.793401718140e+00 2.002610683441e+00 1.655963420868e+00 1.413647651672e+00 2.819594621658e+00 2.202697753906e+00 1.906650185585e+00 1.604858279228e+00 1.706224799156e+00 1.032464623451e+00 1.115977287292e+00 1.187963962555e+00 8.102622628212e-01 1.240751504898e+00 1.765664815903e+00 1.681048035622e+00 1.126412153244e+00 6.032971143723e-01 4.741427600384e-01 1.126345634460e+00 8.801215291023e-01 5.390934944153e-01 7.581389546394e-01 6.576793789864e-01 5.468473434448e-01 6.495752930641e-01 4.588962793350e-01 3.239022791386e-01 3.085984289646e-01 2.729245424271e-01
2.016599893570e+00 1.246424674988e+00 1.245797395706e+00 2.144653558731e+00 2.262472391129e+00 2.025996446609e+00 1.557907938957e+00 1.794787764549e+00 2.040625572205e+00 2.004341363907e+00 1.708360075951e+00 2.117960691452e+00 2.069239854813e+00 2.903351783752e+00 1.732854127884e+00 1.496519446373e+00 1.981139659882e+00 2.839734077454e+00 2.493085145950e+00 1.828100204468e+00 1.730090379715e+00 1.840557932854e+00 1.159642338753e+00 1.215911865234e+00 9.983963966370e-01 1.298515677452e+00 1.922936677933e+00 1.801937460899e+00 1.172091245651e+00 7.645993828773e-01 1.075455069542e+00 6.607803106308e-01 1.314263224602e+00 7.689726352692e-01 6.298186182976e-01 8.110967278481e-01 7.912098169327e-01 5.568791627884e-01 6.705522537231e-01 5.065206289291e-01 3.047447204590e-01 2.914623618126e-01 3.377151191235e-01
2.696657657623e+00 1.281826496124e+00 1.256283998489e+00 1.976170659065e+00 2.038007259369e+00 2.073990583420e+00 1.688008546829e+00 1.720552563667e+00 1.696745634079e+00 2.197242021561e+00 2.397190809250e+00 2.143421411514e+00 2.234750270844e+00 2.941924571991e+00 1.504077315331e+00 2.318803071976e+00 2.779986381531e+00 2.843572139740e+00 2.422841548920e+00 1.448514938354e+00 1.643606543541e+00 1.686625838280e+00 1.166779160500e+00 1.004296660423e+00 1.308779716492e+00 2.045316219330e+00 1.973381876945e+00 1.235709667206e+00 1.089837908745e+00 1.497853755951e+00 1.359660029411e+00 1.234783172607e+00 1.280320405960e+00 8.603503108025e-01 8.113918900490e-01 6.722760796547e-01 8.629167675972e-01 5.891739130020e-01 6.729449629784e-01 5.034130215645e-01 3.245625793934e-01 3.698218762875e-01 4.768081903458e-01
2.944284915924e+00 1.316775798798e+00 1.519597887993e+00 1.309656739235e+00 2.237430095673e+00 2.095829486847e+00 1.786511063576e+00 1.827872633934e+00 1.734933137894e+00 2.187857151031e+00 2.311055898666e+00 2.013921260834e+00 2.383296489716e+00 2.834944486618e+00 2.524818420410e+00 3.072225332260e+00 2.968286991119e+00 2.763276815414e+00 1.646649837494e+00 1.463239669800e+00 1.692840337753e+00 1.704696536064e+00 1.221172690392e+00 1.252668976784e+00 2.132263660431e+00 2.177518844604e+00 1.364854216576e+00 1.108459830284e+00 1.629738450050e+00 1.352407455444e+00 1.100746035576e+00 1.203717231750e+00 9.924488067627e-01 9.451487660408e-01 8.041113615036e-01 5.616229772568e-01 8.453622460365e-01 6.361101865768e-01 6.597882509232e-01 4.557901918888e-01 3.930642008781e-01 5.289546847343e-01 5.977252721786e-01
2.584684133530e+00 1.925089359283e+00 1.759620785713e+00 1.240263700485e+00 1.625164389610e+00 2.122117280960e+00 2.236516714096e+00 1.943162798882e+00 2.274835824966e+00 3.343879461288e+00 1.902941703796e+00 1.770689249039e+00 2.481636524200e+00 2.609270811081e+00 3.275594711304e+00 3.171136379242e+00 2.743822097778e+00 2.672346591949e+00 1.817957520485e+00 1.966048240662e+00 1.757621884346e+00 1.696403503418e+00 1.144031882286e+00 2.163411140442e+00 2.399467468262e+00 1.551225543022e+00 1.266225337982e+00 1.727912664413e+00 1.529361248016e+00 1.002346277237e+00 1.459766030312e+00 1.263575315475e+00 7.581717967987e-01 8.652557134628e-01 7.208473682404e-01 7.743407487869e-01 7.696970701218e-01 6.989969015121e-01 6.402702927589e-01 5.892339348793e-01 6.559584736824e-01 7.362300753593e-01 6.207742691040e-01
1.744409322739e+00 2.900066614151e+00 1.926686525345e+00 1.524567127228e+00 1.829535484314e+00 2.073518037796e+00 1.982409834862e+00 2.080432891846e+00 2.983229875565e+00 4.138029575348e+00 2.778471946716e+00 1.929397702217e+00 2.500340461731e+00 3.118572473526e+00 3.339727163315e+00 4.635724544525e+00 2.458241701126e+00 2.477566719055e+00 2.032392978668e+00 1.988422989845e+00 1.813767552376e+00 1.677603960037e+00 2.141675949097e+00 2.546656131744e+00 1.748806834221e+00 1.425351858139e+00 1.705664277077e+00 1.710093140602e+00 1.462178826332e+00 1.463789105415e+00 1.550023436546e+00 8.661296963692e-01 8.190782666206e-01 7.394261956215e-01 6.439176201820e-01 6.023202538490e-01 1.045177936554e+00 8.249633312225e-01 7.600843906403e-01 8.747504949570e-01 8.715919852257e-01 6.395726799965e-01 4.299889504910e-01
1.958200335503e+00 3.213654756546e+00 1.992397546768e+00 1.684976458549e+00 2.157228708267e+00 1.986789584160e+00 2.066325664520e+00 2.609020471573e+00 3.439342975616e+00 4.156105041504e+00 3.318050861359e+00 3.294061899185e+00 2.915063619614e+00 3.420791149139e+00 4.056190490723e+00 5.869823932648e+00 2.555991649628e+00 2.768344402313e+00 2.745121955872e+00 2.244209289551e+00 1.776991248131e+00 2.136272430420e+00 2.677767992020e+00 1.925233483315e+00 1.596150398254e+00 1.684333920479e+00 1.630216956139e+00 1.804004788399e+00 1.755548477173e+00 1.761607170105e+00 1.325782179832e+00 7.157527208328e-01 9.795641899109e-01 6.100838184357e-01 6.363180279732e-01 6.504533290863e-01 1.440405964851e+00 9.600107669830e-01 1.007560372353e+00 8.114113211632e-01 4.929095804691e-01 2.888897359371e-01 2.867237925529e-01
3.877310991287e+00 2.540994644165e+00 2.785315752029e+00 1.789249420166e+00 2.626626729965e+00 2.036362409592e+00 2.225350379944e+00 3.014984369278e+00 3.619521141052e+00 3.519196033478e+00 3.408584117889e+00 3.444130897522e+00 3.234985828400e+00 2.624239921570e+00 2.781085252762e+00 3.741155385971e+00 2.088201999664e+00 2.736171245575e+00 2.991244554520e+00 2.495771169662e+00 2.221355915070e+00 2.802090883255e+00 2.097700357437e+00 1.783203482628e+00 1.651354551315e+00 1.513320803642e+00 1.628595471382e+00 1.925553917885e+00 1.932023048401e+00 1.733528017998e+00 1.080595493317e+00 6.852383613586e-01 1.043329119682e+00 8.307814002037e-01 1.002070188522e+00 1.065940737724e+00 1.624036431313e+00 9.507377147675e-01 7.519795298576e-01 5.222630500793e-01 4.679653346539e-01 3.539530038834e-01 3.402724862099e-01
6.291788578033e+00 2.750741720200e+00 3.118160486221e+00 2.273998737335e+00 2.911259651184e+00 2.489353656769e+00 2.445513486862e+00 3.461736679077e+00 3.718562841415e+00 2.925022363663e+00 4.103364944458e+00 5.043726444244e+00 2.796451807022e+00 3.283530473709e+00 2.012234210968e+00 2.332538366318e+00 2.230524301529e+00 2.660712957382e+00 2.571274518967e+00 2.332464456558e+00 2.974753379822e+00 2.264519214630e+00 1.858625173569e+00 1.669191241264e+00 1.795623898506e+00 1.671273112297e+00 1.673646807671e+00 2.089064359665e+00 2.102598428726e+00 1.909693837166e+00 1.313885331154e+00 1.156548500061e+00 1.147926926613e+00 1.044471502304e+00 1.010838747025e+00 1.553599476814e+00 1.336001634598e+00 6.473038196564e-01 6.992306113243e-01 7.145693302155e-01 6.622237563133e-01 5.115432143211e-01 3.674403131008e-01
6.886035442352e+00 7.195069313049e+00 2.973669290543e+00 2.987179279327e+00 3.205911397934e+00 3.012891292572e+00 4.129290103912e+00 3.878825187683e+00 3.667548418045e+00 2.727487087250e+00 4.176167011261e+00 5.620289325714e+00 3.360985040665e+00 3.159595727921e+00 2.565754175186e+00 2.613861799240e+00 2.778295755386e+00 2.626608848572e+00 2.541693449020e+00 3.184371709824e+00 2.480071067810e+00 2.121192216873e+00 1.817364096642e+00 1.423469066620e+00 1.750658035278e+00 1.961335539818e+00 1.805400729179e+00 2.244869232178e+00 2.341554403305e+00 2.089734077454e+00 1.554962992668e+00 1.148670673370e+00 1.021506786346e+00 8.671914935112e-01 1.407013416290e+00 1.610791206360e+00 7.177879810333e-01 7.358196973801e-01 7.669779062271e-01 7.776013612747e-01 7.347900271416e-01 6.139852404594e-01 4.259610474110e-01
3.311164379120e+00 9.691974639893e+00 7.083704471588e+00 2.955498695374e+00 3.378254413605e+00 3.752595186234e+00 4.000027179718e+00 4.072689533234e+00 3.256875276566e+00 2.845823526382e+00 4.761368751526e+00 5.502484321594e+00 4.321092605591e+00 2.922962427139e+00 2.684323072433e+00 3.008662223816e+00 4.655958175659e+00 2.923756122589e+00 3.530969858170e+00 2.721202611923e+00 1.955876231194e+00 1.906046748161e+00 1.611881017685e+00 1.956904530525e+00 1.987748384476e+00 2.278499364853e+00 2.509292364120e+00 1.921679377556e+00 2.280753374100e+00 2.278017997742e+00 1.769481658936e+00 9.409133195877e-01 9.594000577927e-01 1.488179922104e+00 1.613269329071e+00 9.428762197495e-01 6.530720591545e-01 6.592210531235e-01 6.562274098396e-01 6.661611795425e-01 6.637870073318e-01 6.146713495255e-01 4.913549125195e-01
6.093281745911e+00 4.580673694611e+00 1.130120468140e+01 5.263862609863e+00 3.416079759598e+00 4.613357543945e+00 3.469345092773e+00 3.874307155609e+00 5.100089550018e+00 3.964860439301e+00 5.500899314880e+00 4.371778488159e+00 4.603511333466e+00 3.854861736298e+00 3.173855543137e+00 2.967630624771e+00 6.770878314972e+00 4.091665267944e+00 3.294272899628e+00 4.007103443146e+00 2.383278608322e+00 1.943755626678e+00 2.075797796249e+00 2.185505628586e+00 2.105402469635e+00 2.234918832779e+00 3.163511514664e+00 1.921850323677e+00 2.367884397507e+00 2.473271131516e+00 2.005309104919e+00 1.292536020279e+00 1.639818906784e+00 1.517033457756e+00 8.674159646034e-01 7.278228998184e-01 6.874569058418e-01 6.437083482742e-01 5.983479619026e-01 5.570396780968e-01 5.719146728516e-01 5.911069512367e-01 5.369746685028e-01
8.242492675781e+00 1.073878860474e+01 6.482501983643e+00 1.111343955994e+01 4.120788097382e+00 5.585252761841e+00 4.792767524719e+00 5.112057209015e+00 7.157484054565e+00 5.936122894287e+00 6.845525741577e+00 3.925646305084e+00 4.176839351654e+00 4.351402282715e+00 3.897149085999e+00 3.076467514038e+00 7.949773311615e+00 4.510017395020e+00 4.697350025177e+00 3.255128860474e+00 1.766220092773e+00 1.954155683517e+00 2.483580827713e+00 2.252895116806e+00 2.048538446426e+00 1.960294008255e+00 3.084332942963e+00 2.107932567596e+00 2.656879901886e+00 2.620978593826e+00 2.078529596329e+00 1.655867218971e+00 1.241440415382e+00 6.520358324051e-01 6.429470777512e-01 6.740518212318e-01 6.664866805077e-01 7.124758958817e-01 6.996361613274e-01 6.639000177383e-01 7.236174345016e-01 8.410138487816e-01 8.782123923302e-01
1.620826530457e+01 1.075483226776e+01 1.134957218170e+01 9.413988113403e+00 8.565510749817e+00 6.278163433075e+00 6.893703460693e+00 6.091924190521e+00 6.293565273285e+00 6.961293697357e+00 8.048707008362e+00 4.683434009552e+00 4.116186618805e+00 4.419018268585e+00 4.836638927460e+00 4.574962139130e+00 6.132964611053e+00 4.544113636017e+00 4.531720161438e+00 3.618051052094e+00 2.949554920197e+00 3.503417015076e+00 3.527754306793e+00 2.918740987778e+00 2.131082296371e+00 1.820664644241e+00 2.420068740845e+00 2.590869426727e+00 2.746364355087e+00 2.293401718140e+00 1.608691453934e+00 1.025421977043e+00 8.972919583321e-01 9.535658955574e-01 1.127159714699e+00 1.235415935516e+00 1.291807413101e+00 1.285654187202e+00 1.220137119293e+00 1.116271257401e+00 1.015342116356e+00 1.019067287445e+00 9.020635485649e-01
