VariationalSeries/SI/f66_max.grd
DSAA
101	101
32.816463539100	34.260883539100
35.556306596100	36.727886596100
8.139433921315e-04	1.335436096191e+02
[rows 19 to 37 of 101, columns 0 to 42 of 101]
2.558934688568e-01 5.216935276985e-01 6.671259999275e-01 6.796983480453e-01 5.605864524841e-01 4.448865056038e-01 3.039492368698e-01 3.448459506035e-01 4.179211854935e-01 5.021095275879e-01 6.579731702805e-01 7.859848737717e-01 7.664964199066e-01 8.310434818268e-01 8.372665047646e-01 8.119469285011e-01 7.722172141075e-01 7.394129037857e-01 8.566014170647e-01 7.713449597359e-01 7.986775636673e-01 8.616617321968e-01 9.162114262581e-01 8.786512017250e-01 7.836875915527e-01 6.628516912460e-01 6.860606670380e-01 1.096644401550e+00 1.308301806450e+00 9.848790764809e-01 9.059429168701e-01 8.318229913712e-01 8.809770345688e-01 8.807945847511e-01 8.814463615417e-01 8.523415327072e-01 6.811758279800e-01 5.951883196831e-01 6.384521722794e-01 6.124982833862e-01 8.866423964500e-01 2.193017005920e+00 1.020043134689e+00
2.001202553511e-01 4.205057919025e-01 5.670319199562e-01 6.202736496925e-01 5.514881610870e-01 5.311137437820e-01 4.867161214352e-01 3.458244502544e-01 4.612910449505e-01 5.388528704643e-01 5.733675956726e-01 7.191131114960e-01 6.386036872864e-01 7.445782423019e-01 8.047176003456e-01 8.302991390228e-01 8.286119699478e-01 7.910298109055e-01 9.973831176758e-01 7.990726232529e-01 9.392076134682e-01 1.120006442070e+00 1.206536769867e+00 1.174207687378e+00 1.102304100990e+00 8.526368737221e-01 9.089817404747e-01 8.874485492706e-01 1.374587774277e+00 1.000555872917e+00 8.554456233978e-01 8.056306838989e-01 7.846999168396e-01 7.903816103935e-01 7.487003207207e-01 9.693106412888e-01 6.474918127060e-01 6.810807585716e-01 6.984568834305e-01 7.144091129303e-01 1.098456501961e+00 1.856379747391e+00 1.519637584686e+00
1.546607613564e-01 3.116746246815e-01 4.285486042500e-01 4.932386875153e-01 4.654808640480e-01 4.059487879276e-01 5.012962222099e-01 4.952670931816e-01 5.674900412560e-01 6.770125031471e-01 7.809875011444e-01 1.029380202293e+00 1.234994053841e+00 1.130126357079e+00 7.686489224434e-01 7.432320713997e-01 7.852527499199e-01 8.191958069801e-01 1.453096747398e+00 1.167564511299e+00 8.780779242516e-01 1.362424612045e+00 1.443656086922e+00 1.579845428467e+00 1.301687240601e+00 1.152641892433e+00 1.135876655579e+00 7.027157545090e-01 1.293150901794e+00 9.228715896606e-01 7.092084884644e-01 7.369840145111e-01 8.704486489296e-01 7.186393737793e-01 7.869047522545e-01 1.025677800179e+00 8.165936470032e-01 7.225335240364e-01 7.544521689415e-01 8.096266984940e-01 1.281016707420e+00 1.329579114914e+00 2.016876935959e+00
2.082641869783e-01 3.741667270660e-01 3.622595965862e-01 3.794092535973e-01 4.421990513802e-01 5.596005320549e-01 6.535260081291e-01 7.823701500893e-01 9.504054784775e-01 1.194756984711e+00 1.521778583527e+00 1.909374952316e+00 2.146067619324e+00 1.864782214165e+00 1.171144247055e+00 7.173798680305e-01 9.901424646378e-01 1.390859127045e+00 1.759167551994e+00 1.429908990860e+00 1.127632260323e+00 1.479441285133e+00 1.574078917503e+00 1.774388074875e+00 1.294599652290e+00 1.312645554543e+00 1.349039673805e+00 8.464724421501e-01 1.055831432343e+00 7.645288705826e-01 7.253379225731e-01 7.183743715286e-01 9.026684165001e-01 9.209966659546e-01 9.158138036728e-01 8.705052137375e-01 1.148852109909e+00 8.023040890694e-01 8.101109266281e-01 8.892982602119e-01 1.428102731705e+00 1.238099455833e+00 2.341999292374e+00
2.021642625332e-01 4.168878197670e-01 4.525107443333e-01 4.336293637753e-01 5.543344616890e-01 7.528835535049e-01 8.251870870590e-01 8.727368116379e-01 9.671537280083e-01 1.119618892670e+00 1.352343440056e+00 1.543004274368e+00 1.580784320831e+00 1.352590441704e+00 9.909476637840e-01 8.825370669365e-01 9.629698991776e-01 1.298325657845e+00 1.729785084724e+00 1.097270965576e+00 1.056429266930e+00 1.491920113564e+00 1.571995496750e+00 1.701488614082e+00 1.357102513313e+00 1.308344364166e+00 1.520645737648e+00 1.296908974648e+00 1.309526681900e+00 1.115900516510e+00 9.644830226898e-01 1.421242356300e+00 1.328116059303e+00 9.941467642784e-01 9.679747223854e-01 9.653156399727e-01 1.273884415627e+00 9.344310164452e-01 8.854167461395e-01 9.391844272614e-01 1.510638952255e+00 1.255280971527e+00 2.392190933228e+00
4.016364216805e-01 6.937022209167e-01 4.517799317837e-01 4.520409107208e-01 5.098692774773e-01 6.552018523216e-01 7.417235374451e-01 7.340791225433e-01 7.299706935883e-01 7.598361968994e-01 8.034381270409e-01 8.512081503868e-01 8.112898468971e-01 8.937261700630e-01 9.046780467033e-01 8.102041482925e-01 8.083291649818e-01 1.488759756088e+00 1.703055024147e+00 9.041842222214e-01 9.135144352913e-01 1.381339430809e+00 1.491719365120e+00 1.449786186218e+00 1.326561689377e+00 1.196999311447e+00 1.636990904808e+00 1.434295892715e+00 1.196757674217e+00 1.158351540565e+00 1.136191964149e+00 1.829841256142e+00 2.724569320679e+00 2.593824863434e+00 2.347440719604e+00 2.239742755890e+00 2.327205896378e+00 1.436463832855e+00 1.218102335930e+00 1.006358623505e+00 1.545798063278e+00 1.212487339973e+00 2.117548942566e+00
7.446693778038e-01 1.578028082848e+00 1.625816464424e+00 1.426400542259e+00 8.914102315903e-01 5.134235620499e-01 4.974407851696e-01 5.216794610023e-01 5.658873319626e-01 7.315513491631e-01 8.770738840103e-01 9.803611636162e-01 1.012085795403e+00 9.702486991882e-01 8.863896131516e-01 9.185651540756e-01 9.661452770233e-01 1.450450539589e+00 1.429657816887e+00 8.418075442314e-01 9.113650321960e-01 1.126835584641e+00 1.289717197418e+00 1.202920675278e+00 1.362572431564e+00 1.314041495323e+00 1.698442816734e+00 1.806122899055e+00 1.920924782753e+00 1.719738125801e+00 1.297034859657e+00 1.087694287300e+00 2.206166982651e+00 2.409877538681e+00 2.656512498856e+00 3.213374614716e+00 4.016701698303e+00 2.449812412262e+00 1.798464059830e+00 1.527178049088e+00 1.518394231796e+00 1.131219506264e+00 1.585196614265e+00
7.956799864769e-01 1.715431571007e+00 1.979955911636e+00 2.337761402130e+00 2.560705900192e+00 2.222674369812e+00 1.246337413788e+00 6.809061169624e-01 9.287591576576e-01 1.084578514099e+00 1.114023327827e+00 1.053681373596e+00 9.867234826088e-01 1.329406976700e+00 1.465278387070e+00 1.455306887627e+00 1.433105707169e+00 1.394407987595e+00 1.377474665642e+00 1.330499053001e+00 1.300522446632e+00 1.300515770912e+00 1.261610984802e+00 1.578008890152e+00 1.900381565094e+00 1.643956542015e+00 1.858515143394e+00 2.386781215668e+00 2.413337469101e+00 2.143868446350e+00 1.600717306137e+00 1.172495245934e+00 1.291462898254e+00 2.033260107040e+00 3.031170606613e+00 2.669003009796e+00 2.716325998306e+00 2.056159496307e+00 2.192470073700e+00 2.233069658279e+00 1.816880583763e+00 1.168802499771e+00 1.409263849258e+00
5.109411478043e-01 1.127447366714e+00 1.311175465584e+00 1.609625577927e+00 2.095091581345e+00 2.756150960922e+00 3.116070270538e+00 2.424385547638e+00 1.266555786133e+00 1.172662615776e+00 1.043947219849e+00 1.347038149834e+00 1.589032530785e+00 1.655520200729e+00 1.573773264885e+00 1.573060989380e+00 1.557314276695e+00 1.510751485825e+00 1.582622408867e+00 1.597138166428e+00 1.641565322876e+00 1.783728361130e+00 1.686468243599e+00 1.552902936935e+00 1.498168468475e+00 1.933633327484e+00 1.853115677834e+00 2.290021181107e+00 2.518637895584e+00 2.260715484619e+00 1.689386129379e+00 1.830560684204e+00 2.361846208572e+00 3.161113977432e+00 3.770803689957e+00 2.730507850647e+00 1.901739120483e+00 1.587818861008e+00 1.966639161110e+00 2.521512985229e+00 2.753977060318e+00 1.871143579483e+00 1.407202601433e+00
3.511549234390e-01 6.894567608833e-01 8.606556653976e-01 7.927156686783e-01 9.111190438271e-01 1.364409685135e+00 2.134895086288e+00 2.897617101669e+00 2.890887022018e+00 1.989618182182e+00 1.506268501282e+00 1.590514183044e+00 1.612566947937e+00 1.540503144264e+00 1.514519691467e+00 1.489451050758e+00 1.412098169327e+00 1.515017509460e+00 1.554394125938e+00 1.612093210220e+00 1.708611130714e+00 1.648884296417e+00 1.584467887878e+00 1.564152717590e+00 1.538452982903e+00 1.513202190399e+00 1.591205954552e+00 1.777185201645e+00 2.136555433273e+00 2.222316503525e+00 1.741286158562e+00 2.122254610062e+00 2.557113647461e+00 2.905038833618e+00 2.813694238663e+00 1.762487173080e+00 1.860117793083e+00 2.138423442841e+00 2.309217691422e+00 2.077224493027e+00 3.083215713501e+00 3.136460781097e+00 1.757052779198e+00
4.075497388840e-01 8.021485805511e-01 7.963483333588e-01 9.783392548561e-01 8.031874299049e-01 6.941812038422e-01 8.165637850761e-01 1.503533005714e+00 2.415367364883e+00 2.807804584503e+00 2.287997722626e+00 1.521719455719e+00 1.446189522743e+00 1.414309263229e+00 1.323090076447e+00 1.285139083862e+00 1.326199531555e+00 1.441993594170e+00 1.402529239655e+00 1.400065898895e+00 1.263555526733e+00 1.038885831833e+00 1.312342166901e+00 1.164292097092e+00 1.762703418732e+00 1.575373172760e+00 1.804277420044e+00 1.983602643013e+00 1.659336924553e+00 1.789223432541e+00 1.982786297798e+00 2.134086847305e+00 1.844664454460e+00 2.276105880737e+00 1.686118245125e+00 1.446061134338e+00 1.877627015114e+00 2.585621833801e+00 3.098211765289e+00 2.934290409088e+00 2.494956493378e+00 3.876827239990e+00 2.919802427292e+00
5.264516472816e-01 1.012031555176e+00 9.411367177963e-01 9.667850136757e-01 1.078288555145e+00 8.081775307655e-01 1.123923301697e+00 1.366084218025e+00 1.510910034180e+00 2.112929582596e+00 2.722257852554e+00 2.468497037888e+00 1.511154294014e+00 1.214029312134e+00 1.194488167763e+00 1.222424864769e+00 1.265507340431e+00 1.250228285789e+00 1.321032643318e+00 1.298213362694e+00 1.132158517838e+00 9.442633986473e-01 1.005621075630e+00 1.603805780411e+00 2.395487546921e+00 3.227584600449e+00 3.879407882690e+00 3.157821416855e+00 2.133992195129e+00 1.994616150856e+00 2.444829702377e+00 1.727275848389e+00 1.289426565170e+00 2.834675073624e+00 1.184253692627e+00 1.677378535271e+00 1.555007576942e+00 2.173765182495e+00 3.164295434952e+00 3.405277490616e+00 2.931479215622e+00 3.264770507812e+00 4.429572105408e+00
4.783796966076e-01 1.045606017113e+00 1.105313897133e+00 1.079956769943e+00 1.140044093132e+00 1.154622077942e+00 1.384920477867e+00 1.456300497055e+00 1.446639418602e+00 1.367291688919e+00 1.891046166420e+00 2.696931838989e+00 2.632567882538e+00 1.816386699677e+00 1.146227598190e+00 1.143969535828e+00 1.103044629097e+00 1.009139776230e+00 1.351486921310e+00 1.406934976578e+00 1.422686696053e+00 1.186664581299e+00 1.087964296341e+00 1.987835884094e+00 3.377382040024e+00 4.981305122375e+00 5.846773624420e+00 5.588975429535e+00 3.639186143875e+00 2.301869153976e+00 2.634583950043e+00 2.223263502121e+00 2.065987348557e+00 3.462466716766e+00 1.790978908539e+00 3.453212261200e+00 2.498909235001e+00 1.810220837593e+00 2.417322874069e+00 3.477420091629e+00 3.566644430161e+00 3.014415025711e+00 4.751285552979e+00
5.881739854813e-01 1.197436451912e+00 1.211168408394e+00 1.176090836525e+00 1.219957470894e+00 1.383239030838e+00 1.393812179565e+00 1.409530282021e+00 1.295863509178e+00 1.194576978683e+00 1.154734611511e+00 1.626729369164e+00 2.615407228470e+00 2.757198333740e+00 2.089507102966e+00 9.891955852509e-01 9.206901192665e-01 1.031788825989e+00 1.200619101524e+00 1.914154291153e+00 1.730135917664e+00 1.586841702461e+00 1.455568194389e+00 1.984701275826e+00 3.454042673111e+00 4.929324626923e+00 6.711224079132e+00 7.863748550415e+00 6.557781219482e+00 3.167129993439e+00 2.864055395126e+00 3.107500791550e+00 2.963326931000e+00 4.094896793365e+00 2.280762672424e+00 4.620873928070e+00 3.827923059464e+00 2.518062114716e+00 2.307759284973e+00 3.340538024902e+00 7.166971206665e+00 3.639427661896e+00 3.873625040054e+00
7.724346518517e-01 1.453556776047e+00 1.350652217865e+00 1.441654443741e+00 1.529855370522e+00 1.616168498993e+00 1.715775132179e+00 1.784294009209e+00 1.823249697685e+00 1.829586029053e+00 1.774992346764e+00 1.711111783981e+00 1.638660669327e+00 2.416072368622e+00 2.805216789246e+00 2.337091922760e+00 1.170334577560e+00 1.054070830345e+00 1.161568641663e+00 1.829090476036e+00 1.938291788101e+00 1.746388554573e+00 1.609941244125e+00 1.704082965851e+00 2.860011816025e+00 4.256502151489e+00 6.591269969940e+00 9.207304000854e+00 8.695931434631e+00 5.290802001953e+00 4.114203453064e+00 5.186601638794e+00 5.567255020142e+00 5.136047363281e+00 4.252296447754e+00 4.981501579285e+00 4.743196487427e+00 3.661298751831e+00 4.158559322357e+00 3.727974414825e+00 1.023789691925e+01 8.373451232910e+00 2.262641191483e+00
7.911797165871e-01 1.644015431404e+00 1.641119360924e+00 1.591297030449e+00 1.402737855911e+00 1.267580032349e+00 1.202941656113e+00 1.329910993576e+00 1.472711563110e+00 1.641097903252e+00 1.828629851341e+00 2.047605276108e+00 2.255460739136e+00 3.566990852356e+00 3.653295993805e+00 2.776235818863e+00 2.617107391357e+00 2.492132186890e+00 2.322838306427e+00 2.130768775940e+00 1.922848463058e+00 1.666134953499e+00 1.813826560974e+00 1.773031949997e+00 1.955668926239e+00 3.222801446915e+00 4.749210834503e+00 7.511033535004e+00 9.540899276733e+00 6.602789878845e+00 3.123911619186e+00 3.248310804367e+00 4.772726535797e+00 6.335872650146e+00 7.035498142242e+00 6.521566867828e+00 4.703531265259e+00 3.964281797409e+00 2.990489482880e+00 4.278790473938e+00 1.068006515503e+01 1.283394050598e+01 3.443179607391e+00
6.722376346588e-01 1.355718970299e+00 1.412480831146e+00 1.539374113083e+00 1.616142153740e+00 1.561914801598e+00 1.311337113380e+00 1.142366886139e+00 1.148671865463e+00 1.148225784302e+00 1.141666531563e+00 1.116927385330e+00 1.081475496292e+00 1.370971679688e+00 2.057095527649e+00 2.253509044647e+00 2.703387498856e+00 2.611926078796e+00 2.131445884705e+00 2.358080863953e+00 2.494421482086e+00 2.574942827225e+00 2.671317338943e+00 2.790471553802e+00 2.683862686157e+00 2.143369197845e+00 3.204550743103e+00 5.694234371185e+00 8.039188385010e+00 5.896862983704e+00 2.949873447418e+00 2.075641870499e+00 1.848363161087e+00 3.078300952911e+00 3.721470832825e+00 6.050224781036e+00 7.680765628815e+00 7.098563671112e+00 4.416677951813e+00 4.823506355286e+00 6.854834556580e+00 1.521994590759e+01 5.535777568817e+00
5.440825819969e-01 1.052142739296e+00 1.048426747322e+00 1.004372119904e+00 1.023667216301e+00 1.145331621170e+00 1.196470975876e+00 1.177755594254e+00 1.001576542854e+00 1.086222648621e+00 1.180211901665e+00 1.275433421135e+00 1.363212108612e+00 1.450928449631e+00 1.540246248245e+00 1.617540359497e+00 1.684785366058e+00 2.536785125732e+00 2.703874349594e+00 3.499253988266e+00 2.741646051407e+00 2.255036830902e+00 2.153096914291e+00 2.095220565796e+00 2.104710340500e+00 2.390067100525e+00 3.187823057175e+00 3.651602983475e+00 5.144173622131e+00 4.191927909851e+00 2.122538328171e+00 2.502803325653e+00 1.865980982780e+00 2.471539497375e+00 2.902674913406e+00 3.522718429565e+00 3.555163383484e+00 5.961252212524e+00 8.423499107361e+00 6.826633930206e+00 6.091515064240e+00 1.245617580414e+01 1.124050712585e+01
3.432008028030e-01 6.918525695801e-01 6.812375783920e-01 6.653674840927e-01 7.510229349136e-01 8.841264247894e-01 9.687954783440e-01 1.016139984131e+00 1.032431125641e+00 9.515134096146e-01 8.843795657158e-01 9.290573000908e-01 9.824767112732e-01 9.915975928307e-01 1.005264878273e+00 1.341907501221e+00 1.493650913239e+00 2.000681877136e+00 3.784956693649e+00 3.963689327240e+00 3.510563373566e+00 2.995705127716e+00 3.510277271271e+00 4.202448368073e+00 2.959053277969e+00 3.385650157928e+00 3.297748565674e+00 3.065568923950e+00 3.201311826706e+00 4.224502086639e+00 3.968182563782e+00 2.473401546478e+00 2.575837135315e+00 2.707894563675e+00 2.933789730072e+00 3.054167032242e+00 3.167040109634e+00 4.078504562378e+00 5.958975315094e+00 6.950766086578e+00 8.303042411804e+00 1.114300251007e+01 9.210775375366e+00
