VariationalSeries/SI/f66_max.grd
DSAA
101	101
32.816463539100	34.260883539100
35.556306596100	36.727886596100
8.139433921315e-04	1.335436096191e+02
[rows 76 to 94 of 101, columns 0 to 42 of 101]
8.571705780923e-03 1.240182947367e-02 1.632630638778e-02 1.933965831995e-02 2.078945562243e-02 2.092697657645e-02 2.021896652877e-02 1.908958517015e-02 1.780479401350e-02 1.923308148980e-02 2.174965851009e-02 2.608362026513e-02 3.089340031147e-02 3.397813439369e-02 3.459883853793e-02 3.358818963170e-02 3.059046156704e-02 3.256803750992e-02 3.353226557374e-02 3.586766123772e-02 4.951286315918e-02 4.843563586473e-02 3.172010928392e-02 3.443501889706e-02 3.190651908517e-02 2.931866981089e-02 3.003217838705e-02 3.338731452823e-02 3.748915717006e-02 3.962341696024e-02 3.814922273159e-02 3.592507541180e-02 3.492184728384e-02 3.461638465524e-02 3.804861381650e-02 4.562046378851e-02 8.833435922861e-02 1.052567511797e-01 9.907105565071e-02 6.983110308647e-02 6.901466101408e-02 1.139831990004e-01 1.984893232584e-01
8.627200499177e-03 1.395380869508e-02 1.852801814675e-02 2.137825079262e-02 2.251812070608e-02 2.240839041770e-02 2.152199298143e-02 2.020955830812e-02 2.100759744644e-02 2.332534268498e-02 2.684749476612e-02 3.174747526646e-02 3.628014773130e-02 3.848863393068e-02 3.789418563247e-02 3.514834493399e-02 2.994039840996e-02 3.076774068177e-02 3.089566715062e-02 2.750337496400e-02 2.824929542840e-02 2.961817011237e-02 2.583796903491e-02 3.113550879061e-02 3.298927471042e-02 3.026272356510e-02 3.254686295986e-02 3.920179232955e-02 4.351232945919e-02 4.401032626629e-02 4.105078056455e-02 3.766688704491e-02 3.738701343536e-02 3.661772981286e-02 4.454091936350e-02 4.788888245821e-02 7.915791124105e-02 8.848205208778e-02 9.726589918137e-02 1.100702807307e-01 2.275899499655e-01 2.966876029968e-01 2.807492315769e-01
9.192353114486e-03 1.466754917055e-02 1.911099255085e-02 2.163196913898e-02 2.243976108730e-02 2.206892520189e-02 2.094755508006e-02 2.287484519184e-02 2.578064054251e-02 2.884859964252e-02 3.281534835696e-02 3.699854761362e-02 3.970133140683e-02 3.962416201830e-02 3.678636997938e-02 3.194063529372e-02 2.537214569747e-02 2.662449143827e-02 2.578237652779e-02 2.260663360357e-02 2.061717957258e-02 2.313850075006e-02 2.799896150827e-02 3.732733801007e-02 3.930684179068e-02 3.547405824065e-02 4.352533817291e-02 4.721594601870e-02 4.829013347626e-02 4.722390696406e-02 4.415088146925e-02 4.091981053352e-02 3.896301239729e-02 4.481508582830e-02 5.776504799724e-02 7.467300444841e-02 9.831646829844e-02 1.222254335880e-01 1.022706776857e-01 2.680857181549e-01 3.089309334755e-01 2.984685897827e-01 2.946136593819e-01
8.306617848575e-03 1.313251070678e-02 1.693532988429e-02 1.897805556655e-02 1.949832215905e-02 1.896177604795e-02 2.175222150981e-02 2.475987933576e-02 2.716768160462e-02 2.955974079669e-02 3.207181394100e-02 3.393488749862e-02 3.413981571794e-02 3.213482350111e-02 2.837835252285e-02 2.373027428985e-02 2.217471972108e-02 2.139195241034e-02 1.999478600919e-02 1.838549785316e-02 1.909271255136e-02 2.126580104232e-02 3.360607847571e-02 4.571837559342e-02 4.943837225437e-02 5.198963358998e-02 5.343530699611e-02 5.384352803230e-02 5.072140321136e-02 4.769647121429e-02 4.513341560960e-02 4.284408688545e-02 4.737129807472e-02 5.640662834048e-02 7.195294648409e-02 8.292984217405e-02 8.087041974068e-02 1.323224306107e-01 1.539634615183e-01 2.265663146973e-01 2.639473676682e-01 2.657723426819e-01 2.705520093441e-01
6.886220071465e-03 1.102869398892e-02 1.345025189221e-02 1.467087212950e-02 1.506298594177e-02 1.751993782818e-02 2.012711763382e-02 2.173082344234e-02 2.247019112110e-02 2.312803640962e-02 2.389317750931e-02 2.434584125876e-02 2.386874519289e-02 2.208608202636e-02 2.270795404911e-02 2.324103191495e-02 2.299021929502e-02 2.180715464056e-02 1.995026879013e-02 1.804337836802e-02 1.798458024859e-02 2.214747108519e-02 3.783884271979e-02 5.200618878007e-02 5.894384533167e-02 6.259773671627e-02 6.307563930750e-02 6.491496413946e-02 6.322638690472e-02 5.441676452756e-02 4.680430889130e-02 4.486728087068e-02 5.216634646058e-02 5.724290013313e-02 6.056528165936e-02 6.498795002699e-02 8.635990321636e-02 1.277083307505e-01 1.687250733376e-01 1.709184050560e-01 2.673097848892e-01 3.205664455891e-01 2.514061331749e-01
9.417190216482e-03 1.427116151899e-02 1.726743206382e-02 1.856677792966e-02 1.933795213699e-02 1.968698389828e-02 1.980255357921e-02 1.967364177108e-02 1.929860375822e-02 1.878140494227e-02 1.957717724144e-02 2.127417735755e-02 2.274906449020e-02 2.402449585497e-02 2.492307685316e-02 2.514805458486e-02 2.443981543183e-02 2.272079885006e-02 2.033446729183e-02 1.983905211091e-02 1.893386989832e-02 2.387589775026e-02 3.898648917675e-02 5.366275459528e-02 1.334139108658e-01 3.948237001896e-01 4.202020764351e-01 1.892653405666e-01 1.101333647966e-01 8.685211837292e-02 6.168360635638e-02 4.750039801002e-02 5.544988065958e-02 7.276206463575e-02 5.917210504413e-02 7.048678398132e-02 7.813538610935e-02 1.318215280771e-01 2.303966432810e-01 2.248633354902e-01 2.492322623730e-01 3.292623758316e-01 4.525538682938e-01
1.331953890622e-02 1.970143429935e-02 2.347136102617e-02 2.548683993518e-02 2.604995295405e-02 2.590413577855e-02 2.538295462728e-02 2.458769828081e-02 2.357786521316e-02 2.267351560295e-02 2.665602602065e-02 3.062451072037e-02 3.406917676330e-02 3.642833605409e-02 3.721995279193e-02 3.621722012758e-02 3.343656286597e-02 2.908077836037e-02 2.688418142498e-02 2.555654942989e-02 2.392914146185e-02 2.788964658976e-02 3.898687288165e-02 8.740465342999e-02 3.694812655449e-01 1.063608169556e+00 1.162966966629e+00 5.850037336349e-01 2.535906732082e-01 1.245574280620e-01 8.047182112932e-02 6.041943654418e-02 5.477627366781e-02 7.757526636124e-02 8.443897217512e-02 8.762571215630e-02 7.849403470755e-02 1.187056303024e-01 2.716462910175e-01 4.084301888943e-01 2.695448398590e-01 2.601135373116e-01 5.759889483452e-01
1.672345772386e-02 2.387604117393e-02 2.856507524848e-02 3.038013726473e-02 3.030079975724e-02 2.930447086692e-02 2.787519246340e-02 2.713570557535e-02 3.181835263968e-02 3.881602361798e-02 4.603912681341e-02 5.286157876253e-02 5.866716057062e-02 6.324435025454e-02 6.639883667231e-02 6.753610074520e-02 6.578548252583e-02 6.012812629342e-02 4.959670826793e-02 3.687798604369e-02 3.409569710493e-02 3.484006226063e-02 7.685481756926e-02 1.391524970531e-01 3.992244005203e-01 3.288962125778e+00 6.146071434021e+00 1.334989547729e+00 5.841470956802e-01 2.096200734377e-01 9.844928234816e-02 7.478251308203e-02 7.269695401192e-02 1.010488346219e-01 1.214822083712e-01 1.185466349125e-01 9.801562875509e-02 1.439038515091e-01 2.287099510431e-01 5.015093684196e-01 5.042741894722e-01 2.488005161285e-01 5.998781323433e-01
1.778974942863e-02 2.488217875361e-02 2.907826006413e-02 3.008275292814e-02 2.906358055770e-02 3.028591908514e-02 3.345911204815e-02 3.555912896991e-02 4.253189265728e-02 5.236002430320e-02 6.261029839516e-02 7.234134525061e-02 8.087962865829e-02 8.849652111530e-02 9.580846130848e-02 1.027381047606e-01 1.073649078608e-01 1.054780706763e-01 9.139615297318e-02 6.561455130577e-02 5.068539828062e-02 7.229705154896e-02 1.271158158779e-01 1.801631748676e-01 7.880298495293e-01 1.893588304520e+00 2.403143167496e+00 7.285186648369e-01 2.730640172958e-01 1.671981960535e-01 1.429442763329e-01 1.749853193760e-01 2.260085046291e-01 2.096442282200e-01 1.523225456476e-01 1.505942046642e-01 1.257701069117e-01 1.468281745911e-01 1.611346751451e-01 3.295656740665e-01 4.384951293468e-01 2.813346385956e-01 1.053698182106e+00
2.431629039347e-02 3.850002214313e-02 4.852964356542e-02 5.422848463058e-02 5.740043520927e-02 5.862100794911e-02 5.803730711341e-02 5.589924007654e-02 5.262021347880e-02 5.421136692166e-02 6.542970240116e-02 7.673508673906e-02 8.746892213821e-02 9.777615964413e-02 1.087871268392e-01 1.217672750354e-01 1.343670934439e-01 1.389622241259e-01 1.251558810472e-01 1.131195351481e-01 1.142094805837e-01 1.231173351407e-01 1.577765792608e-01 2.140501439571e-01 4.077716171741e-01 1.503916829824e-01 1.181123629212e-01 1.180902794003e-01 1.285312771797e-01 1.391694843769e-01 1.540866792202e-01 1.071560621262e+00 7.042440176010e-01 5.649210214615e-01 3.408821225166e-01 5.031046271324e-01 4.630687832832e-01 2.176130712032e-01 1.691976785660e-01 2.033797651529e-01 3.033305704594e-01 8.022019863129e-01 1.219245433807e+00
4.462059959769e-02 6.934683024883e-02 8.493933081627e-02 9.125827252865e-02 9.226917475462e-02 8.995476365089e-02 8.533164858818e-02 7.927856594324e-02 7.392612844706e-02 7.667492330074e-02 7.861403375864e-02 7.923255860806e-02 8.378420770168e-02 9.514109790325e-02 1.058927625418e-01 1.179897710681e-01 1.299519240856e-01 1.933737844229e-01 2.497366368771e-01 2.514108121395e-01 2.566856741905e-01 2.538591325283e-01 1.853750944138e-01 2.230987846851e-01 1.107286289334e-01 8.368746936321e-02 7.686489820480e-02 6.659773737192e-02 7.531271129847e-02 1.052523627877e-01 2.349473536015e-01 1.275303363800e+00 9.072389006615e-01 6.287657022476e-01 5.487546920776e-01 1.166622519493e+00 1.113290309906e+00 5.030043721199e-01 3.771260082722e-01 3.488659262657e-01 4.472520947456e-01 7.568067312241e-01 1.355211734772e+00
6.425075232983e-02 9.777414053679e-02 1.150700673461e-01 1.181459575891e-01 1.446938216686e-01 1.555761098862e-01 1.528959572315e-01 1.424947232008e-01 1.285043507814e-01 1.161226928234e-01 1.173204332590e-01 1.147625297308e-01 1.212966144085e-01 1.398780047894e-01 1.532105505466e-01 1.652829945087e-01 1.853272169828e-01 2.056137919426e-01 1.901506334543e-01 2.174217998981e-01 2.279415726662e-01 1.857650429010e-01 1.523996293545e-01 8.720670640469e-02 7.664640992880e-02 5.951756983995e-02 4.933824390173e-02 3.958160802722e-02 3.623916581273e-02 6.452606618404e-02 1.029288172722e-01 5.431616306305e-01 7.226204872131e-01 1.089912652969e+00 1.156789183617e+00 1.491757273674e+00 1.062908887863e+00 4.988453686237e-01 7.835001349449e-01 7.823194861412e-01 5.568807125092e-01 7.299541234970e-01 2.339239120483e+00
7.530830800533e-02 1.134758368134e-01 1.312508732080e-01 1.463355273008e-01 1.774301826954e-01 1.893853098154e-01 1.850298643112e-01 1.713749170303e-01 1.531057208776e-01 1.335249692202e-01 1.188032403588e-01 1.307043135166e-01 1.511876881123e-01 1.735777705908e-01 1.887139081955e-01 1.937121450901e-01 1.815817356110e-01 1.492273509502e-01 1.178782284260e-01 1.018941998482e-01 8.666782826185e-02 6.072262302041e-02 5.437638983130e-02 5.199785530567e-02 4.630773141980e-02 3.777462244034e-02 2.911587245762e-02 2.760238945484e-02 3.519151359797e-02 5.314971134067e-02 7.637880742550e-02 3.017855584621e-01 3.307258188725e-01 6.375602483749e-01 7.391824126244e-01 1.691934943199e+00 1.491182208061e+00 7.790221571922e-01 7.119534611702e-01 3.123703956604e+00 7.345489978790e+00 1.904145598412e+00 1.170310020447e+00
5.616876110435e-02 8.382377773523e-02 9.577026963234e-02 9.685986489058e-02 1.156089156866e-01 1.221467927098e-01 1.186530515552e-01 1.095014736056e-01 9.750389307737e-02 8.482336997986e-02 7.892465591431e-02 8.484479039907e-02 8.805113285780e-02 8.858136087656e-02 8.740478754044e-02 8.873263001442e-02 7.957090437412e-02 6.376291066408e-02 7.422737777233e-02 6.994955986738e-02 5.570859462023e-02 4.057354107499e-02 3.796545043588e-02 3.384185209870e-02 2.829716354609e-02 2.224353142083e-02 2.526764944196e-02 3.514472022653e-02 4.406050592661e-02 9.069972485304e-02 1.147203519940e-01 1.712438762188e-01 2.956784665585e-01 2.220336943865e-01 1.919064819813e-01 2.336892187595e-01 1.453829765320e+00 8.387539386749e-01 6.506874561310e-01 4.170394897461e+00 9.207207679749e+00 1.012083530426e+00 3.652688264847e-01
2.657229267061e-02 3.924413770437e-02 4.618298634887e-02 5.249488726258e-02 5.495635047555e-02 5.723213776946e-02 5.778233706951e-02 5.475223436952e-02 5.206122249365e-02 5.132196098566e-02 5.037457868457e-02 4.628308117390e-02 4.719684273005e-02 4.849895089865e-02 4.810506477952e-02 4.550268128514e-02 6.149375438690e-02 7.851044088602e-02 7.396537065506e-02 5.533057823777e-02 3.528074920177e-02 2.559840492904e-02 2.320102229714e-02 2.009461075068e-02 1.674832776189e-02 2.572099491954e-02 3.963049501181e-02 5.293342471123e-02 7.328177988529e-02 1.189608275890e-01 1.633528918028e-01 2.203054875135e-01 2.529587745667e-01 2.131844609976e-01 1.315771490335e-01 1.526354551315e-01 2.962863445282e-01 7.474208474159e-01 1.229041934013e+00 1.283866763115e+00 6.810808181763e-01 2.609139680862e-01 2.435826808214e-01
1.758510805666e-02 2.560527436435e-02 3.247874602675e-02 3.669280931354e-02 3.833411633968e-02 3.814327344298e-02 3.723634779453e-02 3.546397760510e-02 3.336420655251e-02 3.114521689713e-02 2.887239679694e-02 2.660665474832e-02 2.443666197360e-02 2.388302981853e-02 2.357810549438e-02 3.351970389485e-02 5.709253251553e-02 6.752025336027e-02 5.776181444526e-02 3.978832066059e-02 2.420449070632e-02 1.542987208813e-02 1.544348802418e-02 1.689447648823e-02 2.295569702983e-02 3.905825689435e-02 5.892984941602e-02 8.306421339512e-02 1.183828189969e-01 1.615434437990e-01 2.417448014021e-01 2.495231777430e-01 2.264796942472e-01 1.230641454458e-01 9.302551299334e-02 1.266677081585e-01 1.534070521593e-01 5.840872526169e-01 1.442117333412e+00 8.288894891739e-01 4.944617450237e-01 2.227480262518e-01 2.114439457655e-01
1.221772097051e-02 1.769429817796e-02 2.213210240006e-02 2.488404326141e-02 2.612237073481e-02 2.627907134593e-02 2.571194432676e-02 2.465040050447e-02 2.325518429279e-02 2.160487882793e-02 1.979570649564e-02 1.787232607603e-02 1.899453066289e-02 1.910103298724e-02 1.763032376766e-02 1.985980570316e-02 3.555347397923e-02 4.422774165869e-02 4.130573943257e-02 3.229733556509e-02 2.280038781464e-02 1.531681139022e-02 1.651722565293e-02 1.897194981575e-02 3.242734819651e-02 7.197730988264e-02 1.538648903370e-01 1.423895359039e-01 1.176674216986e-01 2.178704589605e-01 2.966726422310e-01 2.545022964478e-01 1.831417679787e-01 8.573335409164e-02 9.150318056345e-02 1.257929652929e-01 1.763498038054e-01 6.240265369415e-01 1.049304842949e+00 4.969558715820e-01 2.881946563721e-01 1.778434514999e-01 1.596785485744e-01
8.179353550076e-03 1.173739321530e-02 1.455924287438e-02 1.628034189343e-02 1.703859306872e-02 1.711856946349e-02 1.671957410872e-02 1.596984453499e-02 1.494496129453e-02 1.370970997959e-02 1.359185390174e-02 1.527403108776e-02 1.593542844057e-02 1.523800101131e-02 1.464091893286e-02 1.674449443817e-02 1.859378255904e-02 2.259078808129e-02 2.582045830786e-02 2.490515448153e-02 2.118478529155e-02 1.672638580203e-02 1.762753911316e-02 2.419572696090e-02 4.220344871283e-02 1.253649145365e-01 1.793484687805e-01 1.066637113690e-01 1.197523698211e-01 2.303784191608e-01 3.119260668755e-01 2.471481710672e-01 1.721483767033e-01 1.181069985032e-01 1.300206780434e-01 1.257219016552e-01 2.711287438869e-01 1.083726644516e+00 7.821117043495e-01 2.078308165073e-01 4.161905050278e-01 1.810888350010e-01 1.234735846519e-01
4.810722544789e-03 6.842637434602e-03 8.425735868514e-03 9.360840544105e-03 9.737562388182e-03 9.721793234348e-03 9.424219839275e-03 8.915374055505e-03 8.562012575567e-03 1.044589001685e-02 1.222096383572e-02 1.338347699493e-02 1.348014269024e-02 1.494746562093e-02 1.728337071836e-02 1.964764110744e-02 2.171172015369e-02 2.305462583899e-02 2.326624467969e-02 2.219163440168e-02 2.023441158235e-02 1.877129264176e-02 2.086375467479e-02 3.014918603003e-02 5.090001225471e-02 1.405406445265e-01 1.481634527445e-01 1.175206080079e-01 1.069801598787e-01 2.060688585043e-01 2.887874543667e-01 2.251336276531e-01 2.199854105711e-01 1.484357416630e-01 1.566509008408e-01 1.124182045460e-01 2.580404877663e-01 6.984771490097e-01 3.397244811058e-01 2.438420802355e-01 5.516316294670e-01 1.782951205969e-01 9.448138624430e-02
