VariationalSeries/SI/f67_max.grd
DSAA
101	101
32.816463539100	34.260883539100
35.556306596100	36.727886596100
7.991968886927e-04	1.311125183105e+02
[rows 38 to 56 of 101, columns 43 to 85 of 101]
8.021915435791e+00 1.245886993408e+01 1.331145477295e+01 7.895366191864e+00 1.323434734344e+01 6.496265411377e+00 6.672164916992e+00 8.966290473938e+00 7.687496662140e+00 6.168412208557e+00 9.084377288818e+00 4.710969924927e+00 5.175700664520e+00 4.380048751831e+00 6.805600643158e+00 4.952587604523e+00 5.371762752533e+00 3.050853967667e+00 4.155044078827e+00 6.309024810791e+00 6.431253910065e+00 4.930060863495e+00 3.400773048401e+00 2.693064451218e+00 2.317609310150e+00 2.092983007431e+00 1.941896796227e+00 1.987397909164e+00 1.766686201096e+00 1.326062679291e+00 1.317717313766e+00 1.560133218765e+00 1.783205151558e+00 1.833837032318e+00 1.859905719757e+00 1.863942265511e+00 1.835807204247e+00 1.695802211761e+00 1.506190657616e+00 1.342751622200e+00 1.210245728493e+00 1.214023113251e+00 1.027525901794e+00
7.978434085846e+00 1.652090263367e+01 1.065745067596e+01 1.487720108032e+01 1.070847892761e+01 1.513675975800e+01 1.272202301025e+01 7.871758937836e+00 7.996432304382e+00 6.419786453247e+00 1.030963230133e+01 6.658438682556e+00 4.327263832092e+00 4.967189788818e+00 9.035166740417e+00 5.393289089203e+00 6.163953304291e+00 9.634747505188e+00 8.639603614807e+00 5.856827259064e+00 3.956782341003e+00 2.690371751785e+00 2.451828956604e+00 2.217258453369e+00 2.232139348984e+00 2.132784366608e+00 1.869144558907e+00 1.630015611649e+00 1.470548629761e+00 1.469907641411e+00 1.613947868347e+00 1.516083240509e+00 1.244268774986e+00 1.052593469620e+00 1.017240047455e+00 8.775832056999e-01 9.389128684998e-01 1.031715035439e+00 1.135388135910e+00 1.256955265999e+00 1.361337661743e+00 1.789214611053e+00 1.845373749733e+00
1.174947357178e+01 8.217180252075e+00 1.454278945923e+01 1.152432823181e+01 1.224799728394e+01 1.595230293274e+01 9.715239524841e+00 8.834180831909e+00 6.310544013977e+00 6.552319049835e+00 1.102852821350e+01 5.961275100708e+00 6.122303009033e+00 6.007486820221e+00 7.326001644135e+00 1.183603954315e+01 8.077150344849e+00 4.190527915955e+00 3.913231134415e+00 2.595798015594e+00 1.972024083138e+00 2.842443227768e+00 3.732200145721e+00 3.363209724426e+00 2.421770572662e+00 2.111383914948e+00 2.063766241074e+00 1.902497410774e+00 1.643145084381e+00 1.527526736259e+00 1.436854839325e+00 1.455594062805e+00 1.392594337463e+00 1.294787406921e+00 1.262856006622e+00 1.327395915985e+00 1.309629917145e+00 1.188984870911e+00 1.579963207245e+00 2.153871774673e+00 1.769685626030e+00 1.324026823044e+00 1.145506024361e+00
1.304384994507e+01 1.194925785065e+01 1.895419120789e+01 1.583678531647e+01 1.496712303162e+01 1.649666213989e+01 1.553724193573e+01 8.570659637451e+00 9.667113304138e+00 9.176603317261e+00 1.085681819916e+01 8.467999458313e+00 7.887844085693e+00 1.340690994263e+01 8.643934249878e+00 6.412515640259e+00 5.445213317871e+00 4.409874439240e+00 3.246847152710e+00 5.255793094635e+00 5.659643173218e+00 2.972317218781e+00 4.681201934814e+00 3.554755449295e+00 3.199154853821e+00 2.821149587631e+00 2.491486072540e+00 2.227919340134e+00 2.006784677505e+00 1.934341073036e+00 3.620385885239e+00 1.538369178772e+00 1.461521983147e+00 1.383519053459e+00 1.748428106308e+00 2.183129072189e+00 2.001361608505e+00 2.289555788040e+00 1.947515606880e+00 2.135781764984e+00 2.155143260956e+00 2.108016252518e+00 1.935693144798e+00
1.243675231934e+01 1.720170021057e+01 1.484681415558e+01 1.476996803284e+01 1.369452476501e+01 1.730423545837e+01 2.735959434509e+01 1.179515552521e+01 1.378316497803e+01 1.374677085876e+01 1.253234195709e+01 1.257151222229e+01 1.429573917389e+01 8.187594413757e+00 8.854487419128e+00 4.992040157318e+00 6.761211395264e+00 9.037590980530e+00 7.108896255493e+00 6.793254852295e+00 7.064862728119e+00 4.765210628510e+00 2.951675415039e+00 2.864510536194e+00 2.656241178513e+00 2.488200187683e+00 3.036301374435e+00 5.249707221985e+00 6.301100254059e+00 5.588920593262e+00 2.758354902267e+00 1.993937492371e+00 1.892653107643e+00 2.046947002411e+00 2.577663660049e+00 2.642770528793e+00 2.391933202744e+00 2.140425443649e+00 1.594517827034e+00 1.984157562256e+00 2.370935916901e+00 2.366788625717e+00 2.276616334915e+00
1.472669506073e+01 2.140381240845e+01 3.534153747559e+01 2.163312149048e+01 3.488977813721e+01 1.791507148743e+01 4.284498977661e+01 1.230328464508e+01 2.384459495544e+01 1.716339302063e+01 1.502524375916e+01 1.465182590485e+01 8.319619178772e+00 1.015132904053e+01 1.147927379608e+01 1.121366214752e+01 6.939828872681e+00 4.121996402740e+00 8.850954055786e+00 7.653694152832e+00 4.193373203278e+00 3.829144239426e+00 3.625813961029e+00 6.600767612457e+00 8.116381645203e+00 7.172280311584e+00 4.717009544373e+00 3.394907236099e+00 3.690005302429e+00 2.331513881683e+00 1.870449781418e+00 2.805978059769e+00 3.488265275955e+00 3.129646778107e+00 2.759950160980e+00 3.728119134903e+00 4.415850639343e+00 3.948499441147e+00 2.831039190292e+00 2.066553354263e+00 2.582619428635e+00 2.836647748947e+00 2.992166280746e+00
1.818641471863e+01 2.289665031433e+01 2.698744583130e+01 3.582670211792e+01 2.994302368164e+01 3.034740066528e+01 5.022775268555e+01 1.994568824768e+01 2.315998458862e+01 1.823286628723e+01 1.842311286926e+01 1.063898658752e+01 1.150821208954e+01 1.436822700500e+01 1.121015930176e+01 8.018688201904e+00 1.156629848480e+01 1.073874378204e+01 8.507267951965e+00 1.076438617706e+01 1.089752483368e+01 9.450397491455e+00 6.762282848358e+00 3.693617582321e+00 4.055774211884e+00 3.659033298492e+00 2.905633449554e+00 2.999034166336e+00 3.236331462860e+00 3.477845907211e+00 3.386185407639e+00 2.888896942139e+00 2.774930238724e+00 2.328534126282e+00 4.250795841217e+00 5.193671226501e+00 4.869010925293e+00 3.586233615875e+00 2.172476291656e+00 1.333946466446e+00 1.854547619820e+00 2.127933502197e+00 1.958082795143e+00
1.720432662964e+01 2.526888084412e+01 2.999080657959e+01 2.860714912415e+01 4.254912185669e+01 3.178382682800e+01 5.112081527710e+01 2.820223426819e+01 2.412146186829e+01 2.675968742371e+01 2.049048614502e+01 1.348298835754e+01 1.338651275635e+01 1.431958866119e+01 8.259772300720e+00 1.224522876740e+01 1.579846858978e+01 1.087794399261e+01 6.472841262817e+00 6.408869266510e+00 5.654649734497e+00 4.377763748169e+00 4.219226360321e+00 4.671918869019e+00 4.673178195953e+00 4.127277374268e+00 3.573189020157e+00 3.488677501678e+00 2.906223535538e+00 3.195362091064e+00 3.060230255127e+00 2.790857553482e+00 1.937684059143e+00 3.547925949097e+00 4.231989860535e+00 4.012099742889e+00 2.802164554596e+00 1.509877324104e+00 2.077085018158e+00 1.954113006592e+00 1.462579369545e+00 1.393833756447e+00 1.506634473801e+00
2.549087715149e+01 3.569754028320e+01 3.642392730713e+01 3.970614242554e+01 4.316558074951e+01 5.424974822998e+01 5.114477157593e+01 9.966088867188e+01 3.669453048706e+01 2.325237655640e+01 2.160936355591e+01 1.924841308594e+01 1.638102531433e+01 2.494363403320e+01 2.181667327881e+01 1.272420978546e+01 1.178515911102e+01 1.223559665680e+01 8.958257675171e+00 7.921481609344e+00 7.848511695862e+00 7.465831279755e+00 7.997495651245e+00 5.962768077850e+00 7.667722702026e+00 6.783797264099e+00 4.266050815582e+00 3.884352207184e+00 3.933284044266e+00 3.671273231506e+00 3.134677171707e+00 3.028663396835e+00 3.160595178604e+00 3.637068271637e+00 3.381418943405e+00 2.594848871231e+00 1.980505466461e+00 1.793488264084e+00 1.748207688332e+00 1.729295372963e+00 1.690663814545e+00 1.628726482391e+00 1.568591475487e+00
1.614995956421e+01 4.722729492188e+01 3.260454940796e+01 4.075099945068e+01 6.438902282715e+01 5.157934951782e+01 6.128838348389e+01 7.274428558350e+01 3.585520553589e+01 3.388093566895e+01 4.299044036865e+01 2.740273284912e+01 3.400532531738e+01 2.642114067078e+01 2.212730789185e+01 1.930683135986e+01 1.641605567932e+01 1.420755004883e+01 1.253873062134e+01 1.760233306885e+01 2.058143234253e+01 8.588635444641e+00 5.605585098267e+00 5.667597770691e+00 7.959508895874e+00 5.007767677307e+00 4.328269958496e+00 4.115846157074e+00 3.799040794373e+00 3.614961862564e+00 3.471750736237e+00 3.591387510300e+00 3.800545454025e+00 3.249220132828e+00 2.486841678619e+00 2.320259332657e+00 2.197800874710e+00 1.803203105927e+00 1.784090518951e+00 1.787803649902e+00 1.649714708328e+00 1.690299153328e+00 1.775443434715e+00
4.361370086670e+01 5.098897933960e+01 5.832523727417e+01 6.149621200562e+01 7.116820526123e+01 9.860663604736e+01 1.311125183105e+02 6.069591140747e+01 4.890641021729e+01 3.405471420288e+01 4.845249557495e+01 4.825117111206e+01 1.827120399475e+01 2.917981910706e+01 3.200828552246e+01 1.587595939636e+01 1.467570304871e+01 1.555833053589e+01 1.716566276550e+01 2.022554969788e+01 1.559989547729e+01 6.630307197571e+00 7.517027854919e+00 6.177385807037e+00 5.772408485413e+00 4.938168048859e+00 4.801445960999e+00 4.764795780182e+00 3.959152698517e+00 2.748292446136e+00 2.457855463028e+00 2.693596363068e+00 2.859506607056e+00 2.938105821609e+00 2.882026433945e+00 2.760035753250e+00 2.460610151291e+00 2.523414134979e+00 2.813178539276e+00 2.880985975266e+00 2.579598665237e+00 2.238742351532e+00 1.953686833382e+00
2.915174865723e+01 5.192478942871e+01 5.360446548462e+01 6.794887542725e+01 6.716765594482e+01 6.648419952393e+01 6.524113464355e+01 5.412520217896e+01 3.787630081177e+01 4.327042770386e+01 4.146952056885e+01 4.350434494019e+01 5.264728546143e+01 2.311587333679e+01 1.955098533630e+01 1.214527320862e+01 1.106754302979e+01 7.829772949219e+00 7.210500240326e+00 6.149222373962e+00 5.278874874115e+00 5.980689525604e+00 7.372519016266e+00 8.484109878540e+00 8.684453964233e+00 7.623114109039e+00 6.099301815033e+00 4.225069999695e+00 2.931502103806e+00 2.417008161545e+00 1.962748765945e+00 2.215724706650e+00 2.882040500641e+00 1.930520057678e+00 2.182593107224e+00 2.384775638580e+00 1.905479431152e+00 2.331067323685e+00 2.755360603333e+00 2.919699430466e+00 3.313788414001e+00 4.163208961487e+00 4.726739406586e+00
1.143857383728e+01 1.562248897552e+01 2.462471199036e+01 1.163988800049e+02 6.413976287842e+01 6.118623352051e+01 3.419625854492e+01 3.508211135864e+01 3.243360137939e+01 5.166569519043e+01 4.806019973755e+01 6.804869079590e+01 9.872682952881e+01 7.257937622070e+01 4.731731414795e+01 2.179564476013e+01 1.025697040558e+01 7.312559604645e+00 6.670868873596e+00 8.929936408997e+00 1.162170886993e+01 1.076178264618e+01 7.943694114685e+00 5.105814933777e+00 5.615540027618e+00 5.313681602478e+00 7.599206924438e+00 1.132562255859e+01 5.251934528351e+00 2.763463020325e+00 2.556834459305e+00 4.198287487030e+00 2.750836610794e+00 1.722298264503e+00 1.512244224548e+00 1.567470788956e+00 1.575625538826e+00 1.621842503548e+00 1.651158928871e+00 1.650287985802e+00 1.653079509735e+00 1.829219222069e+00 1.596278190613e+00
2.073348522186e+00 5.171575546265e+00 1.245425891876e+01 1.661097335815e+01 1.693328285217e+01 1.655778884888e+01 1.290942955017e+01 1.760863876343e+01 1.760543441772e+01 2.801136970520e+01 5.688449859619e+01 6.419893646240e+01 8.835941314697e+01 5.131253814697e+01 3.665158843994e+01 2.073447799683e+01 9.464889526367e+00 4.962195873260e+00 5.244481563568e+00 1.156100177765e+01 3.682026672363e+01 1.536910724640e+01 1.314279747009e+01 9.808745384216e+00 9.998955726624e+00 8.587642669678e+00 9.249438285828e+00 6.481538772583e+00 3.206745624542e+00 4.230033397675e+00 3.566280126572e+00 3.604338407516e+00 2.191107749939e+00 1.987008571625e+00 1.385915398598e+00 1.269088387489e+00 1.316212534904e+00 1.314788699150e+00 1.420039892197e+00 1.313207864761e+00 1.709361791611e+00 2.007887125015e+00 1.942134499550e+00
1.448582291603e+00 2.696014404297e+00 7.841512680054e+00 4.553416728973e+00 4.034712314606e+00 3.289376258850e+00 5.012464523315e+00 8.249138832092e+00 8.630147933960e+00 9.145872116089e+00 2.590517044067e+01 1.276514587402e+02 1.012548294067e+02 4.572178649902e+01 2.098555374146e+01 6.043144226074e+00 3.631719827652e+00 2.387238502502e+00 2.967830181122e+00 7.586804866791e+00 1.739787101746e+01 3.031934928894e+01 1.518881988525e+01 1.155976772308e+01 9.122200012207e+00 6.848003864288e+00 7.257173061371e+00 6.784080028534e+00 5.954461097717e+00 5.366318702698e+00 6.540751934052e+00 2.797963857651e+00 2.596578121185e+00 2.097479820251e+00 2.143353700638e+00 1.997529745102e+00 1.672591686249e+00 1.429840922356e+00 1.634803295135e+00 1.887186288834e+00 2.210818529129e+00 2.176631927490e+00 1.856452107430e+00
9.737983942032e-01 4.005152225494e+00 9.412471771240e+00 6.928937435150e+00 1.715925574303e+00 2.015022039413e+00 1.928594946861e+00 3.898569583893e+00 4.256415367126e+00 6.900406837463e+00 1.331731605530e+01 3.491142654419e+01 7.478849029541e+01 5.122273254395e+01 6.937654876709e+01 1.672694778442e+01 2.055559635162e+00 1.296009302139e+00 2.042793035507e+00 6.753996849060e+00 2.072148513794e+01 3.241555404663e+01 2.473396873474e+01 1.684114456177e+01 1.170602226257e+01 7.369744300842e+00 8.359797477722e+00 6.195313930511e+00 5.983748912811e+00 5.955261707306e+00 4.950156211853e+00 3.947548151016e+00 2.779908418655e+00 2.962278842926e+00 2.658445835114e+00 2.118594646454e+00 1.882484197617e+00 1.746135234833e+00 1.618580818176e+00 1.890146493912e+00 2.073908805847e+00 2.017085790634e+00 1.787381410599e+00
8.301036953926e-01 2.044162511826e+00 1.390127944946e+01 1.669784927368e+01 8.709285736084e+00 1.357964038849e+00 1.033278584480e+00 1.942758560181e+00 1.941766858101e+00 1.576904773712e+00 1.333363771439e+00 5.619598388672e+00 2.532292366028e+01 1.462887668610e+01 8.454995727539e+01 1.020216846466e+01 5.757337093353e+00 2.174243211746e+00 1.814062237740e+00 5.876025199890e+00 1.153158950806e+01 1.020406494141e+02 3.154969596863e+01 1.375696372986e+01 1.393742275238e+01 7.357920169830e+00 7.897771835327e+00 6.746784210205e+00 9.634686470032e+00 7.403206348419e+00 4.247405052185e+00 4.213922023773e+00 3.932547330856e+00 3.745368480682e+00 3.677787065506e+00 2.932222366333e+00 2.891375541687e+00 3.200069189072e+00 2.067760229111e+00 1.584856629372e+00 1.564175486565e+00 1.545466899872e+00 1.788713574409e+00
5.327216982841e-01 9.205822348595e-01 1.145395398140e+00 6.484833717346e+00 3.990212440491e+00 9.678117036819e-01 8.239214420319e-01 9.671395421028e-01 9.065957069397e-01 8.709421157837e-01 6.307660341263e-01 7.051845192909e-01 2.162210226059e+00 1.342982006073e+01 3.828002929688e+01 9.373137474060e+00 7.821301460266e+00 3.684254646301e+00 2.147809028625e+00 4.217587947845e+00 4.912781238556e+00 6.723830699921e+00 6.134989261627e+00 4.638310909271e+00 6.835377693176e+00 1.137842559814e+01 9.982730865479e+00 9.965224266052e+00 6.405775070190e+00 8.386210441589e+00 8.748410224915e+00 7.624409198761e+00 4.658128738403e+00 3.863197088242e+00 3.700972795486e+00 3.231022357941e+00 2.761242151260e+00 2.803635120392e+00 2.716518163681e+00 1.798085331917e+00 1.480535387993e+00 1.525882601738e+00 1.648569941521e+00
5.844790339470e-01 9.358130693436e-01 6.154340505600e-01 6.920878887177e-01 7.027024626732e-01 8.266233205795e-01 7.626638412476e-01 7.157517075539e-01 6.617414355278e-01 5.024132728577e-01 3.513608872890e-01 2.986708283424e-01 4.980863630772e-01 1.393809318542e+01 2.167578315735e+01 2.236142349243e+01 6.389986515045e+00 6.808434963226e+00 5.969253540039e+00 2.469425201416e+00 2.676674842834e+00 5.026066303253e+00 1.372389316559e+01 1.296474456787e+01 1.690224075317e+01 1.701103401184e+01 1.594968986511e+01 1.507183742523e+01 1.428777790070e+01 1.363510608673e+01 1.451825904846e+01 1.778686332703e+01 1.520453071594e+01 6.223746776581e+00 2.536840677261e+00 2.983379364014e+00 3.266004085541e+00 2.256153821945e+00 2.231173753738e+00 1.577720642090e+00 1.554364800453e+00 1.148050427437e+00 1.292111277580e+00
