VariationalSeries/SI/f67_max.grd
DSAA
101	101
32.816463539100	34.260883539100
35.556306596100	36.727886596100
7.991968886927e-04	1.311125183105e+02
[rows 19 to 37 of 101, columns 0 to 42 of 101]
2.512346506119e-01 5.121967196465e-01 6.549829840660e-01 6.673278212547e-01 5.503848195076e-01 4.368093609810e-01 2.984291911125e-01 3.385650813580e-01 4.103446006775e-01 4.930056333542e-01 6.460040211678e-01 7.716959118843e-01 7.525741457939e-01 8.159502148628e-01 8.220615386963e-01 7.972038984299e-01 7.581975460052e-01 7.259300947189e-01 8.409981131554e-01 7.573237419128e-01 7.842153906822e-01 8.460674285889e-01 8.995504975319e-01 8.626954555511e-01 7.694587707520e-01 6.508194804192e-01 6.736079454422e-01 1.076705932617e+00 1.284543156624e+00 9.669436812401e-01 8.894426226616e-01 8.166859745979e-01 8.649680018425e-01 8.647928833961e-01 8.654378056526e-01 8.368244767189e-01 6.687885522842e-01 5.843644142151e-01 6.268468499184e-01 6.013246774673e-01 8.704910874367e-01 2.153256177902e+00 1.001550555229e+00
1.964758485556e-01 4.128489196301e-01 5.567082762718e-01 6.089819073677e-01 5.414493680000e-01 5.214685201645e-01 4.778791368008e-01 3.395546972752e-01 4.529274106026e-01 5.290815830231e-01 5.629363059998e-01 7.060387730598e-01 6.270010471344e-01 7.310519218445e-01 7.901002168655e-01 8.152192234993e-01 8.135654330254e-01 7.766681313515e-01 9.792562127113e-01 7.845448255539e-01 9.221951365471e-01 1.099645495415e+00 1.184597253799e+00 1.152849316597e+00 1.082295298576e+00 8.371602892876e-01 8.924831151962e-01 8.713044524193e-01 1.349616169930e+00 9.823376536369e-01 8.398673534393e-01 7.909687757492e-01 7.704188823700e-01 7.760556340218e-01 7.350967526436e-01 9.517132043839e-01 6.357141137123e-01 6.686920523643e-01 6.857600808144e-01 7.013794183731e-01 1.078449487686e+00 1.822717428207e+00 1.492081403732e+00
1.518621593714e-01 3.060348629951e-01 4.207435846329e-01 4.842565357685e-01 4.570048749447e-01 3.985728323460e-01 4.921909868717e-01 4.862736463547e-01 5.571857094765e-01 6.647251248360e-01 7.668203115463e-01 1.010716319084e+00 1.212615370750e+00 1.109655976295e+00 7.547265887260e-01 7.297302484512e-01 7.709897160530e-01 8.042713403702e-01 1.426686644554e+00 1.146415472031e+00 8.621573448181e-01 1.337655425072e+00 1.417403697968e+00 1.551105618477e+00 1.278062939644e+00 1.131723165512e+00 1.115259528160e+00 6.899260282516e-01 1.269649505615e+00 9.060690999031e-01 6.962921619415e-01 7.235699892044e-01 8.546071648598e-01 7.056100368500e-01 7.726452350616e-01 1.007054209709e+00 8.017672896385e-01 7.093878984451e-01 7.407363057137e-01 7.948640584946e-01 1.257687330246e+00 1.305464625359e+00 1.980301737785e+00
2.044836729765e-01 3.673758804798e-01 3.556994795799e-01 3.725381791592e-01 4.341526329517e-01 5.494183301926e-01 6.416386961937e-01 7.681483030319e-01 9.331367015839e-01 1.173057436943e+00 1.494157433510e+00 1.874740481377e+00 2.107159137726e+00 1.830982208252e+00 1.149912118912e+00 7.043894529343e-01 9.722138643265e-01 1.365672826767e+00 1.727304816246e+00 1.403989791870e+00 1.107175111771e+00 1.452541947365e+00 1.545452237129e+00 1.742105007172e+00 1.271102666855e+00 1.288822889328e+00 1.324551820755e+00 8.311104178429e-01 1.036635279655e+00 7.506083250046e-01 7.122536897659e-01 7.054167985916e-01 8.862397074699e-01 9.042909741402e-01 8.992001414299e-01 8.546911478043e-01 1.127998471260e+00 7.877200841904e-01 7.953758835793e-01 8.730869293213e-01 1.402098536491e+00 1.215564250946e+00 2.299526214600e+00
1.984920501709e-01 4.093163013458e-01 4.442937672138e-01 4.257571995258e-01 5.442445874214e-01 7.391784191132e-01 8.101686835289e-01 8.568603992462e-01 9.495652318001e-01 1.099265217781e+00 1.327773094177e+00 1.514985680580e+00 1.552091121674e+00 1.328042864799e+00 9.729619622231e-01 8.665382862091e-01 9.455125331879e-01 1.274716854095e+00 1.698334813118e+00 1.077355265617e+00 1.037245750427e+00 1.464789271355e+00 1.543401360512e+00 1.670525670052e+00 1.332408428192e+00 1.284598946571e+00 1.493041038513e+00 1.273346185684e+00 1.285735130310e+00 1.095619797707e+00 9.469476342201e-01 1.395467996597e+00 1.304031491280e+00 9.761047363281e-01 9.504059553146e-01 9.478273987770e-01 1.250758051872e+00 9.175156354904e-01 8.693103790283e-01 9.220677018166e-01 1.483135342598e+00 1.232434034348e+00 2.348805904388e+00
3.943682014942e-01 6.811547875404e-01 4.436143636703e-01 4.438606500626e-01 5.006467700005e-01 6.432668566704e-01 7.282112836838e-01 7.207100391388e-01 7.166832089424e-01 7.460111379623e-01 7.888208031654e-01 8.357245326042e-01 7.965376377106e-01 8.775169849396e-01 8.882679343224e-01 7.955039143562e-01 7.936356067657e-01 1.461682915688e+00 1.672084927559e+00 8.877439498901e-01 8.968837857246e-01 1.356213688850e+00 1.464581251144e+00 1.423397064209e+00 1.302510142326e+00 1.175273180008e+00 1.607272505760e+00 1.408250570297e+00 1.175043582916e+00 1.137336015701e+00 1.115546703339e+00 1.796621918678e+00 2.675126552582e+00 2.546766757965e+00 2.304859876633e+00 2.199117898941e+00 2.285000801086e+00 1.410463213921e+00 1.196050286293e+00 9.881135821342e-01 1.517658233643e+00 1.190419673920e+00 2.079142093658e+00
7.311916947365e-01 1.549469709396e+00 1.596406698227e+00 1.400617122650e+00 8.753060102463e-01 5.041322112083e-01 4.884044528008e-01 5.122053623199e-01 5.556237101555e-01 7.182840704918e-01 8.611670732498e-01 9.625794887543e-01 9.937260746956e-01 9.526445865631e-01 8.703508377075e-01 9.019262790680e-01 9.485821723938e-01 1.424067258835e+00 1.403655409813e+00 8.265905976295e-01 8.947727680206e-01 1.106329441071e+00 1.266247153282e+00 1.181164741516e+00 1.337844729424e+00 1.290195703506e+00 1.667608499527e+00 1.773345232010e+00 1.886066198349e+00 1.688530564308e+00 1.273495674133e+00 1.067919969559e+00 2.166090011597e+00 2.366107702255e+00 2.608280420303e+00 3.155056715012e+00 3.943836927414e+00 2.405381679535e+00 1.765908479691e+00 1.499531269073e+00 1.490756392479e+00 1.110631704330e+00 1.556439995766e+00
7.812893986702e-01 1.684400439262e+00 1.944131493568e+00 2.295472621918e+00 2.514412164688e+00 2.182515621185e+00 1.223827719688e+00 6.685571074486e-01 9.119153618813e-01 1.064906120300e+00 1.093813419342e+00 1.034562230110e+00 9.688400030136e-01 1.305325388908e+00 1.438755631447e+00 1.428984522820e+00 1.407197356224e+00 1.369208455086e+00 1.352583765984e+00 1.306454896927e+00 1.277023196220e+00 1.277020454407e+00 1.238821864128e+00 1.549424648285e+00 1.865960478783e+00 1.614180922508e+00 1.824775815010e+00 2.343456983566e+00 2.369529008865e+00 2.104952335358e+00 1.571661472321e+00 1.151118755341e+00 1.268087387085e+00 1.996447682381e+00 2.976279258728e+00 2.620652437210e+00 2.666992902756e+00 2.018836259842e+00 2.152772903442e+00 2.192642211914e+00 1.783993721008e+00 1.147688031197e+00 1.383703470230e+00
5.017052888870e-01 1.107060790062e+00 1.287456154823e+00 1.580495357513e+00 2.057182312012e+00 2.706310033798e+00 3.059762239456e+00 2.380597591400e+00 1.243691921234e+00 1.151384830475e+00 1.025000452995e+00 1.322629809380e+00 1.560259938240e+00 1.625566363335e+00 1.545319914818e+00 1.544632792473e+00 1.529180049896e+00 1.483460664749e+00 1.554034233093e+00 1.568291902542e+00 1.611921310425e+00 1.751522541046e+00 1.656018257141e+00 1.524862647057e+00 1.471013307571e+00 1.898593544960e+00 1.819539070129e+00 2.248440265656e+00 2.472905635834e+00 2.219669342041e+00 1.658716082573e+00 1.797414183617e+00 2.319078445435e+00 3.103863954544e+00 3.702493190765e+00 2.681021690369e+00 1.867157816887e+00 1.558943510056e+00 1.931012511253e+00 2.475848436356e+00 2.704123020172e+00 1.837282061577e+00 1.381842732430e+00
3.447953462601e-01 6.769725680351e-01 8.450791239738e-01 7.783718705177e-01 8.946125507355e-01 1.339697837830e+00 2.096263170242e+00 2.845238685608e+00 2.838660955429e+00 1.953695058823e+00 1.478989839554e+00 1.561733603477e+00 1.583408117294e+00 1.512663722038e+00 1.487162590027e+00 1.462554216385e+00 1.386597990990e+00 1.487663030624e+00 1.526332020760e+00 1.582992792130e+00 1.677770972252e+00 1.619123101234e+00 1.555866122246e+00 1.535913467407e+00 1.510671973228e+00 1.485873460770e+00 1.562358856201e+00 1.744903564453e+00 2.097756385803e+00 2.181965589523e+00 1.709671735764e+00 2.083806991577e+00 2.510786056519e+00 2.852396249771e+00 2.762688875198e+00 1.730520844460e+00 1.826359391212e+00 2.099536895752e+00 2.267240762711e+00 2.039580106735e+00 3.027373790741e+00 3.079689741135e+00 1.725381493568e+00
4.001644253731e-01 7.876137495041e-01 7.819322347641e-01 9.606345295906e-01 7.886537313461e-01 6.816076636314e-01 8.017476797104e-01 1.476296424866e+00 2.371682882309e+00 2.757063627243e+00 2.246675491333e+00 1.494216918945e+00 1.420068621635e+00 1.388775467873e+00 1.299209713936e+00 1.261944770813e+00 1.302267193794e+00 1.415790915489e+00 1.377225637436e+00 1.374807715416e+00 1.240759253502e+00 1.020162105560e+00 1.288441061974e+00 1.143075466156e+00 1.730591654778e+00 1.546929121017e+00 1.771700859070e+00 1.947561502457e+00 1.629371523857e+00 1.756732583046e+00 1.946662187576e+00 2.095221042633e+00 1.811222553253e+00 2.234859704971e+00 1.655525565147e+00 1.419810414314e+00 1.843537092209e+00 2.538586378098e+00 3.041874647141e+00 2.880950927734e+00 2.449731349945e+00 3.806621313095e+00 2.866971254349e+00
5.169025659561e-01 9.936758875847e-01 9.240714311600e-01 9.492848515511e-01 1.058775424957e+00 7.935277819633e-01 1.103561878204e+00 1.341352701187e+00 1.483580946922e+00 2.074697256088e+00 2.673054456711e+00 2.423906087875e+00 1.483877062798e+00 1.192122101784e+00 1.172935366631e+00 1.200371146202e+00 1.242679595947e+00 1.227677941322e+00 1.297021508217e+00 1.274708151817e+00 1.111662983894e+00 9.271605610847e-01 9.873016476631e-01 1.574616312981e+00 2.351911306381e+00 3.168895483017e+00 3.808868646622e+00 3.100382089615e+00 2.095466136932e+00 1.958600401878e+00 2.400301456451e+00 1.696073174477e+00 1.266069293022e+00 2.783303260803e+00 1.162747979164e+00 1.647043466568e+00 1.526761770248e+00 2.134195566177e+00 3.106725215912e+00 3.343344449997e+00 2.878179788589e+00 3.205600976944e+00 4.349381923676e+00
4.696997106075e-01 1.026633501053e+00 1.085256218910e+00 1.060359120369e+00 1.119408130646e+00 1.133715152740e+00 1.359861493111e+00 1.429970383644e+00 1.420497536659e+00 1.342596292496e+00 1.856813311577e+00 2.648175716400e+00 2.585005044937e+00 1.783593773842e+00 1.125549912453e+00 1.123336076736e+00 1.083152532578e+00 9.908577203751e-01 1.327007412910e+00 1.381455183029e+00 1.396829605103e+00 1.165181875229e+00 1.068264961243e+00 1.951679944992e+00 3.315981626511e+00 4.890785217285e+00 5.740516662598e+00 5.487372398376e+00 3.572989225388e+00 2.260315179825e+00 2.586609840393e+00 2.183115243912e+00 2.028545141220e+00 3.399715900421e+00 1.758502840996e+00 3.390729665756e+00 2.453709840775e+00 1.777459025383e+00 2.373311996460e+00 3.414144754410e+00 3.501773357391e+00 2.959609031677e+00 4.665210247040e+00
5.775408744812e-01 1.175788283348e+00 1.189270377159e+00 1.154827117920e+00 1.197877168655e+00 1.358221650124e+00 1.368619203568e+00 1.384065628052e+00 1.272463679314e+00 1.173015952110e+00 1.133897304535e+00 1.597266793251e+00 2.568114280701e+00 2.707375764847e+00 2.051776170731e+00 9.711756706238e-01 9.040303826332e-01 1.013123989105e+00 1.178866744041e+00 1.879430413246e+00 1.698751926422e+00 1.558000922203e+00 1.429120659828e+00 1.948621273041e+00 3.391274452209e+00 4.839757919312e+00 6.589287281036e+00 7.720868110657e+00 6.438574790955e+00 3.109505653381e+00 2.812146186829e+00 3.051115751266e+00 2.909486770630e+00 4.020678520203e+00 2.239448070526e+00 4.537230968475e+00 3.758653163910e+00 2.472511768341e+00 2.265825510025e+00 3.280020952225e+00 7.037176132202e+00 3.573525905609e+00 3.803378105164e+00
7.583460211754e-01 1.427050590515e+00 1.326249241829e+00 1.415603637695e+00 1.502207517624e+00 1.586957454681e+00 1.684759259224e+00 1.752036929131e+00 1.790287494659e+00 1.796511650085e+00 1.742911100388e+00 1.679934620857e+00 1.608824372292e+00 2.372372627258e+00 2.754519701004e+00 2.294883012772e+00 1.149214148521e+00 1.034863114357e+00 1.140548229218e+00 1.795894026756e+00 1.903116106987e+00 1.714641332626e+00 1.580786347389e+00 1.673115730286e+00 2.808037757874e+00 4.179170131683e+00 6.471523284912e+00 9.040044784546e+00 8.537929534912e+00 5.194591045380e+00 4.039841175079e+00 5.092787265778e+00 5.466438770294e+00 5.042892932892e+00 4.175031185150e+00 4.891304492950e+00 4.657333850861e+00 3.595045328140e+00 4.082987308502e+00 3.660387992859e+00 1.005237483978e+01 8.221780776978e+00 2.221493721008e+00
7.767327427864e-01 1.613996624947e+00 1.611158013344e+00 1.562251448631e+00 1.377141594887e+00 1.244687914848e+00 1.181218743324e+00 1.305891871452e+00 1.446107983589e+00 1.611445426941e+00 1.795583248138e+00 2.010594844818e+00 2.214689493179e+00 3.502107381821e+00 3.586905956268e+00 2.726057052612e+00 2.569810390472e+00 2.447110652924e+00 2.280893802643e+00 2.092310905457e+00 1.888157129288e+00 1.636086106300e+00 1.780852437019e+00 1.740919589996e+00 1.920137763023e+00 3.164262771606e+00 4.662950038910e+00 7.374598026276e+00 9.367608070374e+00 6.482803344727e+00 3.067086935043e+00 3.189680099487e+00 4.686529636383e+00 6.221345901489e+00 6.908170700073e+00 6.403333187103e+00 4.618076801300e+00 3.892508029938e+00 2.936376810074e+00 4.200989246368e+00 1.048636245728e+01 1.260137462616e+01 3.380610466003e+00
6.600837707520e-01 1.331214904785e+00 1.386669039726e+00 1.511244297028e+00 1.586611628532e+00 1.533381104469e+00 1.287389636040e+00 1.121652603149e+00 1.127843499184e+00 1.127405405045e+00 1.120964169502e+00 1.096672534943e+00 1.061862468719e+00 1.346068978310e+00 2.019743442535e+00 2.212590456009e+00 2.654518365860e+00 2.564738988876e+00 2.092922449112e+00 2.315457820892e+00 2.449340105057e+00 2.528419733047e+00 2.623072385788e+00 2.740096569061e+00 2.635435104370e+00 2.104451179504e+00 3.146366357803e+00 5.590838432312e+00 7.893212318420e+00 5.789743900299e+00 2.896251678467e+00 2.037918329239e+00 1.815037012100e+00 3.022478580475e+00 3.654254913330e+00 5.940848350525e+00 7.541752815247e+00 6.969882965088e+00 4.336452484131e+00 4.736143112183e+00 6.730369091034e+00 1.494394397736e+01 5.435762405396e+00
5.342520475388e-01 1.033135414124e+00 1.029490947723e+00 9.862347841263e-01 1.004948616028e+00 1.124387860298e+00 1.174593806267e+00 1.156227231026e+00 9.832745194435e-01 1.066518783569e+00 1.158802986145e+00 1.252297401428e+00 1.338483452797e+00 1.424607515335e+00 1.512303590775e+00 1.588194727898e+00 1.654218912125e+00 2.490919351578e+00 2.655017852783e+00 3.435969591141e+00 2.692064046860e+00 2.214133977890e+00 2.114056110382e+00 2.057221889496e+00 2.066535472870e+00 2.346860885620e+00 3.130242347717e+00 3.585350036621e+00 5.050810813904e+00 4.115817070007e+00 2.083999395370e+00 2.457307338715e+00 1.832062244415e+00 2.426680564880e+00 2.850029706955e+00 3.459095716476e+00 3.490946292877e+00 5.853439807892e+00 8.271006584167e+00 6.702914714813e+00 5.981173515320e+00 1.223007583618e+01 1.103719520569e+01
3.370019197464e-01 6.793567538261e-01 6.689340472221e-01 6.533367037773e-01 7.373673915863e-01 8.681528568268e-01 9.512981772423e-01 9.977934956551e-01 1.013797044754e+00 9.343462586403e-01 8.682715296745e-01 9.122344255447e-01 9.646885991096e-01 9.735873341560e-01 9.870086908340e-01 1.317612051964e+00 1.466596007347e+00 1.964362144470e+00 3.716275930405e+00 3.891779184341e+00 3.446885108948e+00 2.941375732422e+00 3.446845769882e+00 4.126539707184e+00 2.905631303787e+00 3.324250221252e+00 3.237935304642e+00 3.009961128235e+00 3.143266916275e+00 4.148174285889e+00 3.896531343460e+00 2.428428888321e+00 2.529046297073e+00 2.658673763275e+00 2.880550146103e+00 2.998631238937e+00 3.109819889069e+00 4.004812717438e+00 5.851013660431e+00 6.825011730194e+00 8.152734756470e+00 1.094115638733e+01 9.043560981750e+00
