VariationalSeries/SI/f67_max.grd
DSAA
101	101
32.816463539100	34.260883539100
35.556306596100	36.727886596100
7.991968886927e-04	1.311125183105e+02
[rows 76 to 94 of 101, columns 0 to 42 of 101]
8.415928110480e-03 1.217646710575e-02 1.602945663035e-02 1.898810826242e-02 2.041164413095e-02 2.054674178362e-02 1.985164545476e-02 1.874279975891e-02 1.748135872185e-02 1.888499222696e-02 2.135597914457e-02 2.561150863767e-02 3.033429384232e-02 3.336329013109e-02 3.397287428379e-02 3.298063948750e-02 3.003723360598e-02 3.197830170393e-02 3.292508423328e-02 3.521959483624e-02 4.861848056316e-02 4.756074771285e-02 3.114617057145e-02 3.381184116006e-02 3.132893517613e-02 2.878724038601e-02 2.948845364153e-02 3.278284892440e-02 3.680957108736e-02 3.890505433083e-02 3.745748475194e-02 3.527354076505e-02 3.428836539388e-02 3.398978337646e-02 3.735982254148e-02 4.479467496276e-02 8.674276620150e-02 1.033543050289e-01 9.728012233973e-02 6.856635957956e-02 6.776314973831e-02 1.119121387601e-01 1.948786675930e-01
8.470347151160e-03 1.370016206056e-02 1.819129288197e-02 2.098980359733e-02 2.210903912783e-02 2.200135774910e-02 2.113109454513e-02 1.984250918031e-02 2.062759548426e-02 2.290336787701e-02 2.636177279055e-02 3.117311745882e-02 3.562383353710e-02 3.779244422913e-02 3.720884025097e-02 3.451273590326e-02 2.939899824560e-02 3.021074458957e-02 3.033636324108e-02 2.700546197593e-02 2.773892506957e-02 2.908309176564e-02 2.536941878498e-02 3.057142347097e-02 3.239147365093e-02 2.971417829394e-02 3.195706382394e-02 3.849131613970e-02 4.272363334894e-02 4.321249946952e-02 4.030649736524e-02 3.698382899165e-02 3.670867532492e-02 3.595440462232e-02 4.373398795724e-02 4.702403023839e-02 7.773181051016e-02 8.688723295927e-02 9.550742059946e-02 1.080779358745e-01 2.234646379948e-01 2.913008034229e-01 2.756444215775e-01
9.025295265019e-03 1.440103352070e-02 1.876379549503e-02 2.123903483152e-02 2.203221060336e-02 2.166814729571e-02 2.056716196239e-02 2.246123924851e-02 2.531446330249e-02 2.832691557705e-02 3.222191333771e-02 3.632946312428e-02 3.898338600993e-02 3.890764713287e-02 3.612120822072e-02 3.136309608817e-02 2.491333708167e-02 2.614261582494e-02 2.531573921442e-02 2.219744957983e-02 2.024327404797e-02 2.271894924343e-02 2.749171480536e-02 3.665105253458e-02 3.859455883503e-02 3.483140468597e-02 4.273670911789e-02 4.636030644178e-02 4.741489887238e-02 4.636788368225e-02 4.335045441985e-02 4.017785191536e-02 3.825642168522e-02 4.400328546762e-02 5.671858415008e-02 7.332510501146e-02 9.654203802347e-02 1.200234517455e-01 1.004189029336e-01 2.632347941399e-01 3.033315539360e-01 2.930782139301e-01 2.892911732197e-01
8.155695162714e-03 1.289393939078e-02 1.662771590054e-02 1.863337866962e-02 1.914423145354e-02 1.861745305359e-02 2.135900221765e-02 2.431228198111e-02 2.667653560638e-02 2.902531996369e-02 3.149194642901e-02 3.332130610943e-02 3.352250903845e-02 3.155376017094e-02 2.786519564688e-02 2.330112457275e-02 2.177263796329e-02 2.100412547588e-02 1.963234134018e-02 1.805225387216e-02 1.874656789005e-02 2.088037878275e-02 3.299721702933e-02 4.489003866911e-02 4.854250326753e-02 5.104953423142e-02 5.246721953154e-02 5.286788567901e-02 4.980218037963e-02 4.683194682002e-02 4.431524872780e-02 4.206733033061e-02 4.650391265750e-02 5.538869649172e-02 7.065448164940e-02 8.143333345652e-02 7.941116392612e-02 1.299397349358e-01 1.511731892824e-01 2.224234640598e-01 2.591508328915e-01 2.609402835369e-01 2.656523585320e-01
6.760934367776e-03 1.082808990031e-02 1.320568379015e-02 1.440441887826e-02 1.478942949325e-02 1.720324717462e-02 1.976331323385e-02 2.133802138269e-02 2.206398919225e-02 2.270988933742e-02 2.346114628017e-02 2.390558272600e-02 2.343708276749e-02 2.168663404882e-02 2.229613251984e-02 2.281959727407e-02 2.257338538766e-02 2.141182310879e-02 1.958864182234e-02 1.771574281156e-02 1.765873655677e-02 2.174616046250e-02 3.715325146914e-02 5.106386169791e-02 5.787568539381e-02 6.146584078670e-02 6.193504482508e-02 6.374130398035e-02 6.208297610283e-02 5.343245342374e-02 4.595761001110e-02 4.405774921179e-02 5.121242627501e-02 5.621002241969e-02 5.947246029973e-02 6.381025165319e-02 8.479463309050e-02 1.254098117352e-01 1.656866669655e-01 1.678240150213e-01 2.624697387218e-01 3.147368133068e-01 2.468303889036e-01
9.246393106878e-03 1.401328854263e-02 1.695544458926e-02 1.823017187417e-02 1.898741349578e-02 1.933015324175e-02 1.944364048541e-02 1.931707002223e-02 1.894883811474e-02 1.844103075564e-02 1.922208629549e-02 2.088833786547e-02 2.233650721610e-02 2.358884550631e-02 2.447117492557e-02 2.469211444259e-02 2.399675920606e-02 2.230894193053e-02 1.996589452028e-02 1.947887055576e-02 1.859107986093e-02 2.344326302409e-02 3.828005120158e-02 5.269032716751e-02 1.310021579266e-01 3.876924216747e-01 4.126139879227e-01 1.858467608690e-01 1.081419140100e-01 8.528137952089e-02 6.056788563728e-02 4.664124548435e-02 5.444362387061e-02 7.144145667553e-02 5.809802934527e-02 6.920954585075e-02 7.671952247620e-02 1.294497698545e-01 2.262506335974e-01 2.207933068275e-01 2.447212040424e-01 3.232860863209e-01 4.443252980709e-01
1.307794451714e-02 1.934542879462e-02 2.304572425783e-02 2.502472326159e-02 2.557769790292e-02 2.543458342552e-02 2.492288872600e-02 2.414207533002e-02 2.315057441592e-02 2.226319722831e-02 2.617360651493e-02 3.007025644183e-02 3.345256298780e-02 3.576899692416e-02 3.654624521732e-02 3.556160256267e-02 3.283121436834e-02 2.855421043932e-02 2.639608643949e-02 2.509264647961e-02 2.349485643208e-02 2.738467231393e-02 3.828041255474e-02 8.582350611687e-02 3.628041744232e-01 1.044400572777e+00 1.141968965530e+00 5.744394063950e-01 2.490093261003e-01 1.223048940301e-01 7.901626080275e-02 5.932214111090e-02 5.378231406212e-02 7.616774737835e-02 8.290604501963e-02 8.603508025408e-02 7.706952095032e-02 1.165696159005e-01 2.667608559132e-01 4.010821580887e-01 2.646899521351e-01 2.554009258747e-01 5.655326843262e-01
1.642010547221e-02 2.344298921525e-02 2.804704755545e-02 2.982928790152e-02 2.975148335099e-02 2.877329848707e-02 2.736998908222e-02 2.664400078356e-02 3.124258108437e-02 3.811354190111e-02 4.520583897829e-02 5.190474912524e-02 5.760518088937e-02 6.209941208363e-02 6.519666314125e-02 6.631316989660e-02 6.459404528141e-02 5.903882533312e-02 4.869772493839e-02 3.620862960815e-02 3.347688913345e-02 3.420785814524e-02 7.546545565128e-02 1.366344243288e-01 3.919194638729e-01 3.229024648666e+00 6.033437252045e+00 1.310482978821e+00 5.733896493912e-01 2.057806849480e-01 9.666835516691e-02 7.342490553856e-02 7.137744873762e-02 9.921423345804e-02 1.192766055465e-01 1.163947582245e-01 9.623716771603e-02 1.413028389215e-01 2.245976328850e-01 4.924940168858e-01 4.952032268047e-01 2.442866116762e-01 5.890076160431e-01
1.746704429388e-02 2.443086914718e-02 2.855092473328e-02 2.953730709851e-02 2.853672392666e-02 2.973723597825e-02 3.285292908549e-02 3.491492196918e-02 4.176189377904e-02 5.141191557050e-02 6.147639453411e-02 7.103103399277e-02 7.941447198391e-02 8.689316362143e-02 9.407242387533e-02 1.008762866259e-01 1.054188907146e-01 1.035654395819e-01 8.973746746778e-02 6.442235410213e-02 4.977045580745e-02 7.099132984877e-02 1.248186826706e-01 1.769062876701e-01 7.736926674843e-01 1.859176397324e+00 2.358967781067e+00 7.151308655739e-01 2.679450809956e-01 1.641673743725e-01 1.403380036354e-01 1.718141436577e-01 2.219153791666e-01 2.058488428593e-01 1.495573818684e-01 1.478655934334e-01 1.234976500273e-01 1.441740691662e-01 1.582205146551e-01 3.236444592476e-01 4.306148886681e-01 2.762313187122e-01 1.034707069397e+00
2.387661673129e-02 3.780394420028e-02 4.765233770013e-02 5.324830114841e-02 5.636305361986e-02 5.756164342165e-02 5.698852986097e-02 5.488913506269e-02 5.166938900948e-02 5.322844907641e-02 6.424305588007e-02 7.534303516150e-02 8.588174730539e-02 9.600163251162e-02 1.068126782775e-01 1.195573285222e-01 1.319283097982e-01 1.364387571812e-01 1.228804886341e-01 1.109976544976e-01 1.121479272842e-01 1.208946406841e-01 1.549134403467e-01 2.101521790028e-01 4.003694057465e-01 1.476683765650e-01 1.159721314907e-01 1.159507259727e-01 1.262026727200e-01 1.366481035948e-01 1.512905061245e-01 1.051925420761e+00 6.912730932236e-01 5.547148585320e-01 3.347274959087e-01 4.939944446087e-01 4.546823501587e-01 2.136695683002e-01 1.661320328712e-01 1.997269392014e-01 2.978819608688e-01 7.877414822578e-01 1.197271108627e+00
4.381398111582e-02 6.809333711863e-02 8.340419828892e-02 8.960919082165e-02 9.060204774141e-02 8.832957595587e-02 8.379007875919e-02 7.784643769264e-02 7.259063422680e-02 7.528897374868e-02 7.719211280346e-02 7.779841125011e-02 8.225996792316e-02 9.340985864401e-02 1.039659604430e-01 1.158433631063e-01 1.275881379843e-01 1.898788064718e-01 2.452227175236e-01 2.468652427197e-01 2.520409524441e-01 2.492578029633e-01 1.820051968098e-01 2.190505713224e-01 1.087223365903e-01 8.217000961304e-02 7.547125965357e-02 6.539021432400e-02 7.394789904356e-02 1.033452823758e-01 2.306576520205e-01 1.251976251602e+00 8.905462026596e-01 6.173834204674e-01 5.388088822365e-01 1.145487546921e+00 1.093114733696e+00 4.938760399818e-01 3.702647984028e-01 3.425315618515e-01 4.391871392727e-01 7.431613802910e-01 1.330735206604e+00
6.308636814356e-02 9.600245952606e-02 1.129853725433e-01 1.159997880459e-01 1.420634537935e-01 1.527454704046e-01 1.501112729311e-01 1.398971378803e-01 1.261601001024e-01 1.140230149031e-01 1.151978671551e-01 1.126850172877e-01 1.191034913063e-01 1.373483687639e-01 1.504389494658e-01 1.622918099165e-01 1.817921698093e-01 2.017704397440e-01 1.867060363293e-01 2.134835571051e-01 2.238096594810e-01 1.823853403330e-01 1.496366709471e-01 8.562609553337e-02 7.525763660669e-02 5.843823030591e-02 4.844344779849e-02 3.886370360851e-02 3.557955846190e-02 6.335662305355e-02 1.010641008615e-01 5.332847833633e-01 7.095689177513e-01 1.070157408714e+00 1.135803103447e+00 1.464627742767e+00 1.043624281883e+00 4.897870421410e-01 7.692556381226e-01 7.678998112679e-01 5.468354225159e-01 7.167770862579e-01 2.297025203705e+00
7.394342869520e-02 1.114194691181e-01 1.288727968931e-01 1.436761170626e-01 1.742031574249e-01 1.859379112720e-01 1.816585659981e-01 1.682499647141e-01 1.503121703863e-01 1.310873180628e-01 1.166545748711e-01 1.283400356770e-01 1.484523713589e-01 1.704364567995e-01 1.852977871895e-01 1.902039796114e-01 1.782907098532e-01 1.465201675892e-01 1.157375052571e-01 1.000416949391e-01 8.508938550949e-02 5.961446091533e-02 5.339021608233e-02 5.105480551720e-02 4.546786099672e-02 3.708947077394e-02 2.858772687614e-02 2.709988504648e-02 3.455077856779e-02 5.218877270818e-02 7.499527186155e-02 2.963149249554e-01 3.247505724430e-01 6.259927749634e-01 7.257604002953e-01 1.661205768585e+00 1.464155197144e+00 7.647883296013e-01 6.988750100136e-01 3.067251205444e+00 7.212693214417e+00 1.869788050652e+00 1.149201273918e+00
5.515063926578e-02 8.230455964804e-02 9.403481334448e-02 9.509891271591e-02 1.135054454207e-01 1.199225261807e-01 1.164905577898e-01 1.075044125319e-01 9.572473168373e-02 8.327487856150e-02 7.748561352491e-02 8.329556137323e-02 8.644133806229e-02 8.696022629738e-02 8.582301437855e-02 8.712645620108e-02 7.812967151403e-02 6.260902434587e-02 7.288398593664e-02 6.868351250887e-02 5.470019951463e-02 3.983765468001e-02 3.727681934834e-02 3.322800248861e-02 2.778387255967e-02 2.184002473950e-02 2.480899728835e-02 3.450660780072e-02 4.326041415334e-02 8.905870467424e-02 1.126426458359e-01 1.681451052427e-01 2.903360724449e-01 2.180145084858e-01 1.884328275919e-01 2.294526249170e-01 1.427535533905e+00 8.234750628471e-01 6.389437913895e-01 4.094974040985e+00 9.040721893311e+00 9.938204884529e-01 3.586819171906e-01
2.609056793153e-02 3.853277117014e-02 4.534659534693e-02 5.154417827725e-02 5.396107211709e-02 5.619198456407e-02 5.673221871257e-02 5.375723540783e-02 5.111518129706e-02 5.038939043880e-02 4.945921897888e-02 4.544201493263e-02 4.633292183280e-02 4.761040583253e-02 4.722316190600e-02 4.466805607080e-02 6.038095057011e-02 7.708954066038e-02 7.262665033340e-02 5.432909354568e-02 3.464211896062e-02 2.513409405947e-02 2.278016321361e-02 1.973008364439e-02 1.644448935986e-02 2.525407448411e-02 3.891089186072e-02 5.197214335203e-02 7.195731252432e-02 1.168093159795e-01 1.603958010674e-01 2.163174748421e-01 2.483954280615e-01 2.091478109360e-01 1.291963607073e-01 1.498725563288e-01 2.909351289272e-01 7.339274287224e-01 1.206840515137e+00 1.260546565056e+00 6.687586307526e-01 2.562077641487e-01 2.391901612282e-01
1.726671494544e-02 2.514148317277e-02 3.189069032669e-02 3.602841123939e-02 3.763977065682e-02 3.745209053159e-02 3.656197711825e-02 3.482172638178e-02 3.275993466377e-02 3.058105707169e-02 2.834931015968e-02 2.612451277673e-02 2.399373985827e-02 2.345029823482e-02 2.315089106560e-02 3.291320055723e-02 5.605930835009e-02 6.629817187786e-02 5.671626329422e-02 3.906805813313e-02 2.376631088555e-02 1.514997985214e-02 1.516314223409e-02 1.658770814538e-02 2.253900468349e-02 3.834907710552e-02 5.785972625017e-02 8.156218379736e-02 1.162431165576e-01 1.586185395718e-01 2.373678088188e-01 2.450060248375e-01 2.223988771439e-01 1.208376660943e-01 9.134164452553e-02 1.243740990758e-01 1.506177037954e-01 5.735998153687e-01 1.416033148766e+00 8.138301968575e-01 4.855144917965e-01 2.187307029963e-01 2.076310813427e-01
1.199572999030e-02 1.737288013101e-02 2.173012681305e-02 2.443210221827e-02 2.564797177911e-02 2.580185420811e-02 2.524505369365e-02 2.420279011130e-02 2.283289283514e-02 2.121250703931e-02 1.943616010249e-02 1.754764840007e-02 1.865034364164e-02 1.875491254032e-02 1.731084845960e-02 1.950044743717e-02 3.491004556417e-02 4.342722147703e-02 4.055801406503e-02 3.171262517571e-02 2.238759212196e-02 1.503950636834e-02 1.621741056442e-02 1.862749271095e-02 3.183863684535e-02 7.067428529263e-02 1.510818302631e-01 1.398152559996e-01 1.155371665955e-01 2.139254510403e-01 2.913009822369e-01 2.498950213194e-01 1.798447668552e-01 8.418276906013e-02 8.984652161598e-02 1.235159561038e-01 1.731837987900e-01 6.125957965851e-01 1.030023813248e+00 4.879670739174e-01 2.829854488373e-01 1.746363341808e-01 1.567994803190e-01
8.030462078750e-03 1.152380649000e-02 1.429435051978e-02 1.598416455090e-02 1.672864891589e-02 1.680720224977e-02 1.641548797488e-02 1.567940786481e-02 1.467315666378e-02 1.346035208553e-02 1.334553584456e-02 1.499723643064e-02 1.564665324986e-02 1.496186386794e-02 1.437616068870e-02 1.644166186452e-02 1.825747452676e-02 2.218191698194e-02 2.535305917263e-02 2.445426210761e-02 2.080121263862e-02 1.642353087664e-02 1.730760373175e-02 2.375655062497e-02 4.143720492721e-02 1.230963915586e-01 1.761047989130e-01 1.047266647220e-01 1.175844371319e-01 2.262071818113e-01 3.062781989574e-01 2.426738590002e-01 1.690351665020e-01 1.159708127379e-01 1.276674717665e-01 1.234460473061e-01 2.661781907082e-01 1.063870787621e+00 7.676697373390e-01 2.040757536888e-01 4.086663722992e-01 1.778212040663e-01 1.212474703789e-01
4.722813144326e-03 6.717659998685e-03 8.271879516542e-03 9.189930744469e-03 9.559800848365e-03 9.544352069497e-03 9.252239950001e-03 8.752701804042e-03 8.406807668507e-03 1.025654561818e-02 1.199946179986e-02 1.314091961831e-02 1.323584094644e-02 1.467711944133e-02 1.697074435651e-02 1.929221674800e-02 2.131893485785e-02 2.263753116131e-02 2.284531854093e-02 2.179016172886e-02 1.986837573349e-02 1.843140274286e-02 2.048596926033e-02 2.960192225873e-02 4.997579008341e-02 1.379980742931e-01 1.454839557409e-01 1.153861731291e-01 1.050372272730e-01 2.023381590843e-01 2.835587859154e-01 2.210579514503e-01 2.160067558289e-01 1.457508504391e-01 1.538157165051e-01 1.103722378612e-01 2.533127665520e-01 6.858718395233e-01 3.334669470787e-01 2.394320368767e-01 5.416541695595e-01 1.750767379999e-01 9.277819842100e-02
