VariationalSeries/SI/f67_max.grd
DSAA
101	101
32.816463539100	34.260883539100
35.556306596100	36.727886596100
7.991968886927e-04	1.311125183105e+02
[rows 0 to 18 of 101, columns 43 to 85 of 101]
1.906458884478e-01 3.253627419472e-01 3.748409152031e-01 2.970420122147e-01 2.069886028767e-01 2.085593640804e-01 1.793873012066e-01 1.641442030668e-01 1.080102697015e-01 1.562545001507e-01 2.073406726122e-01 2.456696480513e-01 2.930358946323e-01 4.184828698635e-01 1.878968775272e-01 2.318131625652e-01 2.943395376205e-01 3.209830522537e-01 2.168657034636e-01 1.457792818546e-01 1.646756231785e-01 2.114598751068e-01 2.169972211123e-01 2.378877252340e-01 2.410979270935e-01 1.720602363348e-01 1.153883188963e-01 1.164863333106e-01 2.200744897127e-01 3.301943242550e-01 2.652690410614e-01 1.300701498985e-01 1.642894893885e-01 1.071256846189e-01 1.096083894372e-01 9.415172785521e-02 8.053196966648e-02 7.335425913334e-02 5.393506214023e-02 5.441221222281e-02 7.257671654224e-02 1.213137209415e-01 1.205352395773e-01
3.304449319839e-01 5.892695784569e-01 7.359075546265e-01 6.511912345886e-01 4.880925118923e-01 4.513183832169e-01 3.748685121536e-01 3.183693289757e-01 2.960250675678e-01 3.431890308857e-01 3.822262883186e-01 4.355982542038e-01 5.794984102249e-01 8.356447219849e-01 3.578063249588e-01 4.403693079948e-01 5.560503005981e-01 6.006792783737e-01 4.124595522881e-01 2.811101078987e-01 3.206679522991e-01 4.032756984234e-01 4.294682443142e-01 4.156760275364e-01 4.246742129326e-01 3.582588732243e-01 2.140766978264e-01 2.419848442078e-01 4.973747134209e-01 7.910366654396e-01 4.720025956631e-01 2.145665287971e-01 3.214318752289e-01 1.972099840641e-01 2.120848745108e-01 1.754997521639e-01 1.438755393028e-01 1.290502250195e-01 1.038533598185e-01 1.038701683283e-01 1.605415642262e-01 2.457601279020e-01 2.289510518312e-01
4.161538481712e-01 6.016234159470e-01 8.220198154449e-01 8.082477450371e-01 6.568804979324e-01 6.565209627151e-01 4.444515407085e-01 3.918488323689e-01 5.283882021904e-01 5.286048054695e-01 3.798436522484e-01 4.823746383190e-01 6.174898147583e-01 8.739568591118e-01 4.165635704994e-01 5.009161829948e-01 6.221293807030e-01 6.873763799667e-01 4.751036167145e-01 3.715066313744e-01 3.718852698803e-01 4.049050211906e-01 4.831124246120e-01 5.209470987320e-01 6.259612441063e-01 4.816875755787e-01 2.783240973949e-01 2.993497252464e-01 6.531714797020e-01 1.021687984467e+00 4.837803840637e-01 2.494691163301e-01 3.702125549316e-01 2.176245301962e-01 2.366798520088e-01 2.073101401329e-01 1.842838227749e-01 1.465353220701e-01 1.205144822598e-01 1.478064507246e-01 2.034518867731e-01 2.720477581024e-01 2.342805862427e-01
4.794653356075e-01 5.445975065231e-01 7.350393533707e-01 7.984138131142e-01 7.119195461273e-01 8.789409399033e-01 4.658809602261e-01 5.355930924416e-01 7.553583383560e-01 7.781986594200e-01 5.172882676125e-01 5.045537352562e-01 6.325649023056e-01 8.819013237953e-01 4.374623596668e-01 5.583899021149e-01 6.380529999733e-01 7.161698341370e-01 5.130290389061e-01 4.876122772694e-01 3.994973599911e-01 5.047937035561e-01 6.105257272720e-01 6.016288399696e-01 8.313825726509e-01 5.942370891571e-01 3.137194514275e-01 3.566905260086e-01 7.623232007027e-01 1.108610630035e+00 4.561468660831e-01 2.777932584286e-01 3.926457762718e-01 2.204175740480e-01 2.414470911026e-01 2.642876505852e-01 2.232125848532e-01 1.681976169348e-01 1.443765759468e-01 1.827591508627e-01 2.429161518812e-01 2.833548188210e-01 2.244240492582e-01
4.714107215405e-01 6.528750658035e-01 5.797267556190e-01 6.747502684593e-01 6.562898755074e-01 1.116426229477e+00 4.484081864357e-01 6.611014604568e-01 9.648486971855e-01 1.036533474922e+00 7.301781773567e-01 5.257522463799e-01 6.503045558929e-01 8.862699866295e-01 4.531146585941e-01 6.114913821220e-01 6.456398963928e-01 7.400037646294e-01 5.680799484253e-01 5.998281836510e-01 4.724075198174e-01 6.383617520332e-01 7.756803631783e-01 7.545719146729e-01 1.034124374390e+00 6.871569156647e-01 3.758242130280e-01 3.823890686035e-01 8.075585365295e-01 1.071621537209e+00 4.924811720848e-01 3.309649527073e-01 4.062292873859e-01 2.610532343388e-01 2.990170419216e-01 3.104179501534e-01 2.481339573860e-01 1.755207479000e-01 1.835028529167e-01 1.992274522781e-01 2.835039496422e-01 2.873643636703e-01 2.146991789341e-01
4.087131619453e-01 6.929510831833e-01 5.201246142387e-01 5.347527265549e-01 5.705147981644e-01 1.353175878525e+00 5.062699913979e-01 7.521073818207e-01 1.150233745575e+00 1.292488455772e+00 9.532412290573e-01 5.542595386505e-01 6.743454933167e-01 8.899633288383e-01 5.024459362030e-01 6.556078791618e-01 6.440694332123e-01 7.610477805138e-01 5.818200111389e-01 6.962824463844e-01 5.726477503777e-01 7.732628583908e-01 9.240066409111e-01 8.843401074409e-01 1.215332388878e+00 7.408226728439e-01 4.134874045849e-01 4.467913210392e-01 7.730446457863e-01 8.693374395370e-01 4.894210696220e-01 3.825897872448e-01 4.101136922836e-01 2.917348444462e-01 3.500594794750e-01 3.450494110584e-01 2.601952850819e-01 1.834630817175e-01 2.067605108023e-01 2.228906303644e-01 3.239758908749e-01 2.923523783684e-01 2.059085220098e-01
3.727150559425e-01 6.633958220482e-01 5.218301415443e-01 4.178919792175e-01 5.284987688065e-01 1.571010828018e+00 5.595767498016e-01 7.952551841736e-01 1.278089284897e+00 1.487898707390e+00 1.155696868896e+00 6.106419563293e-01 6.955891847610e-01 8.899263143539e-01 5.084143280983e-01 6.985424757004e-01 6.331274509430e-01 7.756812572479e-01 5.602378249168e-01 7.365348339081e-01 6.553945541382e-01 8.694681525230e-01 1.024784803391e+00 9.563388228416e-01 1.348295092583e+00 7.460479736328e-01 3.992183506489e-01 5.004695057869e-01 6.623792052269e-01 6.044600605965e-01 4.582448005676e-01 4.336611330509e-01 4.072236418724e-01 3.107460141182e-01 3.905839025974e-01 3.653379380703e-01 2.589955627918e-01 2.158695161343e-01 2.037858963013e-01 3.029749989510e-01 3.701740205288e-01 2.997585237026e-01 1.922222524881e-01
4.297979772091e-01 6.333440542221e-01 5.041006207466e-01 4.705023467541e-01 5.951248407364e-01 1.778237938881e+00 6.389486789703e-01 7.693595290184e-01 1.291474223137e+00 1.571050167084e+00 1.314653635025e+00 7.987045049667e-01 7.230083346367e-01 8.948348760605e-01 5.065505504608e-01 7.387895584106e-01 6.144621372223e-01 7.853519916534e-01 5.773418545723e-01 6.975453495979e-01 7.049368619919e-01 9.146410226822e-01 1.049174070358e+00 9.561694264412e-01 1.424931287766e+00 7.185477614403e-01 4.573625028133e-01 5.963019132614e-01 5.029055476189e-01 4.788931906223e-01 5.112686753273e-01 4.849586188793e-01 3.958833515644e-01 4.017884433270e-01 4.163377881050e-01 3.679422736168e-01 2.448368519545e-01 2.217694371939e-01 2.543396353722e-01 4.077121615410e-01 4.052263796329e-01 2.852743268013e-01 1.607366800308e-01
4.830901920795e-01 6.352611780167e-01 5.002838969231e-01 5.094437003136e-01 6.592174172401e-01 1.971142292023e+00 7.221033573151e-01 6.761059761047e-01 1.179368257523e+00 1.530009031296e+00 1.408978939056e+00 9.739008545876e-01 7.519769668579e-01 1.025802612305e+00 5.701851248741e-01 7.787441015244e-01 6.142609119415e-01 7.920408844948e-01 5.890682935715e-01 6.164924502373e-01 7.361006140709e-01 8.960452675819e-01 9.956310391426e-01 9.618935585022e-01 1.415821909904e+00 6.354146003723e-01 5.455780625343e-01 6.988531351089e-01 4.876788258553e-01 5.900966525078e-01 6.450409889221e-01 5.344644784927e-01 4.608128964901e-01 5.000624060631e-01 5.109221935272e-01 3.509255945683e-01 2.395285069942e-01 2.136023044586e-01 4.044607579708e-01 4.930659234524e-01 3.915335536003e-01 2.262032479048e-01 1.909982413054e-01
5.184584856033e-01 6.472219824791e-01 4.955072700977e-01 4.990892410278e-01 7.205527424812e-01 2.126566410065e+00 7.948885560036e-01 5.547467470169e-01 1.003826856613e+00 1.395831704140e+00 1.418907642365e+00 1.112478137016e+00 7.784045934677e-01 1.107133626938e+00 7.170417904854e-01 8.230209350586e-01 8.139805793762e-01 8.038473725319e-01 5.951174497604e-01 7.376803159714e-01 7.206110954285e-01 8.297289013863e-01 8.781223893166e-01 1.073350429535e+00 1.314849853516e+00 5.091335177422e-01 6.356599330902e-01 8.010597229004e-01 5.604920387268e-01 6.845222115517e-01 7.601549029350e-01 6.240154504776e-01 5.125693082809e-01 5.306125879288e-01 5.541828274727e-01 3.168972134590e-01 2.231343388557e-01 3.841234147549e-01 5.430485606194e-01 4.974451661110e-01 3.022639453411e-01 1.976551115513e-01 1.871553361416e-01
5.255534648895e-01 6.698243618011e-01 4.917121827602e-01 5.365351438522e-01 7.759163379669e-01 2.251388311386e+00 8.615732789040e-01 5.529255270958e-01 8.026434183121e-01 1.177534580231e+00 1.314884066582e+00 1.184400320053e+00 9.520879387856e-01 1.102400422096e+00 9.080036878586e-01 8.662918210030e-01 1.150607466698e+00 8.613126873970e-01 5.932311415672e-01 9.781217575073e-01 7.993266582489e-01 7.299931645393e-01 1.075652360916e+00 1.143005847931e+00 1.144327163696e+00 5.106232166290e-01 7.116451263428e-01 8.721513748169e-01 5.852419137955e-01 7.397195696831e-01 8.614297509193e-01 7.274535894394e-01 4.745917618275e-01 4.610843658447e-01 5.240032076836e-01 2.722181379795e-01 3.493786454201e-01 5.680778622627e-01 5.817843675613e-01 3.858564794064e-01 1.938236653805e-01 1.774662435055e-01 1.802392601967e-01
5.105000138283e-01 6.950190067291e-01 6.396307349205e-01 6.063497066498e-01 8.258787393570e-01 2.331124782562e+00 9.037200212479e-01 5.739455819130e-01 6.685572266579e-01 9.124757647514e-01 1.122428417206e+00 1.164317011833e+00 1.060764193535e+00 1.151686549187e+00 1.101015090942e+00 9.055268168449e-01 1.540862083435e+00 1.136551618576e+00 5.977023243904e-01 1.189382910728e+00 8.918522596359e-01 9.520927071571e-01 1.416730642319e+00 1.158747434616e+00 9.266579151154e-01 5.294752120972e-01 7.440496683121e-01 8.915999531746e-01 5.603656172752e-01 7.351019978523e-01 9.140847921371e-01 8.088670969009e-01 4.758293032646e-01 3.681446015835e-01 4.857954382896e-01 2.961145639420e-01 5.613086223602e-01 6.546636223793e-01 4.654133617878e-01 2.358853965998e-01 2.080175727606e-01 2.312730401754e-01 2.450369298458e-01
5.158435106277e-01 7.200583219528e-01 8.074964284897e-01 5.562353730202e-01 8.731455206871e-01 2.395737409592e+00 9.229277968407e-01 5.923411250114e-01 6.699069738388e-01 8.609285950661e-01 8.624965548515e-01 1.033837676048e+00 1.086010336876e+00 1.282314181328e+00 1.185261130333e+00 1.002020835876e+00 1.923864603043e+00 1.388961434364e+00 6.525458693504e-01 1.354442238808e+00 9.361720681190e-01 1.155293464661e+00 1.671007037163e+00 1.081009030342e+00 6.834276318550e-01 6.309164762497e-01 7.156662940979e-01 8.436210751534e-01 5.172248482704e-01 6.730002760887e-01 8.848789930344e-01 8.298416733742e-01 5.039935708046e-01 3.175445795059e-01 4.650655090809e-01 5.178467035294e-01 7.085183858871e-01 5.614389777184e-01 2.865499258041e-01 2.249470502138e-01 2.177917808294e-01 2.976387739182e-01 2.914513647556e-01
4.606584012508e-01 7.455595135689e-01 8.753426671028e-01 6.204172968864e-01 9.216454029083e-01 2.469445943832e+00 9.354230761528e-01 6.161519885063e-01 6.121151447296e-01 8.301007747650e-01 6.813776493073e-01 8.145354390144e-01 1.170332908630e+00 1.374238491058e+00 1.099267721176e+00 1.240235209465e+00 2.228452682495e+00 1.592550277710e+00 7.670952081680e-01 1.467995405197e+00 9.413980245590e-01 1.256360173225e+00 1.750292181969e+00 8.997699618340e-01 5.972481966019e-01 8.024836778641e-01 8.291123509407e-01 7.508925795555e-01 5.130034685135e-01 5.647357702255e-01 7.832224369049e-01 7.854093313217e-01 5.033968091011e-01 3.153615295887e-01 4.699272215366e-01 7.247622609138e-01 6.731753945351e-01 3.623704612255e-01 2.554312944412e-01 2.164789587259e-01 2.362513542175e-01 3.366704881191e-01 3.101420700550e-01
6.275961995125e-01 7.754886150360e-01 8.762050271034e-01 1.011987566948e+00 9.717695713043e-01 2.513797283173e+00 9.316462874413e-01 7.360615134239e-01 5.236651897430e-01 7.595736980438e-01 6.369650363922e-01 8.954213261604e-01 1.232783913612e+00 1.466280698776e+00 1.184739351273e+00 1.474008679390e+00 2.478745460510e+00 1.711538553238e+00 8.374562263489e-01 1.563938379288e+00 1.036440253258e+00 1.225035786629e+00 1.682229042053e+00 7.453159689903e-01 6.347709894180e-01 9.613739848137e-01 1.053055047989e+00 6.556630730629e-01 5.226150155067e-01 4.778356254101e-01 6.498095989227e-01 7.045800685883e-01 4.768164753914e-01 3.544326424599e-01 6.897769570351e-01 7.782433032990e-01 4.690544903278e-01 2.458397597075e-01 2.627731859684e-01 2.030284106731e-01 2.704109251499e-01 3.576420247555e-01 3.875715136528e-01
8.286041617393e-01 8.113131523132e-01 8.628165721893e-01 1.242778897285e+00 1.009652614594e+00 2.527055740356e+00 9.045577049255e-01 8.435360789299e-01 5.539749264717e-01 7.783187031746e-01 6.595037579536e-01 9.595001935959e-01 1.290913820267e+00 1.555897831917e+00 1.144105434418e+00 1.666410803795e+00 2.526201486588e+00 1.622119307518e+00 9.934431314468e-01 1.644159197807e+00 1.039656400681e+00 1.119935035706e+00 1.455006122589e+00 7.085813283920e-01 6.942589879036e-01 1.106116056442e+00 1.134396433830e+00 5.907348394394e-01 5.686709284782e-01 4.991902709007e-01 6.890946626663e-01 5.927720069885e-01 4.243953824043e-01 6.201672554016e-01 8.361856937408e-01 6.012488007545e-01 3.372025191784e-01 2.207677662373e-01 2.648698091507e-01 2.316795587540e-01 3.500349819660e-01 4.561403989792e-01 4.543625414371e-01
9.752525091171e-01 1.057148814201e+00 9.986563324928e-01 1.148591637611e+00 1.075758457184e+00 2.506316661835e+00 9.822887778282e-01 9.271090626717e-01 5.814929604530e-01 7.899044752121e-01 7.291738986969e-01 9.929200410843e-01 1.360377907753e+00 1.644188046455e+00 1.051670312881e+00 1.788741469383e+00 2.380921125412e+00 1.439603447914e+00 1.093080401421e+00 1.704119443893e+00 9.290960431099e-01 8.940590620041e-01 1.129771351814e+00 6.559787392616e-01 8.159592151642e-01 1.107421159744e+00 1.046998620033e+00 6.255876421928e-01 6.545868515968e-01 5.540333390236e-01 7.476016283035e-01 5.204453468323e-01 5.304954648018e-01 8.371642827988e-01 7.372172474861e-01 5.171324014664e-01 2.883749008179e-01 2.406219542027e-01 2.976037859917e-01 3.351411223412e-01 4.885995686054e-01 5.013919472694e-01 4.176677465439e-01
1.277783989906e+00 1.268909811974e+00 1.369884252548e+00 1.056788802147e+00 1.275099396706e+00 2.427446365356e+00 1.118445158005e+00 1.009268999100e+00 7.877907752991e-01 7.912538647652e-01 8.509041666985e-01 1.286516547203e+00 1.417668819427e+00 1.742471218109e+00 1.137515902519e+00 1.797756910324e+00 2.117413282394e+00 1.378360390663e+00 1.126760959625e+00 1.748616814613e+00 8.287186026573e-01 7.338413596153e-01 8.507400751114e-01 7.039489150047e-01 8.873215913773e-01 9.910843968391e-01 7.746707797050e-01 6.907560825348e-01 7.631727457047e-01 6.318143010139e-01 7.728043198586e-01 4.915708005428e-01 7.914198637009e-01 8.322010040283e-01 7.421820163727e-01 4.679484367371e-01 3.347700834274e-01 2.944572567940e-01 3.562799394131e-01 4.861735701561e-01 5.434365868568e-01 4.377703368664e-01 3.249771595001e-01
1.417994737625e+00 1.403887152672e+00 1.694173216820e+00 1.577423214912e+00 1.077588558197e+00 2.290781259537e+00 1.040117621422e+00 1.166668534279e+00 1.088705062866e+00 9.028415083885e-01 9.243289828300e-01 1.550325512886e+00 1.631629705429e+00 1.851361870766e+00 1.269976377487e+00 1.692570328712e+00 2.095605373383e+00 1.681548118591e+00 1.096653938293e+00 1.754776239395e+00 8.339620232582e-01 7.916617989540e-01 8.635940551758e-01 7.827749252319e-01 8.318376541138e-01 7.799434661865e-01 7.192358970642e-01 8.048376441002e-01 8.361392021179e-01 6.554185748100e-01 7.662599086761e-01 7.433553934097e-01 8.822159767151e-01 8.299044370651e-01 7.908921837807e-01 5.757298469543e-01 4.105086326599e-01 3.800027072430e-01 4.613851904869e-01 5.449734926224e-01 4.502758085728e-01 3.695892989635e-01 3.327749371529e-01
