VariationalSeries/SI/f69_max.grd
DSAA
101	101
32.816463539100	34.260883539100
35.556306596100	36.727886596100
5.181092419662e-04	8.497939300537e+01
[rows 19 to 37 of 101, columns 0 to 42 of 101]
1.628578752279e-01 3.320199549198e-01 4.245755672455e-01 4.325752854347e-01 3.567688465118e-01 2.831319868565e-01 1.934333294630e-01 2.194523066282e-01 2.659528255463e-01 3.195390105247e-01 4.187532365322e-01 5.002280473709e-01 4.878301620483e-01 5.289147496223e-01 5.328767895699e-01 5.167615413666e-01 4.914743304253e-01 4.705467522144e-01 5.451517701149e-01 4.909218251705e-01 5.082877278328e-01 5.483782291412e-01 5.831828117371e-01 5.592254400253e-01 4.987904429436e-01 4.218716025352e-01 4.366417229176e-01 6.979215145111e-01 8.326236605644e-01 6.268025636673e-01 5.765582919121e-01 5.293846130371e-01 5.606896281242e-01 5.605729222298e-01 5.610059499741e-01 5.424256920815e-01 4.334995448589e-01 3.787760436535e-01 4.063067138195e-01 3.897856175900e-01 5.642647743225e-01 1.395719170570e+00 6.491678357124e-01
1.273614317179e-01 2.676196396351e-01 3.608710169792e-01 3.947537243366e-01 3.509761989117e-01 3.380087614059e-01 3.097522556782e-01 2.201278805733e-01 2.936235070229e-01 3.429905176163e-01 3.649097681046e-01 4.576723277569e-01 4.064306914806e-01 4.738818109035e-01 5.121609568596e-01 5.284439325333e-01 5.273698568344e-01 5.034481883049e-01 6.347598433495e-01 5.085652470589e-01 5.977651476860e-01 7.129066586494e-01 7.679826021194e-01 7.472918033600e-01 7.015742659569e-01 5.426740646362e-01 5.785186290741e-01 5.647811889648e-01 8.748065829277e-01 6.367777585983e-01 5.444195270538e-01 5.127137303352e-01 4.993891119957e-01 5.030845403671e-01 4.765129387379e-01 6.169304251671e-01 4.120599925518e-01 4.334325790405e-01 4.444914460182e-01 4.546407461166e-01 6.990648508072e-01 1.181460380554e+00 9.671344161034e-01
9.843503683805e-02 1.983678489923e-01 2.727354466915e-01 3.139041960239e-01 2.962378561497e-01 2.583475708961e-01 3.190303742886e-01 3.151934444904e-01 3.611825108528e-01 4.308931231499e-01 4.970735609531e-01 6.551722288132e-01 7.860505580902e-01 7.193168997765e-01 4.892470538616e-01 4.730277359486e-01 4.997739195824e-01 5.213512778282e-01 9.247907400131e-01 7.431847453117e-01 5.589113235474e-01 8.672095537186e-01 9.189157485962e-01 1.005441665649e+00 8.284729719162e-01 7.336144447327e-01 7.229238748550e-01 4.472102522850e-01 8.229728937149e-01 5.873391032219e-01 4.513483345509e-01 4.690245091915e-01 5.539592504501e-01 4.574157297611e-01 5.008719563484e-01 6.528009176254e-01 5.197324752808e-01 4.598119854927e-01 4.801247119904e-01 5.152360796928e-01 8.152481317520e-01 8.461743593216e-01 1.283598303795e+00
1.325331479311e-01 2.381072789431e-01 2.305592149496e-01 2.414745986462e-01 2.814283370972e-01 3.561475574970e-01 4.159276187420e-01 4.979352355003e-01 6.048855781555e-01 7.604091763496e-01 9.685518145561e-01 1.215253710747e+00 1.365916490555e+00 1.186902165413e+00 7.454217076302e-01 4.566230773926e-01 6.302394866943e-01 8.853029608727e-01 1.119741082191e+00 9.101556539536e-01 7.177463173866e-01 9.416908621788e-01 1.001934170723e+00 1.129248023033e+00 8.239611983299e-01 8.354492187500e-01 8.585879802704e-01 5.387525558472e-01 6.719330549240e-01 4.865693747997e-01 4.617033898830e-01 4.572709202766e-01 5.744628906250e-01 5.861255526543e-01 5.828385949135e-01 5.540333986282e-01 7.311992645264e-01 5.106002092361e-01 5.155451893806e-01 5.659365057945e-01 9.088562726974e-01 7.879441976547e-01 1.490516901016e+00
1.286504119635e-01 2.652953267097e-01 2.879649996758e-01 2.759481966496e-01 3.527923226357e-01 4.791549146175e-01 5.251752138138e-01 5.554428100586e-01 6.155366301537e-01 7.125762104988e-01 8.606999516487e-01 9.820565581322e-01 1.006109595299e+00 8.608790040016e-01 6.307055354118e-01 5.617395043373e-01 6.129345297813e-01 8.262808918953e-01 1.100882172585e+00 6.984105110168e-01 6.724117398262e-01 9.496304988861e-01 1.000607252121e+00 1.082850933075e+00 8.636758923531e-01 8.327113986015e-01 9.678025841713e-01 8.253780007362e-01 8.334072828293e-01 7.101746797562e-01 6.138054132462e-01 9.045759439468e-01 8.453097343445e-01 6.326721310616e-01 6.160259842873e-01 6.144298315048e-01 8.107708692551e-01 5.947406291962e-01 5.634645223618e-01 5.976808667183e-01 9.613831043243e-01 7.988792657852e-01 1.522457003593e+00
2.556403875351e-01 4.415418207645e-01 2.875601351261e-01 2.877469360828e-01 3.245403468609e-01 4.169826507568e-01 4.720479846001e-01 4.671871662140e-01 4.645773470402e-01 4.835882484913e-01 5.113375186920e-01 5.417417883873e-01 5.163397789001e-01 5.688502192497e-01 5.758213400841e-01 5.156885385513e-01 5.144552588463e-01 9.474769830704e-01 1.083868861198e+00 5.754517912865e-01 5.813487768173e-01 8.792415261269e-01 9.495095610619e-01 9.226623773575e-01 8.442307710648e-01 7.618446946144e-01 1.041846156120e+00 9.128242135048e-01 7.617149949074e-01 7.372758984566e-01 7.230910658836e-01 1.164602041245e+00 1.734064579010e+00 1.650876879692e+00 1.494087219238e+00 1.425563335419e+00 1.481252908707e+00 9.142708182335e-01 7.752865552902e-01 6.404457092285e-01 9.837560653687e-01 7.716444134712e-01 1.347658753395e+00
4.739792943001e-01 1.004407286644e+00 1.034829020500e+00 9.079085588455e-01 5.673891901970e-01 3.267966806889e-01 3.165558278561e-01 3.319799304008e-01 3.601760566235e-01 4.656174778938e-01 5.582408905029e-01 6.239829063416e-01 6.441763639450e-01 6.175485253334e-01 5.642051100731e-01 5.846355557442e-01 6.148980259895e-01 9.230958819389e-01 9.098706245422e-01 5.357991456985e-01 5.799721479416e-01 7.172411084175e-01 8.209289312363e-01 7.656799554825e-01 8.671814203262e-01 8.362970352173e-01 1.080953359604e+00 1.149536371231e+00 1.222614645958e+00 1.094573497772e+00 8.255392313004e-01 6.922468543053e-01 1.404092073441e+00 1.533760309219e+00 1.690763115883e+00 2.045222043991e+00 2.556565761566e+00 1.559283375740e+00 1.144669055939e+00 9.720022082329e-01 9.663113951683e-01 7.199215292931e-01 1.008843541145e+00
5.064538121223e-01 1.091874599457e+00 1.260235190392e+00 1.487977981567e+00 1.629891276360e+00 1.414744973183e+00 7.933059334755e-01 4.333769679070e-01 5.911270380020e-01 6.903016567230e-01 7.090443968773e-01 6.706403493881e-01 6.280136704445e-01 8.461262583733e-01 9.326162338257e-01 9.262803792953e-01 9.121558070183e-01 8.875288963318e-01 8.767508268356e-01 8.468483090401e-01 8.277691602707e-01 8.277665972710e-01 8.030052781105e-01 1.004364371300e+00 1.209545135498e+00 1.046338558197e+00 1.182847142220e+00 1.519077181816e+00 1.535991430283e+00 1.364498972893e+00 1.018813729286e+00 7.461351156235e-01 8.221118450165e-01 1.294243931770e+00 1.929432392120e+00 1.698878049850e+00 1.728857159615e+00 1.308704018593e+00 1.395432591438e+00 1.421275734901e+00 1.156389236450e+00 7.439801096916e-01 8.969098925591e-01
3.252207934856e-01 7.176294922829e-01 8.345654606819e-01 1.024517893791e+00 1.333512783051e+00 1.754282236099e+00 1.983389258385e+00 1.543142080307e+00 8.061810731888e-01 7.463545799255e-01 6.644329428673e-01 8.573506474495e-01 1.011385560036e+00 1.053716421127e+00 1.001697063446e+00 1.001249074936e+00 9.912297129631e-01 9.615911245346e-01 1.007334828377e+00 1.016573786736e+00 1.044851660728e+00 1.135338902473e+00 1.073430061340e+00 9.884132742882e-01 9.535344243050e-01 1.230697751045e+00 1.179456233978e+00 1.457456827164e+00 1.602975249290e+00 1.438839793205e+00 1.075231194496e+00 1.165199637413e+00 1.503391981125e+00 2.012151241302e+00 2.400215864182e+00 1.738013744354e+00 1.210278153419e+00 1.010494947433e+00 1.251684069633e+00 1.604846477509e+00 1.752814650536e+00 1.190928578377e+00 8.957176804543e-01
2.235122472048e-01 4.388449192047e-01 5.478424429893e-01 5.045947432518e-01 5.799135565758e-01 8.684241175652e-01 1.358837127686e+00 1.844327330589e+00 1.840062260628e+00 1.266414284706e+00 9.587139487267e-01 1.012351155281e+00 1.026399016380e+00 9.805387258530e-01 9.640053510666e-01 9.480512142181e-01 8.988136649132e-01 9.643225669861e-01 9.893844127655e-01 1.026108384132e+00 1.087540507317e+00 1.049520373344e+00 1.008512377739e+00 9.955744743347e-01 9.792083501816e-01 9.631315469742e-01 1.012743949890e+00 1.130988001823e+00 1.359762072563e+00 1.414362907410e+00 1.108234047890e+00 1.350872159004e+00 1.627679228783e+00 1.849136590958e+00 1.790972232819e+00 1.121839404106e+00 1.183793544769e+00 1.360918521881e+00 1.469624400139e+00 1.322053909302e+00 1.962340593338e+00 1.996252775192e+00 1.118400335312e+00
2.594030499458e-01 5.105645060539e-01 5.069056749344e-01 6.227479577065e-01 5.112558007240e-01 4.418465793133e-01 5.197128057480e-01 9.569618701935e-01 1.537356138229e+00 1.787163615227e+00 1.456324577332e+00 9.685896635056e-01 9.205238223076e-01 9.002375006676e-01 8.421781659126e-01 8.180206418037e-01 8.441563248634e-01 9.177036881447e-01 8.927383422852e-01 8.911677002907e-01 8.042733669281e-01 6.612452268600e-01 8.351349234581e-01 7.409195303917e-01 1.121748566628e+00 1.002697944641e+00 1.148383378983e+00 1.262357592583e+00 1.056114077568e+00 1.138682246208e+00 1.261802792549e+00 1.358095049858e+00 1.174180746078e+00 1.448669791222e+00 1.073232769966e+00 9.203518629074e-01 1.194932937622e+00 1.645499706268e+00 1.971729397774e+00 1.867426633835e+00 1.587909698486e+00 2.467442512512e+00 1.858365058899e+00
3.350757360458e-01 6.441379189491e-01 5.990176796913e-01 6.153897047043e-01 6.863632798195e-01 5.143955945969e-01 7.153681516647e-01 8.695102334023e-01 9.617064595222e-01 1.344842553139e+00 1.732701301575e+00 1.571202397346e+00 9.618654847145e-01 7.727680802345e-01 7.603290081024e-01 7.781109809875e-01 8.055334091187e-01 7.958055138588e-01 8.407109379768e-01 8.262974619865e-01 7.206071019173e-01 6.008850932121e-01 6.399382352829e-01 1.020704627037e+00 1.524540781975e+00 2.054108381271e+00 2.468929529190e+00 2.009680509567e+00 1.358199000359e+00 1.269483685493e+00 1.555849552155e+00 1.099326729774e+00 8.206050992012e-01 1.804170131683e+00 7.535998821259e-01 1.067630171776e+00 9.896047711372e-01 1.383373975754e+00 2.013761281967e+00 2.167140245438e+00 1.865631461143e+00 2.077857494354e+00 2.819252490997e+00
3.044760823250e-01 6.655000448227e-01 7.035000920296e-01 6.873607039452e-01 7.256679534912e-01 7.349172234535e-01 8.815121054649e-01 9.269578456879e-01 9.208145141602e-01 8.703144788742e-01 1.203605413437e+00 1.716569185257e+00 1.675622701645e+00 1.156141400337e+00 7.296137213707e-01 7.281769514084e-01 7.021260857582e-01 6.422995328903e-01 8.601940870285e-01 8.954867124557e-01 9.054328799248e-01 7.552933096886e-01 6.924554705620e-01 1.265110611916e+00 2.149444341660e+00 3.170233726501e+00 3.721028804779e+00 3.556937694550e+00 2.316018581390e+00 1.465033173561e+00 1.676617026329e+00 1.414980173111e+00 1.314824461937e+00 2.203725814819e+00 1.139688014984e+00 2.197880744934e+00 1.590515494347e+00 1.151733517647e+00 1.538365840912e+00 2.213026285172e+00 2.269831418991e+00 1.918413877487e+00 3.023963212967e+00
3.743748366833e-01 7.621706128120e-01 7.709077596664e-01 7.485789060593e-01 7.765109539032e-01 8.804529309273e-01 8.871926069260e-01 8.971966505051e-01 8.248516917229e-01 7.603789567947e-01 7.350251078606e-01 1.035363435745e+00 1.664667487144e+00 1.754938244820e+00 1.329975366592e+00 6.295177340508e-01 5.859979987144e-01 6.567099690437e-01 7.641643881798e-01 1.218257665634e+00 1.101140260696e+00 1.009898424149e+00 9.263683557510e-01 1.263121366501e+00 2.198247432709e+00 3.137153863907e+00 4.271205425262e+00 5.004702091217e+00 4.173505783081e+00 2.015571832657e+00 1.822834730148e+00 1.977730154991e+00 1.885921835899e+00 2.606227636337e+00 1.451584696770e+00 2.941031932831e+00 2.436369419098e+00 1.602706074715e+00 1.468687891960e+00 2.126219511032e+00 4.561582565308e+00 2.316398143768e+00 2.465322256088e+00
4.915745854378e-01 9.250422716141e-01 8.597018718719e-01 9.176209568977e-01 9.737567901611e-01 1.028690576553e+00 1.092084169388e+00 1.135690569878e+00 1.160480141640e+00 1.164508223534e+00 1.129755139351e+00 1.088987112045e+00 1.042892098427e+00 1.537782430649e+00 1.785491228104e+00 1.487553954124e+00 7.449249625206e-01 6.707965135574e-01 7.393079996109e-01 1.164106011391e+00 1.233604788780e+00 1.111425042152e+00 1.024681568146e+00 1.084533333778e+00 1.820193290710e+00 2.708966732025e+00 4.194878578186e+00 5.859804153442e+00 5.534318447113e+00 3.367126941681e+00 2.618623256683e+00 3.301134586334e+00 3.543326139450e+00 3.268775224686e+00 2.706224441528e+00 3.170523405075e+00 3.018880367279e+00 2.330318450928e+00 2.646548986435e+00 2.372730731964e+00 6.515986442566e+00 5.329417705536e+00 1.439964890480e+00
5.034911632538e-01 1.046218991280e+00 1.044378757477e+00 1.012675762177e+00 8.926851153374e-01 8.068597316742e-01 7.656809091568e-01 8.464916944504e-01 9.373765587807e-01 1.044543743134e+00 1.163894295692e+00 1.303240537643e+00 1.435518026352e+00 2.270179986954e+00 2.325146913528e+00 1.767035365105e+00 1.665714263916e+00 1.586178302765e+00 1.478428959846e+00 1.356184840202e+00 1.223850369453e+00 1.060456395149e+00 1.154336690903e+00 1.128475904465e+00 1.244656682014e+00 2.051099777222e+00 3.022558450699e+00 4.780265331268e+00 6.072126865387e+00 4.202142715454e+00 1.988058686256e+00 2.067536592484e+00 3.037778377533e+00 4.032627105713e+00 4.477815628052e+00 4.150578975677e+00 2.993383407593e+00 2.523113250732e+00 1.903368711472e+00 2.723022937775e+00 6.797211170197e+00 8.168230056763e+00 2.191288471222e+00
4.279004037380e-01 8.629611134529e-01 8.988580107689e-01 9.796091914177e-01 1.028462290764e+00 9.939560294151e-01 8.345010876656e-01 7.270614504814e-01 7.310714721680e-01 7.307844161987e-01 7.266060709953e-01 7.108575701714e-01 6.882924437523e-01 8.725724220276e-01 1.309271097183e+00 1.434273362160e+00 1.720658779144e+00 1.662465453148e+00 1.356579422951e+00 1.500824928284e+00 1.587608814240e+00 1.638865470886e+00 1.700211644173e+00 1.776064395905e+00 1.708218812943e+00 1.364125370979e+00 2.039500713348e+00 3.624020814896e+00 5.116407871246e+00 3.752883672714e+00 1.877295255661e+00 1.320948719978e+00 1.176438212395e+00 1.959175109863e+00 2.368648529053e+00 3.850791454315e+00 4.888471126556e+00 4.517782211304e+00 2.810813426971e+00 3.070082902908e+00 4.362573146820e+00 9.686592102051e+00 3.523178815842e+00
3.463312983513e-01 6.697326302528e-01 6.673672795296e-01 6.393222212791e-01 6.514186859131e-01 7.288398742676e-01 7.613832354546e-01 7.494770288467e-01 6.373668909073e-01 6.913120746613e-01 7.511284947395e-01 8.117294311523e-01 8.675931692123e-01 9.234177470207e-01 9.802622199059e-01 1.029453992844e+00 1.072248816490e+00 1.614609837532e+00 1.720979571342e+00 2.227332353592e+00 1.745108723640e+00 1.435290336609e+00 1.370443820953e+00 1.333511471748e+00 1.339556336403e+00 1.521164536476e+00 2.028926849365e+00 2.324022293091e+00 3.273931980133e+00 2.667823314667e+00 1.350754261017e+00 1.592784762383e+00 1.187523126602e+00 1.572940707207e+00 1.847406864166e+00 2.242004632950e+00 2.262619733810e+00 3.794106245041e+00 5.361127853394e+00 4.344704151154e+00 3.877138614655e+00 7.927433967590e+00 7.153948783875e+00
2.184633165598e-01 4.403936862946e-01 4.336344599724e-01 4.235040545464e-01 4.779724180698e-01 5.627552270889e-01 6.166502237320e-01 6.467883586884e-01 6.571618914604e-01 6.056599617004e-01 5.628146529198e-01 5.913463830948e-01 6.253474950790e-01 6.310935616493e-01 6.397924423218e-01 8.541198968887e-01 9.506964087486e-01 1.273313283920e+00 2.408925056458e+00 2.522714138031e+00 2.234367847443e+00 1.906720280647e+00 2.234305143356e+00 2.674890279770e+00 1.883458971977e+00 2.154780387878e+00 2.098824262619e+00 1.951046824455e+00 2.037413358688e+00 2.688715219498e+00 2.525606393814e+00 1.574069499969e+00 1.639303565025e+00 1.723322153091e+00 1.867126941681e+00 1.943567633629e+00 2.015620470047e+00 2.595708847046e+00 3.792606353760e+00 4.423832416534e+00 5.284424781799e+00 7.092177391052e+00 5.861931800842e+00
