VariationalSeries/SI/f69_max.grd
DSAA
101	101
32.816463539100	34.260883539100
35.556306596100	36.727886596100
5.181092419662e-04	8.497939300537e+01
[rows 76 to 94 of 101, columns 0 to 42 of 101]
5.455337464809e-03 7.892971858382e-03 1.039047166705e-02 1.230829395354e-02 1.323103532195e-02 1.331859361380e-02 1.286800857633e-02 1.214922592044e-02 1.133153121918e-02 1.224197633564e-02 1.384369283915e-02 1.660218276083e-02 1.966354250908e-02 2.162694372237e-02 2.202204242349e-02 2.137882448733e-02 1.947083137929e-02 2.073024585843e-02 2.134394459426e-02 2.283063158393e-02 3.151661157608e-02 3.083121404052e-02 2.018954046071e-02 2.191744185984e-02 2.030794508755e-02 1.866137981415e-02 1.911222375929e-02 2.124756388366e-02 2.386097423732e-02 2.521924674511e-02 2.428086474538e-02 2.286520786583e-02 2.222665585577e-02 2.202927693725e-02 2.421311289072e-02 2.903623320162e-02 5.622604116797e-02 6.699188053608e-02 6.305467337370e-02 4.444576799870e-02 4.391538724303e-02 7.254043221474e-02 1.263183951378e-01
5.490578245372e-03 8.880596607924e-03 1.179178897291e-02 1.360580511391e-02 1.433129515499e-02 1.426148228347e-02 1.369735132903e-02 1.286206208169e-02 1.337170135230e-02 1.484688743949e-02 1.708867959678e-02 2.020746655762e-02 2.309246547520e-02 2.449814416468e-02 2.411979064345e-02 2.237208187580e-02 1.905721239746e-02 1.958431676030e-02 1.966566778719e-02 1.750634796917e-02 1.798165962100e-02 1.885327510536e-02 1.644485257566e-02 1.981795951724e-02 2.099787443876e-02 1.926234178245e-02 2.071552351117e-02 2.495111338794e-02 2.769453451037e-02 2.801137976348e-02 2.612762711942e-02 2.397382631898e-02 2.379536442459e-02 2.330944687128e-02 2.835285477340e-02 3.048123046756e-02 5.038516595960e-02 5.631982907653e-02 6.190537661314e-02 7.005555182695e-02 1.448482275009e-01 1.888187378645e-01 1.786701828241e-01
5.850300192833e-03 9.334906935692e-03 1.216288935393e-02 1.376735977829e-02 1.428149547428e-02 1.404549460858e-02 1.333181280643e-02 1.456043310463e-02 1.640996150672e-02 1.836269348860e-02 2.088750526309e-02 2.355007641017e-02 2.527034468949e-02 2.522117644548e-02 2.341488003731e-02 2.033050544560e-02 1.614956930280e-02 1.694710925221e-02 1.641101390123e-02 1.438954658806e-02 1.312208734453e-02 1.472682598978e-02 1.782161369920e-02 2.375914715230e-02 2.501905895770e-02 2.257861755788e-02 2.770293317735e-02 3.005178458989e-02 3.073536604643e-02 3.005666285753e-02 2.810071595013e-02 2.604419551790e-02 2.479872480035e-02 2.852761559188e-02 3.677087277174e-02 4.752996936440e-02 6.257962435484e-02 7.779857516289e-02 6.508840620518e-02 1.706278622150e-01 1.966177225113e-01 1.899671256542e-01 1.875123232603e-01
5.286617670208e-03 8.357997052372e-03 1.077826693654e-02 1.207835599780e-02 1.240949053317e-02 1.206801924855e-02 1.384597923607e-02 1.576038822532e-02 1.729295589030e-02 1.881548576057e-02 2.041438966990e-02 2.160017937422e-02 2.173053286970e-02 2.045426331460e-02 1.806317828596e-02 1.510457415134e-02 1.411528792232e-02 1.361705642194e-02 1.272771414369e-02 1.170332357287e-02 1.215189509094e-02 1.353504229337e-02 2.139061130583e-02 2.910007163882e-02 3.146773949265e-02 3.309167176485e-02 3.401020541787e-02 3.426991403103e-02 3.228270262480e-02 3.035739623010e-02 2.872607670724e-02 2.726897597313e-02 3.014553524554e-02 3.590350225568e-02 4.579902440310e-02 5.278620123863e-02 5.147569254041e-02 8.422627300024e-02 9.798756241798e-02 1.441702097654e-01 1.679750829935e-01 1.691546887159e-01 1.721930950880e-01
4.382820334285e-03 7.019383367151e-03 8.560650981963e-03 9.337109513581e-03 9.586674161255e-03 1.115206349641e-02 1.281159557402e-02 1.383237075061e-02 1.430295221508e-02 1.472162362188e-02 1.520858239383e-02 1.549663860351e-02 1.519288308918e-02 1.405812893063e-02 1.445467676967e-02 1.479403953999e-02 1.463442295790e-02 1.388137787580e-02 1.269939448684e-02 1.148359663785e-02 1.144677307457e-02 1.409727893770e-02 2.408484555781e-02 3.310229256749e-02 3.751790896058e-02 3.984389081597e-02 4.014785215259e-02 4.131489247084e-02 4.024041444063e-02 3.463302925229e-02 2.978737466037e-02 2.855883538723e-02 3.319778293371e-02 3.643620759249e-02 3.855112940073e-02 4.135631024837e-02 5.495742335916e-02 8.129011094570e-02 1.073974296451e-01 1.087818592787e-01 1.701310276985e-01 2.040068805218e-01 1.599909812212e-01
5.993525963277e-03 9.083690121770e-03 1.099084783345e-02 1.181683409959e-02 1.230768300593e-02 1.252984721214e-02 1.260341517627e-02 1.252138055861e-02 1.228270400316e-02 1.195355132222e-02 1.246175263077e-02 1.354198530316e-02 1.448083389550e-02 1.529272180051e-02 1.586473546922e-02 1.600797660649e-02 1.555718481541e-02 1.446297485381e-02 1.294396724552e-02 1.262658834457e-02 1.204827241600e-02 1.519750989974e-02 2.481541596353e-02 3.415677696466e-02 8.491650223732e-02 2.513069212437e-01 2.674611210823e-01 1.204668879509e-01 7.009811699390e-02 5.527928844094e-02 3.925893828273e-02 3.023078106344e-02 3.529179096222e-02 4.631016775966e-02 3.766429051757e-02 4.485606029630e-02 4.972283914685e-02 8.390913158655e-02 1.466548740864e-01 1.431168615818e-01 1.586266458035e-01 2.095497101545e-01 2.880066931248e-01
8.477400057018e-03 1.254036556929e-02 1.493870653212e-02 1.622152142227e-02 1.657995022833e-02 1.648715324700e-02 1.615543849766e-02 1.564928330481e-02 1.500656455755e-02 1.443230267614e-02 1.696729660034e-02 1.949337311089e-02 2.168602682650e-02 2.318772487342e-02 2.369161695242e-02 2.305332943797e-02 2.128333039582e-02 1.851070486009e-02 1.711064390838e-02 1.626577787101e-02 1.523020584136e-02 1.774791441858e-02 2.481575869024e-02 5.563122779131e-02 2.351741045713e-01 6.769968271255e-01 7.402424216270e-01 3.723593652248e-01 1.614099144936e-01 7.928021997213e-02 5.121879652143e-02 3.845141083002e-02 3.486595675349e-02 4.937397688627e-02 5.374765396118e-02 5.577505752444e-02 4.996056482196e-02 7.556095719337e-02 1.729141175747e-01 2.599804997444e-01 1.715715229511e-01 1.655477136374e-01 3.665733039379e-01
1.064406707883e-02 1.519651617855e-02 1.818098872900e-02 1.933625526726e-02 1.928577758372e-02 1.865164190531e-02 1.774192973971e-02 1.727131009102e-02 2.025333046913e-02 2.470759674907e-02 2.930537424982e-02 3.364813327789e-02 3.734362125397e-02 4.025719687343e-02 4.226516187191e-02 4.298906773329e-02 4.187469929457e-02 3.827346116304e-02 3.156963735819e-02 2.347186766565e-02 2.170137502253e-02 2.217571437359e-02 4.891531541944e-02 8.856818079948e-02 2.540618777275e-01 2.093241453171e+00 3.911210298538e+00 8.495200276375e-01 3.716899752617e-01 1.333925276995e-01 6.266249716282e-02 4.759255796671e-02 4.627345502377e-02 6.432097405195e-02 7.732698321342e-02 7.545619457960e-02 6.238450482488e-02 9.158130735159e-02 1.455851942301e-01 3.192343711853e-01 3.209903240204e-01 1.583376377821e-01 3.817916810513e-01
1.132290158421e-02 1.583712548018e-02 1.850787922740e-02 1.914724148810e-02 1.849856786430e-02 1.927696727216e-02 2.129660919309e-02 2.263320423663e-02 2.707292698324e-02 3.332891315222e-02 3.985361754894e-02 4.604782536626e-02 5.148278921843e-02 5.633125454187e-02 6.098560988903e-02 6.539659947157e-02 6.834159046412e-02 6.714008748531e-02 5.817573517561e-02 4.176434502006e-02 3.225975111127e-02 4.601468518376e-02 8.090614527464e-02 1.146700084209e-01 5.015526413918e-01 1.205227971077e+00 1.529208064079e+00 4.635794758797e-01 1.736911386251e-01 1.064190566540e-01 9.097065776587e-02 1.113712266088e-01 1.438469588757e-01 1.334329694510e-01 9.695599228144e-02 9.585275501013e-02 8.004073053598e-02 9.344219416380e-02 1.025568544865e-01 2.097873091698e-01 2.791246175766e-01 1.790471822023e-01 6.706889271736e-01
1.547681633383e-02 2.450435794890e-02 3.088773600757e-02 3.451453521848e-02 3.653296828270e-02 3.730938583612e-02 3.693744167686e-02 3.557622805238e-02 3.348888456821e-02 3.450751304626e-02 4.164842143655e-02 4.884473234415e-02 5.567721650004e-02 6.223813071847e-02 6.924699991941e-02 7.750929147005e-02 8.552918583155e-02 8.845311403275e-02 7.966341078281e-02 7.194915413857e-02 7.269477844238e-02 7.836300879717e-02 1.004211381078e-01 1.362328827381e-01 2.595423758030e-01 9.573383629322e-02 7.517993450165e-02 7.516583800316e-02 8.181177824736e-02 8.858317881823e-02 9.807234257460e-02 6.818260550499e-01 4.480717480183e-01 3.595714867115e-01 2.169753909111e-01 3.202365934849e-01 2.947559654713e-01 1.385172903538e-01 1.076765879989e-01 1.294642686844e-01 1.930875182152e-01 5.106089711189e-01 7.760635018349e-01
2.839994989336e-02 4.413741827011e-02 5.406124517322e-02 5.808248370886e-02 5.872522294521e-02 5.725150555372e-02 5.430839583278e-02 5.045520141721e-02 4.704993218184e-02 4.879853129387e-02 5.003173276782e-02 5.042446032166e-02 5.333156883717e-02 6.056048348546e-02 6.740412861109e-02 7.510405778885e-02 8.271777629852e-02 1.230847463012e-01 1.589598059654e-01 1.600245982409e-01 1.633810251951e-01 1.615794152021e-01 1.179858893156e-01 1.420031934977e-01 7.048212736845e-02 5.326915904880e-02 4.892401769757e-02 4.238859191537e-02 4.793796315789e-02 6.699495017529e-02 1.495074480772e-01 8.114364147186e-01 5.772176384926e-01 4.002374410629e-01 3.492892086506e-01 7.425810694695e-01 7.086371183395e-01 3.201733231544e-01 2.400435805321e-01 2.220774590969e-01 2.846791446209e-01 4.817128479481e-01 8.625841736794e-01
4.090031608939e-02 6.224032491446e-02 7.325024157763e-02 7.520718127489e-02 9.210554510355e-02 9.903138130903e-02 9.732374548912e-02 9.070160239935e-02 8.179531246424e-02 7.390590757132e-02 7.466701418161e-02 7.303790748119e-02 7.720895111561e-02 8.903608471155e-02 9.752200543880e-02 1.052056103945e-01 1.178419440985e-01 1.307952255011e-01 1.210315451026e-01 1.383897066116e-01 1.450842469931e-01 1.182308346033e-01 9.700143337250e-02 5.550943315029e-02 4.878742992878e-02 3.788334503770e-02 3.140396252275e-02 2.519357390702e-02 2.306530624628e-02 4.107182472944e-02 6.551548838615e-02 3.456628322601e-01 4.599460363388e-01 6.937713027000e-01 7.363336682320e-01 9.494045972824e-01 6.765556335449e-01 3.175478875637e-01 4.987083375454e-01 4.978221952915e-01 3.544545173645e-01 4.646165966988e-01 1.488940000534e+00
4.793962463737e-02 7.223614305258e-02 8.355113863945e-02 9.315190464258e-02 1.129442155361e-01 1.205525398254e-01 1.177781075239e-01 1.090846583247e-01 9.745471179485e-02 8.499034494162e-02 7.562292367220e-02 8.319803327322e-02 9.623583406210e-02 1.104871258140e-01 1.201212108135e-01 1.233019828796e-01 1.155793666840e-01 9.498403221369e-02 7.502899318933e-02 6.485410034657e-02 5.516135692596e-02 3.864694759250e-02 3.461115807295e-02 3.309710323811e-02 2.947529405355e-02 2.404388412833e-02 1.853241398931e-02 1.756825856864e-02 2.239856310189e-02 3.382753580809e-02 4.861552640796e-02 1.920641064644e-01 2.105042636395e-01 4.058244824409e-01 4.705028235912e-01 1.076838374138e+00 9.491040706635e-01 4.957555830479e-01 4.530858993530e-01 1.988263607025e+00 4.675442218781e+00 1.212012648582e+00 7.449191212654e-01
3.575604781508e-02 5.336067080498e-02 6.096544116735e-02 6.165777891874e-02 7.359184324741e-02 7.775241136551e-02 7.552723586559e-02 6.970092654228e-02 6.206345930696e-02 5.399155244231e-02 5.024117976427e-02 5.400902405381e-02 5.604943260550e-02 5.638649687171e-02 5.563561245799e-02 5.648066475987e-02 5.064843595028e-02 4.058748111129e-02 4.724883288145e-02 4.452605545521e-02 3.546119108796e-02 2.582566626370e-02 2.416544035077e-02 2.154065854847e-02 1.801139675081e-02 1.415816880763e-02 1.608101464808e-02 2.236741408706e-02 2.804191410542e-02 5.772930756211e-02 7.301755994558e-02 1.089868098497e-01 1.881882250309e-01 1.413124650717e-01 1.221368163824e-01 1.487407684326e-01 9.253708124161e-01 5.337971448898e-01 4.141576588154e-01 2.654469013214e+00 5.860421657562e+00 6.442087888718e-01 2.324991822243e-01
1.691557094455e-02 2.498225681484e-02 2.939531765878e-02 3.341303765774e-02 3.497995808721e-02 3.643381968141e-02 3.678386658430e-02 3.485464304686e-02 3.314127027988e-02 3.267041593790e-02 3.206710144877e-02 2.946222200990e-02 3.004331514239e-02 3.087194822729e-02 3.062107972801e-02 2.896443195641e-02 3.914341703057e-02 4.997530579567e-02 4.708213731647e-02 3.522030264139e-02 2.245777100325e-02 1.629376597703e-02 1.476770546287e-02 1.279038842767e-02 1.066041551530e-02 1.636970415711e-02 2.522262185812e-02 3.368948027492e-02 4.664266854525e-02 7.571786642075e-02 1.039667129517e-01 1.402157545090e-01 1.610032618046e-01 1.355678290129e-01 8.374065905809e-02 9.714370965958e-02 1.885932683945e-01 4.757518172264e-01 7.822744250298e-01 8.171362280846e-01 4.335098564625e-01 1.660757809877e-01 1.550434529781e-01
1.119269523770e-02 1.629743352532e-02 2.067249454558e-02 2.335483022034e-02 2.439955994487e-02 2.427805773914e-02 2.370095252991e-02 2.257283590734e-02 2.123630419374e-02 1.982389204204e-02 1.837723888457e-02 1.693512313068e-02 1.555398199707e-02 1.519947871566e-02 1.500556617975e-02 2.133677713573e-02 3.634197264910e-02 4.297951981425e-02 3.676766902208e-02 2.532670460641e-02 1.540698669851e-02 9.821315295994e-03 9.829035960138e-03 1.075247582048e-02 1.460975594819e-02 2.485840767622e-02 3.750596940517e-02 5.286815017462e-02 7.534965127707e-02 1.028168126941e-01 1.538642197847e-01 1.588150113821e-01 1.441528946161e-01 7.832393050194e-02 5.920603498816e-02 8.061775565147e-02 9.763641655445e-02 3.718141019344e-01 9.178782105446e-01 5.275543928146e-01 3.147107660770e-01 1.417822539806e-01 1.345863640308e-01
7.775936741382e-03 1.126156933606e-02 1.408609282225e-02 1.583765074611e-02 1.662587188184e-02 1.672566123307e-02 1.636473275721e-02 1.568910293281e-02 1.480108872056e-02 1.375071145594e-02 1.259923633188e-02 1.137507054955e-02 1.208853814751e-02 1.215644180775e-02 1.122048869729e-02 1.264167856425e-02 2.263137884438e-02 2.815276198089e-02 2.629257738590e-02 2.055823802948e-02 1.451304554939e-02 9.749511256814e-03 1.051240786910e-02 1.207467820495e-02 2.063804864883e-02 4.581068083644e-02 9.793207049370e-02 9.062898159027e-02 7.489137351513e-02 1.386695504189e-01 1.888271570206e-01 1.619857698679e-01 1.165704205632e-01 5.457178875804e-02 5.823769420385e-02 8.006341010332e-02 1.122602522373e-01 3.971243202686e-01 6.677225232124e-01 3.163022398949e-01 1.834322959185e-01 1.131997406483e-01 1.016366109252e-01
5.205448716879e-03 7.469897624105e-03 9.265819564462e-03 1.036119926721e-02 1.084380503744e-02 1.089473813772e-02 1.064082607627e-02 1.016368530691e-02 9.511410258710e-03 8.725242689252e-03 8.650060743093e-03 9.720806963742e-03 1.014185417444e-02 9.698042646050e-03 9.318504482508e-03 1.065742596984e-02 1.183449476957e-02 1.437993347645e-02 1.643559709191e-02 1.585282571614e-02 1.348459906876e-02 1.064665708691e-02 1.121907122433e-02 1.539895683527e-02 2.686003223062e-02 7.979159802198e-02 1.141525879502e-01 6.788700819016e-02 7.621894776821e-02 1.466317772865e-01 1.985369324684e-01 1.573051065207e-01 1.095781549811e-01 7.517866790295e-02 8.275464922190e-02 8.001820743084e-02 1.725539118052e-01 6.896713972092e-01 4.976568520069e-01 1.322872787714e-01 2.649080455303e-01 1.152648627758e-01 7.859148830175e-02
3.061284078285e-03 4.354342818260e-03 5.361783783883e-03 5.956858396530e-03 6.196603644639e-03 6.186585873365e-03 5.997234489769e-03 5.673428066075e-03 5.448842421174e-03 6.647933274508e-03 7.777782622725e-03 8.517756126821e-03 8.579342626035e-03 9.513771161437e-03 1.100055966526e-02 1.250539720058e-02 1.381915900856e-02 1.467388216406e-02 1.480851229280e-02 1.412441208959e-02 1.287847477943e-02 1.194802951068e-02 1.327985152602e-02 1.918797381222e-02 3.239490464330e-02 8.945131301880e-02 9.430381655693e-02 7.479736953974e-02 6.808904558420e-02 1.311597377062e-01 1.838097870350e-01 1.432925909758e-01 1.400280594826e-01 9.448396414518e-02 9.970416128635e-02 7.154433429241e-02 1.642102152109e-01 4.446005523205e-01 2.161769866943e-01 1.552068442106e-01 3.511160016060e-01 1.134865060449e-01 6.013757735491e-02
