VariationalSeries/SI/f69_max.grd
DSAA
101	101
32.816463539100	34.260883539100
35.556306596100	36.727886596100
5.181092419662e-04	8.497939300537e+01
[rows 0 to 18 of 101, columns 0 to 42 of 101]
7.855955511332e-02 1.404152661562e-01 1.244207844138e-01 7.445036619902e-02 6.253417581320e-02 8.147551864386e-02 1.623285710812e-01 2.262774407864e-01 2.023619711399e-01 1.208253800869e-01 7.643214613199e-02 8.785317838192e-02 9.326812624931e-02 9.005050361156e-02 7.721666246653e-02 1.176594719291e-01 1.768289804459e-01 2.046510875225e-01 1.457769274712e-01 9.469499439001e-02 1.078619360924e-01 1.154401451349e-01 8.511947840452e-02 7.633084058762e-02 8.108454942703e-02 1.108624488115e-01 1.620776504278e-01 1.851067543030e-01 2.409856468439e-01 1.920272558928e-01 1.473695933819e-01 1.384800672531e-01 1.201713308692e-01 9.534941613674e-02 7.756720483303e-02 7.510200887918e-02 6.904734671116e-02 9.359281510115e-02 1.313968598843e-01 1.507400125265e-01 1.262608915567e-01 1.071479022503e-01 1.020742058754e-01
1.454064995050e-01 2.744035720825e-01 2.691347301006e-01 1.879525035620e-01 1.327339857817e-01 1.575443893671e-01 3.124234676361e-01 4.320234358311e-01 3.822045028210e-01 2.226823419333e-01 1.312466561794e-01 1.501069813967e-01 1.585340499878e-01 1.509300619364e-01 1.316868066788e-01 1.749987155199e-01 2.786048948765e-01 3.646733760834e-01 3.292207717896e-01 1.962173879147e-01 1.967446506023e-01 3.014763593674e-01 1.585710793734e-01 1.422764062881e-01 1.672514528036e-01 2.166276872158e-01 2.717196643353e-01 3.101950585842e-01 4.582800269127e-01 3.567712008953e-01 2.395449429750e-01 2.170786112547e-01 2.026275098324e-01 1.639859229326e-01 1.763726770878e-01 1.843831837177e-01 1.853692382574e-01 2.081978619099e-01 2.619372010231e-01 2.636382877827e-01 1.950588822365e-01 1.932616680861e-01 2.111687213182e-01
1.422122120857e-01 2.919251024723e-01 3.272257447243e-01 2.802819013596e-01 1.801448017359e-01 1.818706095219e-01 3.615191280842e-01 4.911528825760e-01 4.208178520203e-01 2.305797487497e-01 1.657578647137e-01 1.868912130594e-01 1.931066960096e-01 1.786801964045e-01 1.471358239651e-01 1.416716575623e-01 1.829613447189e-01 2.733245491982e-01 3.125346899033e-01 2.540490329266e-01 3.107816278934e-01 4.660488069057e-01 2.040672898293e-01 1.762005835772e-01 2.224375158548e-01 2.692836225033e-01 2.795221209526e-01 2.814955115318e-01 5.340960025787e-01 4.000885486603e-01 2.321027070284e-01 1.990054398775e-01 2.773057818413e-01 1.475469768047e-01 1.660099923611e-01 1.906329244375e-01 2.389664202929e-01 3.028148412704e-01 3.166746497154e-01 2.623735964298e-01 2.682121396065e-01 1.792653053999e-01 2.366968244314e-01
1.262018084526e-01 2.777870297432e-01 3.311645388603e-01 3.385385870934e-01 2.721520960331e-01 1.862203180790e-01 3.778753280640e-01 5.025318264961e-01 4.066711068153e-01 1.980171054602e-01 1.834507882595e-01 2.025277167559e-01 2.016692757607e-01 1.794319301844e-01 1.426839530468e-01 1.446421593428e-01 1.380163580179e-01 1.587019711733e-01 2.065513730049e-01 2.349402308464e-01 5.212924480438e-01 5.931226015091e-01 2.285312563181e-01 1.934723258018e-01 2.453575432301e-01 2.813751399517e-01 2.691631317139e-01 2.568731904030e-01 5.350012779236e-01 3.889615237713e-01 1.970173567533e-01 1.601568758488e-01 3.196423351765e-01 1.699171215296e-01 1.859472692013e-01 2.630298435688e-01 3.254791796207e-01 3.391958177090e-01 2.871005535126e-01 3.322879076004e-01 3.238561153412e-01 1.987473517656e-01 2.169781476259e-01
1.234266906977e-01 2.657285332680e-01 3.146069645882e-01 3.480093777180e-01 3.330851495266e-01 2.354439646006e-01 3.855974674225e-01 5.020397305489e-01 3.812091350555e-01 1.679324358702e-01 1.967543065548e-01 2.094627469778e-01 2.029063254595e-01 2.019785046577e-01 1.854342967272e-01 1.565876454115e-01 1.524912118912e-01 1.504001915455e-01 2.129509299994e-01 4.315445125103e-01 7.246564626694e-01 6.516155004501e-01 2.452219575644e-01 2.756296992302e-01 2.454679906368e-01 2.749049663544e-01 2.465899586678e-01 2.556745111942e-01 5.064185261726e-01 3.664031028748e-01 2.328206896782e-01 1.820909678936e-01 3.408080637455e-01 2.083694636822e-01 2.924486398697e-01 3.500947058201e-01 3.539249598980e-01 2.987427115440e-01 2.056561559439e-01 3.410724401474e-01 3.958763778210e-01 2.655984759331e-01 1.718685775995e-01
1.151905059814e-01 2.317524850368e-01 2.801198065281e-01 3.065101802349e-01 3.401385843754e-01 2.832336723804e-01 3.852751255035e-01 4.858673512936e-01 3.435426056385e-01 1.864933520555e-01 2.089395225048e-01 2.295093834400e-01 2.446235567331e-01 2.367425858974e-01 2.129903286695e-01 1.733642220497e-01 1.402384638786e-01 1.592884063721e-01 3.391035795212e-01 6.152775287628e-01 8.431457877159e-01 6.436266899109e-01 2.758374214172e-01 4.197432994843e-01 2.580851018429e-01 2.577553689480e-01 2.208698540926e-01 2.779840826988e-01 4.529945254326e-01 3.662514090538e-01 2.353082299232e-01 1.982205510139e-01 3.952632844448e-01 3.121480941772e-01 3.704950213432e-01 3.662647306919e-01 3.039806187153e-01 2.101890593767e-01 2.314505875111e-01 3.213338255882e-01 4.849105179310e-01 3.085788786411e-01 1.672737747431e-01
1.451110243797e-01 2.577518522739e-01 2.378273010254e-01 2.354641258717e-01 2.935931086540e-01 2.844761013985e-01 3.791981935501e-01 4.643509387970e-01 3.082711398602e-01 2.056479752064e-01 2.308606505394e-01 2.627222239971e-01 2.662192285061e-01 2.475711405277e-01 2.107268571854e-01 1.988880485296e-01 1.886053085327e-01 2.348449528217e-01 4.577212333679e-01 7.351706027985e-01 8.731287717819e-01 5.878106951714e-01 3.651830255985e-01 5.320538282394e-01 3.739684522152e-01 2.346470504999e-01 2.160018682480e-01 5.156605243683e-01 7.231754064560e-01 4.665718972683e-01 2.610137760639e-01 2.217490375042e-01 4.340851604939e-01 3.660108745098e-01 3.659774959087e-01 3.038744628429e-01 2.118025869131e-01 2.319528460503e-01 3.362058699131e-01 4.244833886623e-01 4.980362653732e-01 3.648628294468e-01 1.669012010098e-01
1.472331732512e-01 2.945215404034e-01 3.043348193169e-01 2.202809005976e-01 2.102952301502e-01 2.381016612053e-01 3.739113211632e-01 4.539784789085e-01 2.870924174786e-01 2.222814410925e-01 2.606535255909e-01 2.782199680805e-01 2.690368294716e-01 2.373625487089e-01 2.223373055458e-01 2.518460750580e-01 2.807288467884e-01 3.100319504738e-01 5.611353516579e-01 7.976676821709e-01 8.569958806038e-01 5.282844901085e-01 3.962719142437e-01 5.850156545639e-01 4.548633396626e-01 2.897765040398e-01 2.081515341997e-01 7.838267087936e-01 1.013600111008e+00 5.470711588860e-01 2.852604389191e-01 2.670116126537e-01 4.287316799164e-01 3.360348641872e-01 3.116791248322e-01 2.211609780788e-01 2.220236212015e-01 3.308759331703e-01 4.372010827065e-01 4.829668700695e-01 4.379588961601e-01 4.572018980980e-01 1.926166415215e-01
1.273318976164e-01 2.784141004086e-01 3.462370336056e-01 3.151736855507e-01 2.093819975853e-01 2.057671844959e-01 3.698405921459e-01 4.500244855881e-01 2.763267457485e-01 2.483480423689e-01 2.763430476189e-01 2.790299952030e-01 2.554338872433e-01 2.195485830307e-01 2.316176444292e-01 2.677704989910e-01 3.631899356842e-01 3.720707297325e-01 6.192755103111e-01 7.855427861214e-01 7.776727080345e-01 4.584453105927e-01 4.042592346668e-01 5.593209266663e-01 4.907163977623e-01 3.346510231495e-01 2.627224922180e-01 1.011333703995e+00 1.183245062828e+00 6.027346849442e-01 3.128919899464e-01 2.545528411865e-01 4.349710941315e-01 2.903704643250e-01 3.421931266785e-01 3.429628610611e-01 3.316885530949e-01 4.449229836464e-01 5.118673443794e-01 4.839103221893e-01 3.554896414280e-01 5.675784945488e-01 2.261847704649e-01
1.290668100119e-01 2.311959266663e-01 3.263699412346e-01 3.697487115860e-01 3.154005706310e-01 2.086988687515e-01 3.707420229912e-01 4.493063986301e-01 2.699965238571e-01 2.627501487732e-01 2.770754992962e-01 2.652744650841e-01 2.892330288887e-01 3.149463832378e-01 3.293450474739e-01 3.339038789272e-01 3.942396938801e-01 4.308215081692e-01 6.375274062157e-01 7.286214828491e-01 6.737321019173e-01 3.906918764114e-01 3.651466369629e-01 4.887794256210e-01 4.739590585232e-01 3.439017832279e-01 2.840817868710e-01 1.147741317749e+00 1.256858468056e+00 6.244233250618e-01 2.743518352509e-01 2.205101698637e-01 4.714242517948e-01 2.882234454155e-01 3.503677546978e-01 3.568061590195e-01 4.611921608448e-01 5.311668515205e-01 5.197249650955e-01 4.162855148315e-01 2.977845966816e-01 6.166812777519e-01 3.124042451382e-01
1.295932382345e-01 2.596745789051e-01 2.690466046333e-01 3.536503016949e-01 3.870791792870e-01 3.112966120243e-01 3.674658834934e-01 4.421634674072e-01 2.611306309700e-01 2.653944194317e-01 2.910037636757e-01 3.405989110470e-01 3.775860965252e-01 3.980444669724e-01 4.074712991714e-01 4.109627604485e-01 4.065748751163e-01 5.343183279037e-01 7.494609355927e-01 7.943860292435e-01 6.676650643349e-01 4.934537112713e-01 3.463840186596e-01 4.168208539486e-01 4.274606108665e-01 3.062837719917e-01 3.293725848198e-01 1.210894465446e+00 1.285984158516e+00 6.114930510521e-01 2.634060084820e-01 2.485944628716e-01 4.618774354458e-01 3.063461482525e-01 4.069608747959e-01 4.937298595905e-01 5.507451295853e-01 5.402508378029e-01 4.481243491173e-01 3.459457457066e-01 3.371368348598e-01 5.925393104553e-01 4.064176380634e-01
1.096603348851e-01 2.310054451227e-01 2.766356766224e-01 2.940354943275e-01 3.821227550507e-01 4.029295742512e-01 3.563666939735e-01 4.261178672314e-01 2.591557502747e-01 3.137490749359e-01 3.650459945202e-01 4.067791998386e-01 4.352954030037e-01 4.515198171139e-01 4.569125473499e-01 4.558782577515e-01 4.509828090668e-01 7.109068036079e-01 9.722023606300e-01 1.010550379753e+00 8.706858158112e-01 6.820654273033e-01 4.988828301430e-01 3.536949455738e-01 4.969637989998e-01 4.763122200966e-01 4.032172560692e-01 1.161844611168e+00 1.137633800507e+00 5.563258528709e-01 3.403635323048e-01 4.029293656349e-01 4.348727166653e-01 4.890481531620e-01 5.546875596046e-01 5.795902013779e-01 5.558465719223e-01 4.798962175846e-01 4.597649574280e-01 5.327685475349e-01 4.009419977665e-01 5.065356492996e-01 4.870266616344e-01
9.446692466736e-02 1.797175109386e-01 2.300652563572e-01 2.723503708839e-01 3.229627311230e-01 4.095065891743e-01 4.116767942905e-01 4.031003415585e-01 3.217268586159e-01 3.740313053131e-01 4.113976359367e-01 4.351052939892e-01 4.491913020611e-01 4.568911194801e-01 4.572659134865e-01 4.546829164028e-01 4.544871151447e-01 7.821130156517e-01 1.057103991508e+00 1.079513669014e+00 9.331611394882e-01 7.596368193626e-01 5.935502648354e-01 4.339028298855e-01 6.683302521706e-01 6.462314724922e-01 5.448657870293e-01 1.011428713799e+00 8.923971056938e-01 4.730124175549e-01 5.957649946213e-01 6.724632978439e-01 6.699001193047e-01 6.479368209839e-01 6.308808922768e-01 6.115618944168e-01 5.930103063583e-01 5.626118183136e-01 5.146014094353e-01 7.217511534691e-01 4.489240646362e-01 3.851422965527e-01 6.276391148567e-01
1.170039921999e-01 2.274012863636e-01 2.236628085375e-01 2.092982232571e-01 2.566370368004e-01 3.512120842934e-01 4.381948709488e-01 4.182588160038e-01 3.579538464546e-01 3.977761268616e-01 4.176147580147e-01 4.238590598106e-01 4.205648899078e-01 4.107583761215e-01 3.997891843319e-01 3.974550366402e-01 4.072837829590e-01 7.175755500793e-01 9.507365226746e-01 9.828249812126e-01 8.823074102402e-01 7.478234171867e-01 6.171048283577e-01 4.874397814274e-01 6.601817011833e-01 6.821010112762e-01 6.024748682976e-01 8.273037075996e-01 6.507778167725e-01 5.179303288460e-01 6.994264125824e-01 7.914179563522e-01 7.551236748695e-01 6.817191243172e-01 6.127488613129e-01 5.762750506401e-01 5.441842675209e-01 5.069684982300e-01 4.633828997612e-01 7.631891965866e-01 6.991576552391e-01 3.978413045406e-01 7.128940224648e-01
1.509400308132e-01 3.019165992737e-01 3.033395707607e-01 2.976837754250e-01 2.878329455853e-01 2.734370231628e-01 3.840667307377e-01 4.682917296886e-01 4.142446815968e-01 3.889537453651e-01 3.938672840595e-01 3.851492106915e-01 3.677325546741e-01 3.445844054222e-01 3.244168460369e-01 3.281736373901e-01 3.317473828793e-01 5.664677023888e-01 7.302017807961e-01 7.701755762100e-01 7.206254005432e-01 6.470372676849e-01 5.709162950516e-01 4.892823100090e-01 5.170457959175e-01 5.640383362770e-01 5.511551499367e-01 8.411735892296e-01 4.768179059029e-01 5.266310572624e-01 6.825115680695e-01 7.583703398705e-01 7.261379957199e-01 6.005319356918e-01 4.432905316353e-01 4.588830173016e-01 3.914141058922e-01 4.142173230648e-01 4.033981859684e-01 6.291089653969e-01 9.326205849648e-01 4.033558070660e-01 7.167527675629e-01
1.531375199556e-01 3.111983835697e-01 3.223576545715e-01 3.378508985043e-01 3.496042788029e-01 3.527521491051e-01 3.508630394936e-01 4.206271469593e-01 4.894771873951e-01 3.929351568222e-01 3.535381853580e-01 3.350386321545e-01 3.112659752369e-01 2.929768860340e-01 3.154242038727e-01 3.355089128017e-01 3.574680984020e-01 4.663669168949e-01 5.109092593193e-01 5.479615330696e-01 5.366610288620e-01 4.978387355804e-01 4.647923409939e-01 4.405543804169e-01 4.216771721840e-01 4.137700796127e-01 5.484305620193e-01 8.901618123055e-01 6.077529191971e-01 5.946940183640e-01 7.067179083824e-01 7.177858352661e-01 6.016627550125e-01 6.018520593643e-01 3.249216377735e-01 5.447463989258e-01 5.194408893585e-01 4.811916649342e-01 4.128549993038e-01 4.405761957169e-01 1.058204770088e+00 5.756427645683e-01 6.351243853569e-01
1.657889783382e-01 2.861908674240e-01 2.855745553970e-01 2.982936799526e-01 3.227972090244e-01 3.550837635994e-01 3.763647377491e-01 3.877118527889e-01 4.502562880516e-01 4.766420722008e-01 4.084846973419e-01 3.937435746193e-01 3.975461721420e-01 3.604214787483e-01 3.252388536930e-01 3.679152131081e-01 4.064140021801e-01 4.797351956367e-01 4.842157661915e-01 4.045572876930e-01 3.661854267120e-01 4.307595491409e-01 5.394337773323e-01 5.608922243118e-01 5.069498419762e-01 4.083461761475e-01 6.069929599762e-01 9.056564569473e-01 6.104791760445e-01 6.416642665863e-01 6.753317713737e-01 6.937361359596e-01 7.454392910004e-01 6.694831252098e-01 4.090056121349e-01 6.132000088692e-01 5.777506232262e-01 4.779521822929e-01 3.598486781120e-01 4.298805296421e-01 1.014973878860e+00 8.837151527405e-01 4.965199530125e-01
1.891687959433e-01 3.484544754028e-01 3.752458393574e-01 3.237129449844e-01 2.996808886528e-01 3.238810002804e-01 3.305315971375e-01 3.261141479015e-01 3.526832163334e-01 4.386821687222e-01 4.778869152069e-01 4.927220940590e-01 4.944918155670e-01 4.547549188137e-01 4.460738599300e-01 4.307806193829e-01 4.048545658588e-01 4.802364408970e-01 5.039921402931e-01 4.483643770218e-01 3.701227307320e-01 3.405524492264e-01 3.765575587749e-01 4.204054176807e-01 4.315120875835e-01 4.329794347286e-01 5.310730338097e-01 8.693917393684e-01 6.220111250877e-01 5.440950989723e-01 6.235238313675e-01 7.181189656258e-01 8.021426796913e-01 6.842013001442e-01 4.705510139465e-01 6.775529384613e-01 5.535738468170e-01 4.296569228172e-01 3.240208029747e-01 3.921656906605e-01 8.160834312439e-01 1.196371078491e+00 5.496331453323e-01
1.855689436197e-01 3.638924062252e-01 4.325812160969e-01 4.074909687042e-01 3.085407912731e-01 2.402362376451e-01 2.918860912323e-01 3.311238884926e-01 3.555032610893e-01 3.588679730892e-01 4.727672934532e-01 5.255835652351e-01 5.019370913506e-01 5.036484003067e-01 5.099020600319e-01 5.033584237099e-01 4.457644224167e-01 4.756923019886e-01 5.202434062958e-01 4.794782996178e-01 3.679507672787e-01 4.404307901859e-01 4.272871613503e-01 4.394719004631e-01 3.880840837955e-01 3.790654540062e-01 3.984685838223e-01 8.044297695160e-01 7.354838252068e-01 5.814087986946e-01 5.627100467682e-01 6.071691513062e-01 7.518782019615e-01 6.713701486588e-01 5.437800288200e-01 6.545180082321e-01 4.825836718082e-01 3.855770528316e-01 3.640659749508e-01 3.564334511757e-01 5.585274100304e-01 1.399347305298e+00 5.778958797455e-01
