VariationalSeries/SI/f69_max.grd
DSAA
101	101
32.816463539100	34.260883539100
35.556306596100	36.727886596100
5.181092419662e-04	8.497939300537e+01
[rows 38 to 56 of 101, columns 0 to 42 of 101]
2.028356194496e-01 4.280060827732e-01 4.629147350788e-01 4.822373390198e-01 5.717457532883e-01 7.009317278862e-01 8.095500469208e-01 9.224081635475e-01 1.013896822929e+00 9.260777235031e-01 7.600604295731e-01 6.203207373619e-01 6.124627590179e-01 6.033870577812e-01 6.429514288902e-01 7.298002839088e-01 8.260389566422e-01 1.513049960136e+00 2.452242851257e+00 2.631703853607e+00 2.120441913605e+00 1.789268136024e+00 1.194772958755e+00 1.400321841240e+00 2.783754825592e+00 3.619124650955e+00 3.486269474030e+00 2.493722915649e+00 1.789903521538e+00 1.981811881065e+00 2.093090057373e+00 2.573408603668e+00 3.527647256851e+00 3.461436510086e+00 3.247630119324e+00 1.943313837051e+00 2.656560182571e+00 2.987491846085e+00 2.955669641495e+00 4.539163589478e+00 4.986654281616e+00 7.353335857391e+00 5.933106422424e+00
2.988294661045e-01 5.320789813995e-01 4.462650716305e-01 4.369176030159e-01 6.206576824188e-01 7.552009820938e-01 9.929667115211e-01 1.249819993973e+00 1.394128084183e+00 1.305495023727e+00 9.485169053078e-01 7.425472736359e-01 6.395559906960e-01 6.532183289528e-01 7.008730769157e-01 7.574459314346e-01 8.070905804634e-01 8.505563735962e-01 1.333889961243e+00 1.867662549019e+00 1.908015966415e+00 1.863848090172e+00 1.925040483475e+00 1.604718804359e+00 1.486145138741e+00 1.651082396507e+00 2.232019662857e+00 4.202042579651e+00 5.630394935608e+00 5.712057590485e+00 4.479385375977e+00 2.208253383636e+00 2.488551855087e+00 2.119938850403e+00 4.229945182800e+00 3.792088508606e+00 2.467022895813e+00 2.974838495255e+00 3.652930974960e+00 4.152509689331e+00 5.558894634247e+00 6.711643218994e+00 7.867799282074e+00
3.447319269180e-01 6.866499781609e-01 6.505671739578e-01 5.640100836754e-01 7.452086210251e-01 9.172128438950e-01 1.113636851311e+00 1.466063618660e+00 1.589448451996e+00 1.584415316582e+00 1.083612918854e+00 7.278355360031e-01 7.329655885696e-01 6.342738866806e-01 5.284775495529e-01 5.944743156433e-01 6.934490799904e-01 7.539735436440e-01 7.930740714073e-01 1.053369760513e+00 1.554786443710e+00 2.186142206192e+00 2.625684499741e+00 2.646539688110e+00 2.590538501740e+00 1.723457574844e+00 1.365208029747e+00 1.441648006439e+00 1.399516582489e+00 1.773848652840e+00 3.736109018326e+00 5.946175098419e+00 7.044919013977e+00 5.881596088409e+00 2.976460933685e+00 2.957448482513e+00 5.188329219818e+00 4.315970897675e+00 4.468280315399e+00 4.455532550812e+00 4.147441864014e+00 5.555998802185e+00 8.426285743713e+00
4.933430552483e-01 8.369227051735e-01 9.726538658142e-01 9.992896318436e-01 9.004952907562e-01 1.076843976974e+00 1.074776053429e+00 1.032099366188e+00 1.031924605370e+00 1.266720771790e+00 1.367603063583e+00 1.186669349670e+00 8.798711895943e-01 7.821637392044e-01 7.953506112099e-01 9.844756126404e-01 1.142467737198e+00 1.278066754341e+00 1.249326467514e+00 9.084466099739e-01 1.014056324959e+00 1.337239384651e+00 1.517166733742e+00 2.036041736603e+00 2.529002666473e+00 3.005457401276e+00 3.353521585464e+00 3.254853725433e+00 3.341702699661e+00 3.645897388458e+00 4.031350612640e+00 3.941562891006e+00 6.098404407501e+00 6.891628265381e+00 4.922293663025e+00 6.232857227325e+00 6.914312362671e+00 5.872658729553e+00 6.629602432251e+00 5.355608463287e+00 3.758254051208e+00 6.569849014282e+00 5.494146823883e+00
5.062711834908e-01 8.898469805717e-01 9.861190915108e-01 9.153620600700e-01 9.950069189072e-01 1.255087614059e+00 1.246684670448e+00 1.080597162247e+00 1.301825881004e+00 1.083615541458e+00 1.029831528664e+00 1.437659144402e+00 1.492842912674e+00 1.125210523605e+00 1.041554212570e+00 9.597904086113e-01 9.816285967827e-01 1.315197229385e+00 1.773742914200e+00 1.803170442581e+00 1.155691504478e+00 1.313882827759e+00 1.674854516983e+00 1.393463969231e+00 1.609926462173e+00 1.943232059479e+00 2.568521022797e+00 3.882141351700e+00 5.228522300720e+00 4.786763668060e+00 4.533052921295e+00 3.367600917816e+00 3.354624271393e+00 6.300243377686e+00 6.057799816132e+00 7.640171051025e+00 5.052188396454e+00 7.158535480499e+00 6.278120994568e+00 9.064162254333e+00 9.366466522217e+00 7.353753089905e+00 8.291535377502e+00
9.814456105232e-01 1.902965188026e+00 1.421692252159e+00 1.191302895546e+00 1.165686964989e+00 1.048994302750e+00 1.073043823242e+00 1.305515766144e+00 1.292939186096e+00 1.049751400948e+00 1.312878727913e+00 8.948460221291e-01 1.146663665771e+00 1.607843518257e+00 1.396547794342e+00 1.208237648010e+00 1.513224124908e+00 3.284096479416e+00 3.870079755783e+00 2.109539985657e+00 2.259569406509e+00 1.330405473709e+00 1.562784910202e+00 2.217234134674e+00 1.480187535286e+00 1.355109333992e+00 1.419974207878e+00 1.558179616928e+00 1.989737033844e+00 2.262273311615e+00 2.417055130005e+00 2.634768962860e+00 3.586816549301e+00 5.649272441864e+00 3.874587535858e+00 3.589617967606e+00 5.273136138916e+00 6.004761695862e+00 4.008599281311e+00 8.272360801697e+00 8.500135421753e+00 9.270463943481e+00 1.138247108459e+01
1.564016461372e+00 2.868417978287e+00 2.325520038605e+00 1.808608770370e+00 1.667642831802e+00 1.358263611794e+00 1.871463537216e+00 1.642311215401e+00 1.647836208344e+00 1.289715409279e+00 1.008779525757e+00 1.239219784737e+00 1.111755251884e+00 7.253848314285e-01 1.360837817192e+00 1.596295833588e+00 1.162575840950e+00 9.976392388344e-01 1.823558807373e+00 1.206139922142e+00 2.099070549011e+00 2.494424104691e+00 2.478336811066e+00 2.163451671600e+00 2.974933385849e+00 1.828754782677e+00 1.699573040009e+00 2.200635910034e+00 2.578107357025e+00 1.969379901886e+00 2.509781599045e+00 3.092543840408e+00 3.665616273880e+00 4.304850578308e+00 5.470997810364e+00 4.150180816650e+00 4.621280193329e+00 5.167239189148e+00 4.896576404572e+00 7.030142784119e+00 6.539505481720e+00 9.447573661804e+00 9.617783546448e+00
6.194992065430e-01 1.290818095207e+00 1.540111184120e+00 1.815766334534e+00 1.857213735580e+00 2.064069271088e+00 2.181855916977e+00 1.882796168327e+00 1.688402056694e+00 1.616922974586e+00 1.505981206894e+00 1.393701076508e+00 1.322309732437e+00 1.239009976387e+00 1.341201066971e+00 1.144742012024e+00 8.137480020523e-01 9.643239378929e-01 1.015167117119e+00 1.385974287987e+00 1.297937631607e+00 2.142166852951e+00 2.313945770264e+00 2.489957809448e+00 2.902752161026e+00 3.279631137848e+00 3.578993558884e+00 3.726797819138e+00 3.807559728622e+00 4.102100372314e+00 4.166606426239e+00 4.382897377014e+00 4.655291080475e+00 3.866586923599e+00 3.317851781845e+00 4.667147159576e+00 5.609093666077e+00 8.626097679138e+00 1.032804203033e+01 9.548018455505e+00 9.077666282654e+00 9.430919647217e+00 7.832901477814e+00
5.999854803085e-01 1.260371923447e+00 1.436362743378e+00 1.596745371819e+00 1.801599025726e+00 1.842831969261e+00 1.694552659988e+00 1.372546553612e+00 1.294281601906e+00 1.543850064278e+00 1.811213374138e+00 1.718714118004e+00 1.301205158234e+00 8.492403626442e-01 9.112515449524e-01 5.264410376549e-01 3.062729835510e-01 3.381607830524e-01 4.512125849724e-01 5.438471436501e-01 1.619219183922e+00 2.847047567368e+00 2.432044744492e+00 3.066596984863e+00 2.950776338577e+00 3.637299060822e+00 3.753743410110e+00 3.552967309952e+00 3.312409162521e+00 3.777538299561e+00 4.023686885834e+00 5.198617458344e+00 6.647409439087e+00 7.242636680603e+00 6.187461853027e+00 5.250290393829e+00 5.818222522736e+00 4.152307510376e+00 6.325586795807e+00 6.445720195770e+00 1.007131671906e+01 9.492676734924e+00 1.021765232086e+01
1.615081429482e-01 3.246055543423e-01 3.426723778248e-01 3.694950938225e-01 5.137322545052e-01 7.180423140526e-01 9.439812898636e-01 1.014561414719e+00 9.817205071449e-01 9.057657718658e-01 9.265357255936e-01 1.177514314651e+00 1.175738692284e+00 9.566137194633e-01 6.181325316429e-01 4.818340837955e-01 2.474887967110e-01 2.104581445456e-01 2.344786375761e-01 5.023239254951e-01 1.119240164757e+00 2.376506567001e+00 5.930009841919e+00 5.577626228333e+00 5.010071754456e+00 4.704203128815e+00 4.532963752747e+00 4.406442165375e+00 4.685293674469e+00 5.412199020386e+00 6.036884307861e+00 6.834215164185e+00 1.179079723358e+01 6.562200546265e+00 1.480349731445e+01 1.009265899658e+01 8.051925659180e+00 8.663196563721e+00 1.072782325745e+01 1.246352481842e+01 1.318540859222e+01 1.237739086151e+01 1.246146869659e+01
1.463362276554e-01 2.827025353909e-01 3.078689873219e-01 3.084475100040e-01 5.184994935989e-01 7.683185935020e-01 8.007643222809e-01 6.531196832657e-01 4.819794893265e-01 3.928469419479e-01 4.989732801914e-01 6.193221807480e-01 5.927103161812e-01 4.760255217552e-01 3.501957058907e-01 2.478526681662e-01 1.790245324373e-01 1.315074712038e-01 1.364512592554e-01 4.455468952656e-01 1.426478624344e+00 2.465286493301e+00 2.427355527878e+00 5.128612041473e+00 1.238245964050e+01 6.272503376007e+00 3.909015417099e+00 3.539888620377e+00 3.683167457581e+00 4.017411231995e+00 6.897677898407e+00 9.950710296631e+00 5.267281055450e+00 7.848481655121e+00 1.418470287323e+01 2.590558433533e+01 1.059424400330e+01 8.376728057861e+00 7.442805767059e+00 8.187379837036e+00 7.008672714233e+00 1.310541534424e+01 1.524531364441e+01
7.590890675783e-02 1.576879024506e-01 1.890626847744e-01 2.098755240440e-01 2.759667634964e-01 4.437487125397e-01 5.084536671638e-01 4.405561387539e-01 3.408670723438e-01 2.553005218506e-01 2.106691449881e-01 2.011291831732e-01 1.604083925486e-01 1.417004615068e-01 1.690133363008e-01 1.287360638380e-01 1.191773936152e-01 1.002375707030e-01 1.168657168746e-01 1.776368319988e-01 3.047202825546e-01 8.225793242455e-01 8.616650700569e-01 1.174689054489e+00 4.505150318146e+00 4.767282962799e+00 1.777445554733e+00 9.761318564415e-01 1.022453188896e+00 3.280925989151e+00 4.345712184906e+00 4.706328392029e+00 4.910461902618e+00 4.032051086426e+00 5.925742626190e+00 1.710405349731e+01 9.167060852051e+00 5.573152542114e+00 3.890242815018e+00 3.514838457108e+00 3.306290626526e+00 8.664495468140e+00 1.202757549286e+01
3.386622667313e-02 6.759112328291e-02 7.030262798071e-02 7.734275609255e-02 9.770547598600e-02 1.237263455987e-01 1.472235321999e-01 1.602182090282e-01 1.550359874964e-01 1.314007639885e-01 1.119237020612e-01 1.286829560995e-01 1.328242123127e-01 1.227675378323e-01 1.251799613237e-01 1.430718898773e-01 1.086338534951e-01 8.669894933701e-02 9.746710956097e-02 1.450134515762e-01 1.656761467457e-01 3.029317557812e-01 5.269466042519e-01 1.149477005005e+00 2.790778398514e+00 1.741150498390e+00 1.078163027763e+00 8.552324771881e-01 8.191068172455e-01 2.645453512669e-01 2.317768782377e-01 2.517374157906e-01 3.931433856487e-01 8.553879261017e-01 1.984441876411e+00 3.370693588257e+01 6.423497009277e+01 8.563714981079e+00 5.835623741150e+00 3.005951642990e+00 2.118695497513e+00 2.292083740234e+00 4.439357280731e+00
2.723184041679e-02 4.950900003314e-02 5.505213513970e-02 5.507434159517e-02 5.532424151897e-02 7.126233726740e-02 9.357318282127e-02 1.151664778590e-01 1.280271410942e-01 1.254071444273e-01 1.053786426783e-01 9.678307175636e-02 1.051175668836e-01 1.016460657120e-01 9.037907421589e-02 1.110685467720e-01 1.290015876293e-01 1.026024147868e-01 7.915930449963e-02 2.294097691774e-01 2.916710078716e-01 2.234796136618e-01 2.966896593571e-01 5.193350911140e-01 9.846181869507e-01 9.773144721985e+00 2.115330457687e+00 1.882596731186e+00 7.956555485725e-01 1.568845510483e-01 1.372750401497e-01 1.437816768885e-01 1.672437936068e-01 2.060002833605e-01 2.778973579407e-01 1.486040830612e+00 1.035938644409e+01 2.660984420776e+01 6.801571846008e+00 3.808291673660e+00 1.097039103508e+00 7.064412236214e-01 7.784311175346e-01
2.535585500300e-02 6.037585437298e-02 8.164141327143e-02 9.422377496958e-02 9.812563657761e-02 9.053643792868e-02 8.047977834940e-02 7.347764074802e-02 9.180741757154e-02 1.052919700742e-01 1.049999371171e-01 9.087685495615e-02 7.848615944386e-02 9.775093942881e-02 1.020868495107e-01 9.123364835978e-02 1.064457744360e-01 1.374118775129e-01 1.084644868970e-01 2.296262234449e-01 2.423003017902e-01 2.073201686144e-01 2.309837788343e-01 2.504461407661e-01 5.714849233627e-01 1.965373516083e+00 2.057116031647e+00 5.273169875145e-01 2.454371154308e-01 1.519540101290e-01 1.138905212283e-01 9.724911302328e-02 9.594210237265e-02 1.203045696020e-01 1.561318784952e-01 5.302316546440e-01 2.714268207550e+00 9.578573226929e+00 1.159245204926e+01 1.793473124504e+00 7.666684389114e-01 4.977106153965e-01 4.707148373127e-01
3.840069472790e-02 9.040675312281e-02 1.155493259430e-01 1.299274712801e-01 1.334757208824e-01 1.275359243155e-01 1.197045594454e-01 1.076612845063e-01 9.287110716105e-02 7.588012516499e-02 8.432641625404e-02 8.860709518194e-02 8.488698303699e-02 9.917064756155e-02 1.137744337320e-01 1.074947491288e-01 9.082517027855e-02 1.442984938622e-01 1.545844674110e-01 4.048997163773e-01 2.594980895519e-01 1.868932098150e-01 1.263737976551e-01 1.308578848839e-01 2.461252212524e-01 1.752886772156e+00 2.510659933090e+00 4.775457978249e-01 3.134171068668e-01 1.590755283833e-01 9.856350719929e-02 6.800638884306e-02 6.047511100769e-02 6.377603858709e-02 9.793310612440e-02 1.624476909637e-01 1.098320364952e+00 3.394429922104e+00 9.006654739380e+00 4.358164787292e+00 2.075451135635e+00 4.161288440228e-01 3.511812090874e-01
2.630960941315e-02 5.727566033602e-02 7.144093513489e-02 7.839944958687e-02 7.602774351835e-02 7.635705918074e-02 8.540563285351e-02 9.546861797571e-02 1.049281954765e-01 1.050694957376e-01 9.047676622868e-02 6.830417364836e-02 8.047234266996e-02 8.819326758385e-02 8.827050775290e-02 8.866912126541e-02 9.283637255430e-02 1.521214842796e-01 2.100977748632e-01 3.502530455589e-01 2.687877714634e-01 2.111396640539e-01 1.037978902459e-01 1.040443778038e-01 2.091957181692e-01 6.348498463631e-01 5.563061237335e-01 3.702507019043e-01 2.934318780899e-01 1.628015637398e-01 9.052306413651e-02 7.426185160875e-02 6.550623476505e-02 6.402187794447e-02 8.191548287868e-02 1.386306285858e-01 2.907612323761e-01 1.460139274597e+00 1.717668414116e+00 1.045517325401e+00 6.269577741623e-01 3.172367513180e-01 2.871023714542e-01
2.472344227135e-02 4.489933699369e-02 6.663258373737e-02 8.506266027689e-02 1.014667451382e-01 1.198888570070e-01 1.401119828224e-01 1.619803756475e-01 1.821947842836e-01 1.879767179489e-01 1.680577546358e-01 1.248633712530e-01 8.040203154087e-02 8.354727923870e-02 1.028832867742e-01 1.117691248655e-01 1.392461806536e-01 1.613224446774e-01 1.894732713699e-01 3.312481343746e-01 2.351268976927e-01 1.566179543734e-01 8.296287059784e-02 8.089470118284e-02 1.514068841934e-01 1.756618022919e-01 1.687697887421e+00 2.535320520401e-01 2.397264987230e-01 1.439225077629e-01 8.376540243626e-02 6.691094487906e-02 6.385498493910e-02 6.744467467070e-02 8.684136718512e-02 1.181278005242e-01 1.966508924961e-01 2.423335164785e-01 5.094337463379e-01 6.768276095390e-01 4.230921566486e-01 2.537442743778e-01 3.260492384434e-01
2.456965669990e-02 4.444831609726e-02 6.113006547093e-02 7.555372267962e-02 9.010488539934e-02 1.078753173351e-01 1.266495585442e-01 1.455952823162e-01 1.633177101612e-01 1.729098260403e-01 1.638980656862e-01 1.773944050074e-01 1.850235760212e-01 1.856457442045e-01 1.770908683538e-01 1.605946123600e-01 1.911555379629e-01 1.390642523766e-01 1.882195174694e-01 5.991281867027e-01 2.199705094099e-01 1.101735904813e-01 7.780683785677e-02 6.516790390015e-02 9.011893719435e-02 1.940599679947e-01 7.040578126907e-01 1.970186531544e-01 2.542890310287e-01 1.074507459998e-01 7.917707413435e-02 6.045402958989e-02 6.123127415776e-02 6.961023062468e-02 9.194609522820e-02 1.093211099505e-01 1.217028945684e-01 1.960640400648e-01 4.298900067806e-01 5.029883384705e-01 3.121886253357e-01 2.316814661026e-01 3.030254244804e-01
