VariationalSeries/SI/f7.grd
DSAA
101	101
32.816463539100	34.260883539100
35.556306596100	36.727886596100
3.369606274646e-04	8.177639007568e+00
[rows 0 to 18 of 101, columns 43 to 85 of 101]
1.602363423444e-03 1.914501306601e-03 2.865980844945e-03 3.641266841441e-03 3.935211338103e-03 3.881033742800e-03 4.426693078130e-03 2.206398174167e-03 3.559149103239e-03 6.197977811098e-03 9.404666721821e-03 1.112095266581e-02 1.109725609422e-02 9.203012101352e-03 6.925789639354e-03 4.495263565332e-03 3.819702891633e-03 3.578683594242e-03 3.359910100698e-03 2.402950311080e-03 3.027577186003e-03 3.730887779966e-03 4.870299715549e-03 6.064886692911e-03 5.796622019261e-03 4.158454015851e-03 3.507596673444e-03 3.278593532741e-03 3.118433989584e-03 2.697016578168e-03 2.543102251366e-03 2.128642052412e-03 1.963151386008e-03 1.857064547949e-03 1.820739824325e-03 1.724815461785e-03 1.565939164720e-03 1.350173726678e-03 1.171407755464e-03 1.040900941007e-03 9.352345950902e-04 8.294948493131e-04 7.712366059422e-04
2.968906657770e-03 3.706454765052e-03 5.374312866479e-03 6.947949994355e-03 7.702641654760e-03 7.593685761094e-03 8.472446352243e-03 3.661748487502e-03 5.482050124556e-03 1.007971446961e-02 1.672536507249e-02 2.064791135490e-02 2.061558328569e-02 1.674985885620e-02 1.201083045453e-02 7.743776775897e-03 7.507115602493e-03 6.901156622916e-03 6.332597229630e-03 4.752033390105e-03 5.874385591596e-03 6.953150033951e-03 9.166860021651e-03 1.146074570715e-02 1.043509319425e-02 7.379009854048e-03 6.503927987069e-03 6.183663383126e-03 5.923080258071e-03 5.396861582994e-03 4.805791191757e-03 4.197565838695e-03 3.602441865951e-03 3.418426495045e-03 3.181321313605e-03 2.925098408014e-03 2.653050934896e-03 2.331173745915e-03 2.050706883892e-03 1.820513629355e-03 1.593712717295e-03 1.379285589792e-03 1.535285613500e-03
3.600036725402e-03 4.198305308819e-03 6.015291437507e-03 8.432671427727e-03 9.366147220135e-03 9.072803892195e-03 9.624183177948e-03 4.582236055285e-03 5.998977925628e-03 8.920425549150e-03 1.747442781925e-02 2.342940308154e-02 2.314655482769e-02 1.776141300797e-02 1.186275482178e-02 7.734241895378e-03 9.338648058474e-03 8.426540531218e-03 6.808638572693e-03 5.505114328116e-03 6.551099475473e-03 7.752734702080e-03 1.035334076732e-02 1.256060972810e-02 1.072525233030e-02 8.007711730897e-03 7.352287415415e-03 6.871911697090e-03 6.550840567797e-03 6.466288585216e-03 6.163211539388e-03 5.118681117892e-03 4.182578530163e-03 3.712996141985e-03 3.371487604454e-03 3.120270324871e-03 2.871174132451e-03 2.573852660134e-03 2.267233794555e-03 1.963373040780e-03 1.681127352640e-03 1.571931992657e-03 1.705706934445e-03
4.018116742373e-03 4.604862071574e-03 6.537169683725e-03 9.491754695773e-03 1.044988259673e-02 9.874144569039e-03 1.005492080003e-02 5.238930694759e-03 6.700572557747e-03 6.482483819127e-03 1.584011316299e-02 2.394962497056e-02 2.320043183863e-02 1.631958223879e-02 1.021478418261e-02 7.532177492976e-03 1.028806436807e-02 9.084223769605e-03 6.794638931751e-03 5.889221094549e-03 6.693887058645e-03 8.125592023134e-03 1.090376917273e-02 1.261077821255e-02 1.005632709712e-02 8.113032206893e-03 7.351104170084e-03 6.778894457966e-03 6.674286909401e-03 6.806372664869e-03 6.756416521966e-03 5.731085781008e-03 4.245080519468e-03 3.570800414309e-03 3.237287048250e-03 3.009346080944e-03 2.760071540251e-03 2.455792622641e-03 2.133001340553e-03 1.891993335448e-03 1.546323532239e-03 1.792422146536e-03 1.674614846706e-03
4.332691896707e-03 5.143756978214e-03 7.301898673177e-03 1.055149827152e-02 1.142666675150e-02 1.034618914127e-02 1.042397040874e-02 5.718930158764e-03 7.212848868221e-03 7.200475316495e-03 1.281592529267e-02 2.358829416335e-02 2.212308533490e-02 1.428361982107e-02 9.841974824667e-03 7.455109152943e-03 1.116761099547e-02 9.779023937881e-03 6.819287780672e-03 6.257328670472e-03 6.601368542761e-03 8.543073199689e-03 1.150420680642e-02 1.243996061385e-02 9.366398677230e-03 8.559525012970e-03 6.949880160391e-03 6.785544101149e-03 6.588893942535e-03 6.783455144614e-03 7.039847318083e-03 6.237073801458e-03 4.713274072856e-03 3.669106401503e-03 3.273440990597e-03 3.012896748260e-03 2.562019042671e-03 2.354487078264e-03 2.181391231716e-03 1.839002477936e-03 1.722829299979e-03 1.887825783342e-03 1.550758141093e-03
4.518301226199e-03 5.524049513042e-03 7.894846610725e-03 1.134618837386e-02 1.225112937391e-02 1.230898220092e-02 1.091974135488e-02 6.172776687890e-03 7.647267542779e-03 8.624528534710e-03 9.508325718343e-03 2.166095562279e-02 1.989309489727e-02 1.229434274137e-02 9.718592278659e-03 7.680965587497e-03 1.219149213284e-02 1.024869829416e-02 6.791165098548e-03 6.668946705759e-03 6.648919079453e-03 9.177730418742e-03 1.232269778848e-02 1.204722374678e-02 1.054616924375e-02 8.864810690284e-03 6.921257823706e-03 6.446002982557e-03 6.203147582710e-03 6.453131325543e-03 6.985901389271e-03 6.633746437728e-03 5.055794492364e-03 3.745472058654e-03 3.446912160143e-03 3.075305372477e-03 2.664422383532e-03 2.416476840153e-03 2.142838435248e-03 1.724532921799e-03 1.980547094718e-03 1.853998983279e-03 1.378537504934e-03
4.810261540115e-03 5.956235807389e-03 8.650943636894e-03 1.193172018975e-02 1.290148496628e-02 1.434346474707e-02 1.155935321003e-02 6.944361608475e-03 8.460550568998e-03 9.830903261900e-03 8.973322808743e-03 1.776609942317e-02 1.689389161766e-02 1.198966614902e-02 9.536492638290e-03 7.929263636470e-03 1.306154672056e-02 1.036291755736e-02 6.849807221442e-03 6.923038046807e-03 7.081876043230e-03 9.881652891636e-03 1.290037017316e-02 1.112341042608e-02 1.182598527521e-02 9.092055261135e-03 6.564838811755e-03 6.041619461030e-03 5.896286107600e-03 6.274917162955e-03 7.020375225693e-03 6.989005953074e-03 5.475154146552e-03 3.752007381991e-03 3.566325176507e-03 3.097572131082e-03 2.698897616938e-03 2.388816792518e-03 2.034876728430e-03 1.872200518847e-03 2.084239153191e-03 1.715253922157e-03 1.188114401884e-03
5.245663225651e-03 6.471754051745e-03 9.309377521276e-03 1.235941890627e-02 1.347307581455e-02 1.628494448960e-02 1.226772274822e-02 7.638284470886e-03 9.098032489419e-03 1.051059365273e-02 8.542355149984e-03 1.350859552622e-02 1.472952030599e-02 1.171458978206e-02 9.261390194297e-03 8.211952634156e-03 1.389523036778e-02 1.062077283859e-02 6.978393997997e-03 7.069851737469e-03 7.653460372239e-03 1.063970848918e-02 1.306919939816e-02 9.869195520878e-03 1.273100543767e-02 9.008949622512e-03 6.075212266296e-03 5.615439731628e-03 5.648383405060e-03 6.279259454459e-03 7.239718921483e-03 7.349893450737e-03 5.841452628374e-03 3.923315089196e-03 3.635115455836e-03 3.076358698308e-03 2.656509168446e-03 2.329103648663e-03 1.918926369399e-03 2.167848171666e-03 2.039318205789e-03 1.526756677777e-03 1.307667465881e-03
5.583103746176e-03 6.828637793660e-03 9.654440917075e-03 1.295928843319e-02 1.436787471175e-02 1.808642223477e-02 1.297334209085e-02 8.285443298519e-03 9.359752759337e-03 1.061680540442e-02 9.347397834063e-03 1.273684296757e-02 1.453929301351e-02 1.150824222714e-02 9.068602696061e-03 8.524009957910e-03 1.495682913810e-02 1.116469781846e-02 7.201922126114e-03 6.981932558119e-03 8.668093010783e-03 1.159354671836e-02 1.292964629829e-02 1.000830996782e-02 1.327296439558e-02 8.665190078318e-03 5.729543045163e-03 6.298546679318e-03 5.906691774726e-03 6.631538271904e-03 7.615909911692e-03 7.672865409404e-03 6.151950452477e-03 4.131210502237e-03 3.650037106127e-03 2.999888500199e-03 2.611576346681e-03 2.258537802845e-03 2.131688641384e-03 2.281400375068e-03 1.884558354504e-03 1.355277141556e-03 1.354094827548e-03
5.783752072603e-03 7.076290436089e-03 9.747026488185e-03 1.378024555743e-02 1.546321064234e-02 1.950014941394e-02 1.379921939224e-02 9.133998304605e-03 9.815188124776e-03 1.024683099240e-02 9.691363200545e-03 1.214793976396e-02 1.413031946868e-02 1.104665640742e-02 8.925524540246e-03 9.173405356705e-03 1.572644710541e-02 1.172887533903e-02 7.381342817098e-03 7.854097522795e-03 1.000058464706e-02 1.326444093138e-02 1.222997251898e-02 1.155954692513e-02 1.350988447666e-02 8.232397958636e-03 6.273653358221e-03 7.050146348774e-03 5.919681396335e-03 6.735403090715e-03 7.782019674778e-03 7.703062146902e-03 6.059029139578e-03 3.915949258953e-03 3.585671074688e-03 2.922279760242e-03 2.610835479572e-03 2.131583867595e-03 2.430698601529e-03 2.247672295198e-03 1.856949762441e-03 1.350493053906e-03 1.333161606453e-03
5.934983491898e-03 7.282916922122e-03 1.005519554019e-02 1.445779856294e-02 1.645709574223e-02 2.063484303653e-02 1.479249168187e-02 9.934904985130e-03 1.040829345584e-02 9.343101643026e-03 9.293843060732e-03 1.185015868396e-02 1.345587987453e-02 1.074991375208e-02 8.844592608511e-03 1.026909425855e-02 1.608546636999e-02 1.214955747128e-02 7.469601929188e-03 9.804573841393e-03 1.169689837843e-02 1.470779813826e-02 1.152975670993e-02 1.295508164912e-02 1.321932673454e-02 7.474366575480e-03 6.946600042284e-03 7.637404371053e-03 5.773898214102e-03 6.371349561960e-03 7.312196306884e-03 7.205550558865e-03 5.512619391084e-03 3.729789052159e-03 3.651632927358e-03 2.944910665974e-03 2.537757856771e-03 2.566679846495e-03 2.526025986299e-03 2.086427761242e-03 1.886706333607e-03 1.368726138026e-03 1.330237020738e-03
6.150903645903e-03 7.410359103233e-03 1.026874594390e-02 1.498844288290e-02 1.729188114405e-02 2.135044336319e-02 1.579428650439e-02 1.072453614324e-02 1.070700027049e-02 8.499203249812e-03 9.202267043293e-03 1.137329638004e-02 1.287836302072e-02 1.193002611399e-02 9.838558733463e-03 1.136519573629e-02 1.674445904791e-02 1.244876813143e-02 7.531555835158e-03 1.221345271915e-02 1.364274881780e-02 1.566226966679e-02 1.271334383637e-02 1.368717756122e-02 1.246269978583e-02 6.561978254467e-03 7.620587944984e-03 8.259497582912e-03 6.195980124176e-03 5.726949777454e-03 6.561837624758e-03 6.484840996563e-03 4.860127344728e-03 3.622498828918e-03 3.975539002568e-03 2.964816289023e-03 2.760999603197e-03 2.852900885046e-03 2.446825616062e-03 2.200229791924e-03 1.904906355776e-03 1.369445351884e-03 1.333636697382e-03
6.342459004372e-03 7.572509348392e-03 1.048287563026e-02 1.548304408789e-02 1.823222823441e-02 2.197393402457e-02 1.676895283163e-02 1.154541037977e-02 1.108794566244e-02 8.644171990454e-03 9.761512279510e-03 1.078664883971e-02 1.272271946073e-02 1.315786130726e-02 1.076119672507e-02 1.272122468799e-02 1.746954582632e-02 1.260867808014e-02 7.798580918461e-03 1.497797667980e-02 1.567738689482e-02 1.644721068442e-02 1.506026089191e-02 1.382206007838e-02 1.119689829648e-02 6.576039828360e-03 8.085943758488e-03 8.586352691054e-03 6.431748159230e-03 5.187481641769e-03 5.898594390601e-03 5.790862720460e-03 4.170811735094e-03 3.630359889939e-03 4.050720017403e-03 2.883873647079e-03 3.320473013446e-03 2.913265489042e-03 2.218252280727e-03 2.295276150107e-03 1.934579689987e-03 1.548068714328e-03 1.467263442464e-03
6.561782676727e-03 7.738474290818e-03 1.065222639591e-02 1.588722318411e-02 1.921391487122e-02 2.264806628227e-02 1.778338104486e-02 1.278850622475e-02 1.155851408839e-02 8.541268296540e-03 1.014515478164e-02 1.140020787716e-02 1.269843615592e-02 1.406105980277e-02 1.157214026898e-02 1.437093131244e-02 1.838971860707e-02 1.275048404932e-02 9.310843423009e-03 1.783187873662e-02 1.782646216452e-02 1.599005237222e-02 1.743683591485e-02 1.341902464628e-02 9.670442901552e-03 7.310307119042e-03 8.424125611782e-03 8.853523060679e-03 6.416300311685e-03 5.513162352145e-03 5.073389504105e-03 5.132735241205e-03 3.981458023190e-03 3.761077066883e-03 4.159701056778e-03 3.789510112256e-03 3.614428685978e-03 2.746714744717e-03 2.251680707559e-03 2.386064734310e-03 1.958379754797e-03 1.707894844003e-03 1.678405096754e-03
6.745277903974e-03 7.863317616284e-03 1.073203328997e-02 1.630273088813e-02 2.022916078568e-02 2.301115728915e-02 1.884561218321e-02 1.394107006490e-02 1.172518450767e-02 8.232950232923e-03 1.044944208115e-02 1.202501170337e-02 1.311626844108e-02 1.474283635616e-02 1.224109530449e-02 1.597531884909e-02 2.039965800941e-02 1.344825327396e-02 1.167171075940e-02 2.050488069654e-02 1.952511817217e-02 1.475729793310e-02 1.927571371198e-02 1.244929991663e-02 7.983752526343e-03 9.133435785770e-03 9.879054501653e-03 8.676080033183e-03 6.126682739705e-03 5.535891279578e-03 4.908581729978e-03 4.489928949624e-03 4.135076887906e-03 3.745653200895e-03 4.363790620118e-03 4.625601693988e-03 3.640455426648e-03 2.437700284645e-03 2.249238081276e-03 2.458571223542e-03 1.962357899174e-03 1.858877716586e-03 1.795733929612e-03
8.809579536319e-03 7.980132475495e-03 1.086243148893e-02 1.668766699731e-02 2.125241793692e-02 2.314131148160e-02 1.976898871362e-02 1.476160436869e-02 1.181792747229e-02 8.782815188169e-03 1.129660941660e-02 1.263121049851e-02 1.379709783942e-02 1.501749455929e-02 1.293772645295e-02 1.788813434541e-02 2.096669003367e-02 1.279819197953e-02 1.392532698810e-02 2.242309041321e-02 2.020242065191e-02 1.456877961755e-02 1.945473998785e-02 1.088632177562e-02 6.929371505976e-03 1.085815299302e-02 1.090074703097e-02 8.017504587770e-03 6.009500939399e-03 5.356749985367e-03 5.025498103350e-03 4.609040450305e-03 4.083097446710e-03 3.502593608573e-03 4.943829495460e-03 5.130651406944e-03 3.371470142156e-03 2.303695073351e-03 2.246352611110e-03 2.507938770577e-03 2.008466282859e-03 2.097629709169e-03 1.919641741551e-03
1.162110920995e-02 8.053346537054e-03 1.099406369030e-02 1.708647422493e-02 2.229720540345e-02 2.302363142371e-02 2.094407752156e-02 1.573168113828e-02 1.197689771652e-02 9.427517652512e-03 1.216267514974e-02 1.328240893781e-02 1.453412044793e-02 1.539631746709e-02 1.353653147817e-02 1.969926431775e-02 2.075205743313e-02 1.272226870060e-02 1.592587865889e-02 2.316590584815e-02 1.952341571450e-02 1.448505651206e-02 1.875473000109e-02 8.885608054698e-03 8.389755152166e-03 1.112348400056e-02 1.023913547397e-02 7.034789770842e-03 5.824516061693e-03 5.530363414437e-03 5.103733390570e-03 4.485161043704e-03 3.754625562578e-03 3.868677886203e-03 6.352397613227e-03 5.175728350878e-03 2.980403834954e-03 2.751475665718e-03 2.240625908598e-03 2.569110831246e-03 2.405483974144e-03 2.225577132776e-03 1.899856841192e-03
1.351777650416e-02 8.675821125507e-03 1.095594651997e-02 1.736261881888e-02 2.323700487614e-02 2.348915673792e-02 2.237400040030e-02 1.665788330138e-02 1.219977345318e-02 9.331842884421e-03 1.247006561607e-02 1.365829538554e-02 1.520862057805e-02 1.602373272181e-02 1.482808869332e-02 2.140237204731e-02 2.292290888727e-02 1.273129694164e-02 1.744988374412e-02 2.271275036037e-02 1.793490909040e-02 1.369736529887e-02 1.742545887828e-02 7.699102628976e-03 9.265269152820e-03 1.010579708964e-02 7.673354819417e-03 6.248308811337e-03 5.948810372502e-03 5.441890563816e-03 4.739000461996e-03 3.896916517988e-03 3.306875471026e-03 4.162552766502e-03 7.471158634871e-03 4.801717121154e-03 2.836946863681e-03 3.280817763880e-03 2.377251861617e-03 2.634315984324e-03 2.586662070826e-03 2.202742965892e-03 1.866913400590e-03
1.402307674289e-02 1.053871680051e-02 1.302820257843e-02 1.763111352921e-02 2.436146512628e-02 2.473870292306e-02 2.397114969790e-02 1.732783578336e-02 1.213414315134e-02 9.050557389855e-03 1.264025736600e-02 1.400982961059e-02 1.582504436374e-02 1.657541096210e-02 1.716772094369e-02 2.288737893105e-02 2.645547129214e-02 1.272456534207e-02 1.853774115443e-02 2.115868963301e-02 1.528397388756e-02 1.293210498989e-02 1.626613922417e-02 8.398653939366e-03 8.765893056989e-03 7.455400656909e-03 6.642063148320e-03 6.303945090622e-03 5.848760716617e-03 4.904247354716e-03 3.953905310482e-03 3.914783708751e-03 4.922206047922e-03 5.830259993672e-03 8.040356449783e-03 4.246053751558e-03 2.740656258538e-03 3.859727410600e-03 2.862242050469e-03 2.879099920392e-03 2.520736074075e-03 2.210173988715e-03 1.937562250532e-03
