VariationalSeries/SI/f7.grd
DSAA
101	101
32.816463539100	34.260883539100
35.556306596100	36.727886596100
3.369606274646e-04	8.177639007568e+00
[rows 19 to 37 of 101, columns 43 to 85 of 101]
1.283764559776e-02 1.173588540405e-02 1.547081582248e-02 1.805959828198e-02 2.549022249877e-02 2.618833631277e-02 2.566981874406e-02 1.798316091299e-02 1.210123859346e-02 9.420049376786e-03 1.283614058048e-02 1.431729737669e-02 1.647176779807e-02 1.756644807756e-02 2.046951465309e-02 2.454335987568e-02 3.008753992617e-02 1.358914375305e-02 1.880451478064e-02 2.010701596737e-02 1.253997348249e-02 1.184747274965e-02 1.441352162510e-02 8.069285191596e-03 7.265443447977e-03 6.979553028941e-03 6.610588636249e-03 6.270123645663e-03 5.187501665205e-03 3.945745527744e-03 3.968616481870e-03 5.941479932517e-03 6.679252255708e-03 7.768996059895e-03 7.976425811648e-03 4.091921262443e-03 2.703646197915e-03 4.428767599165e-03 3.380247857422e-03 2.805095864460e-03 2.572843106464e-03 2.171913161874e-03 2.248743316159e-03
1.168684661388e-02 1.491869613528e-02 1.620199158788e-02 1.931762322783e-02 2.687742747366e-02 2.797070890665e-02 2.731202729046e-02 1.862422563136e-02 1.220729574561e-02 9.992064908147e-03 1.313152443618e-02 1.502470951527e-02 1.824604533613e-02 2.199782617390e-02 2.397010289133e-02 2.657680027187e-02 3.285723552108e-02 1.460282690823e-02 1.998623646796e-02 1.746112108231e-02 1.171010825783e-02 1.623709127307e-02 1.919128000736e-02 8.017029613256e-03 7.256499491632e-03 7.122918963432e-03 6.629499141127e-03 5.684087052941e-03 4.282306879759e-03 3.749442985281e-03 6.200691685081e-03 7.984000258148e-03 7.043231744319e-03 9.643985889852e-03 7.305180653930e-03 4.055274184793e-03 3.272422356531e-03 4.974401090294e-03 3.834607312456e-03 2.854545135051e-03 2.290586708114e-03 2.153090201318e-03 2.113757189363e-03
1.311661954969e-02 1.523934584111e-02 1.487546600401e-02 1.998606882989e-02 2.808733657002e-02 2.957427129149e-02 2.887773513794e-02 1.908776722848e-02 1.220160815865e-02 1.103948801756e-02 1.282725669444e-02 1.575593091547e-02 1.831963285804e-02 2.517125010490e-02 2.754049748182e-02 2.784750238061e-02 3.449759259820e-02 1.693310774863e-02 2.002461999655e-02 1.538593601435e-02 1.382239349186e-02 2.032187953591e-02 2.109781093895e-02 8.023850619793e-03 7.209357339889e-03 8.894391357899e-03 6.415542215109e-03 4.977575968951e-03 3.995552659035e-03 6.409328430891e-03 8.799797855318e-03 8.376009762287e-03 5.570415407419e-03 1.104793976992e-02 6.908406503499e-03 4.095179494470e-03 3.617121605203e-03 5.506459157914e-03 4.274314269423e-03 2.663717139512e-03 2.203289186582e-03 2.121101832017e-03 1.991900848225e-03
1.452654320747e-02 1.378254313022e-02 1.440869830549e-02 2.042472735047e-02 3.000477515161e-02 3.153973817825e-02 3.068407438695e-02 1.943856105208e-02 1.236934307963e-02 1.217582728714e-02 1.582833752036e-02 1.653275638819e-02 1.755785755813e-02 2.673847042024e-02 3.063129447401e-02 2.805227600038e-02 3.497758507729e-02 1.891250535846e-02 1.815952546895e-02 1.418184954673e-02 1.917921565473e-02 2.037566900253e-02 1.847518980503e-02 8.325402624905e-03 8.106426335871e-03 9.269289672375e-03 5.825662054121e-03 4.178779665381e-03 6.974733434618e-03 9.641804732382e-03 9.288161061704e-03 6.330618634820e-03 6.163434125483e-03 1.158814970404e-02 6.829407066107e-03 4.317246843129e-03 3.835934447125e-03 6.038730964065e-03 4.725177772343e-03 2.645106054842e-03 2.378551755100e-03 2.070786198601e-03 1.943155657500e-03
1.545241475105e-02 1.562064699829e-02 1.527109835297e-02 2.097764052451e-02 3.214173391461e-02 3.368500992656e-02 3.265517577529e-02 1.952970586717e-02 1.408849284053e-02 1.315483916551e-02 1.906181126833e-02 1.728487201035e-02 2.174870669842e-02 2.937401272357e-02 3.300765901804e-02 2.683050371706e-02 3.389943763614e-02 2.025420777500e-02 1.754945516586e-02 1.964937523007e-02 2.432015165687e-02 1.690271869302e-02 1.385906245559e-02 8.862452581525e-03 8.914519101381e-03 8.444892242551e-03 5.337976384908e-03 7.681073620915e-03 1.078525558114e-02 1.028761826456e-02 7.306213490665e-03 4.648671485484e-03 8.998190052807e-03 1.102865394205e-02 6.909066811204e-03 4.765319637954e-03 4.252051468939e-03 6.548510864377e-03 5.087568890303e-03 2.622440923005e-03 2.311034593731e-03 1.932924031280e-03 2.220883499831e-03
1.529256440699e-02 1.783146709204e-02 1.667684130371e-02 2.144742012024e-02 3.431421518326e-02 3.641311824322e-02 3.457389026880e-02 1.969175413251e-02 1.612879894674e-02 1.516924612224e-02 2.252968028188e-02 1.798604428768e-02 2.645645476878e-02 3.364144265652e-02 3.393324092031e-02 2.442964725196e-02 3.147257491946e-02 2.084014378488e-02 1.722807064652e-02 2.645796723664e-02 2.893638052046e-02 1.666942425072e-02 1.043927762657e-02 9.983654133976e-03 8.552932180464e-03 7.325298152864e-03 8.617111481726e-03 1.201261952519e-02 1.121890265495e-02 9.166707284749e-03 6.605004891753e-03 4.583086818457e-03 1.199923548847e-02 1.092690601945e-02 7.368736434728e-03 5.064287222922e-03 5.595947150141e-03 7.074638269842e-03 5.358475260437e-03 2.812448190525e-03 2.034381031990e-03 2.345142187551e-03 2.831702819094e-03
2.084438130260e-02 1.957936398685e-02 1.825981028378e-02 2.159545943141e-02 3.642579540610e-02 3.993035107851e-02 3.691311925650e-02 2.034824341536e-02 1.600312441587e-02 1.790864765644e-02 2.563930302858e-02 2.241574972868e-02 3.240270540118e-02 3.761484101415e-02 3.327416628599e-02 2.530341409147e-02 2.792487479746e-02 2.068969234824e-02 1.925479993224e-02 3.476638346910e-02 3.263443335891e-02 1.816273294389e-02 1.128821820021e-02 9.857186116278e-03 9.150550700724e-03 9.323994629085e-03 1.352760475129e-02 1.242367457598e-02 1.086238678545e-02 8.584010414779e-03 8.724784478545e-03 5.501120816916e-03 1.406575553119e-02 1.149946916848e-02 7.553731091321e-03 4.657275509089e-03 6.715859286487e-03 7.662908639759e-03 5.574696697295e-03 3.186912043020e-03 2.459236187860e-03 3.101815935224e-03 3.455168101937e-03
2.679719589651e-02 2.040399238467e-02 2.045657485723e-02 2.191216126084e-02 3.829342126846e-02 4.414025694132e-02 3.998610377312e-02 2.179066091776e-02 1.737146079540e-02 1.967818848789e-02 2.777027152479e-02 2.912041172385e-02 3.931539133191e-02 3.925899788737e-02 3.033599443734e-02 2.525802887976e-02 2.436663582921e-02 2.253153547645e-02 1.849655434489e-02 4.390165209770e-02 3.450356051326e-02 1.680754683912e-02 1.094531081617e-02 1.075451076031e-02 1.016756333411e-02 1.487231347710e-02 1.406806427985e-02 1.294756401330e-02 1.105743460357e-02 1.238646265119e-02 1.103485468775e-02 9.775557555258e-03 1.385950855911e-02 1.178168319166e-02 6.651573348790e-03 3.628106089309e-03 7.284175138921e-03 8.367005735636e-03 5.725563969463e-03 3.257829230279e-03 3.398995148018e-03 3.913804423064e-03 4.086918197572e-03
3.070553019643e-02 1.989733614028e-02 2.328016236424e-02 2.315201237798e-02 4.114167392254e-02 4.824106395245e-02 4.325028881431e-02 2.351926267147e-02 1.836848631501e-02 2.139913104475e-02 2.982169762254e-02 3.696206212044e-02 4.419756680727e-02 3.792434558272e-02 2.635082975030e-02 2.851817570627e-02 2.555276826024e-02 2.103684842587e-02 1.559041347355e-02 5.229305475950e-02 3.395476564765e-02 1.684470474720e-02 9.708622470498e-03 9.755184873939e-03 1.601341925561e-02 1.604456454515e-02 1.552126556635e-02 1.292069815099e-02 1.376826595515e-02 1.122079510242e-02 1.010426878929e-02 1.330897957087e-02 1.487760990858e-02 1.087273471057e-02 5.786485504359e-03 3.933348692954e-03 7.092270534486e-03 9.150725789368e-03 5.658023525029e-03 3.827276872471e-03 4.421863704920e-03 4.726757295430e-03 4.615832120180e-03
4.167056828737e-02 2.074919827282e-02 2.551885880530e-02 2.380715124309e-02 4.387043789029e-02 5.166477337480e-02 4.714465513825e-02 2.536744251847e-02 2.090721763670e-02 2.764503657818e-02 3.202243894339e-02 4.522296413779e-02 4.631636291742e-02 3.489474952221e-02 3.217536583543e-02 2.892388962209e-02 2.703702449799e-02 1.957964338362e-02 2.282470278442e-02 5.759435892105e-02 3.108010254800e-02 1.717237383127e-02 1.126774586737e-02 1.677251979709e-02 1.825976930559e-02 1.838254183531e-02 1.528948079795e-02 1.487882807851e-02 1.288277376443e-02 8.761479519308e-03 1.126517634839e-02 1.503610517830e-02 1.362218521535e-02 9.032783098519e-03 7.492470089346e-03 6.819485686719e-03 6.430503912270e-03 9.778570383787e-03 5.306004546583e-03 4.878601524979e-03 5.425530020148e-03 5.451727658510e-03 4.970221780241e-03
4.731247574091e-02 2.968635782599e-02 2.726916596293e-02 2.566342428327e-02 4.544951021671e-02 5.478826910257e-02 5.095592141151e-02 2.738089673221e-02 2.583101578057e-02 3.409570083022e-02 4.160882160068e-02 5.297908559442e-02 4.582881554961e-02 3.213322535157e-02 3.230009227991e-02 2.669684961438e-02 3.831139951944e-02 1.976943574846e-02 3.333757445216e-02 5.718547478318e-02 2.736149542034e-02 1.623126678169e-02 1.712813414633e-02 1.999328844249e-02 2.104866132140e-02 1.793095469475e-02 1.490492094308e-02 1.366338320076e-02 1.156134810299e-02 1.169501524419e-02 1.427032239735e-02 1.361758075655e-02 1.156821940094e-02 7.832444272935e-03 6.445426028222e-03 6.431892979890e-03 8.671488612890e-03 1.005702372640e-02 6.117982789874e-03 5.904392339289e-03 6.160506512970e-03 5.816217511892e-03 5.093974526972e-03
4.872063547373e-02 3.247641772032e-02 2.696897648275e-02 2.874985896051e-02 4.664585739374e-02 6.033071875572e-02 5.475776270032e-02 2.950682863593e-02 3.060045838356e-02 3.845646604896e-02 5.251090601087e-02 5.760703980923e-02 4.273571074009e-02 3.487170487642e-02 2.907309867442e-02 3.689549118280e-02 4.747001826763e-02 2.529438771307e-02 4.301443323493e-02 4.987859353423e-02 2.335610985756e-02 1.760883815587e-02 2.167843654752e-02 2.206177823246e-02 2.045632898808e-02 1.489301864058e-02 1.312908716500e-02 1.316303759813e-02 1.248727366328e-02 1.425412483513e-02 1.287693716586e-02 1.018971484154e-02 1.056860107929e-02 6.338680163026e-03 6.353491917253e-03 6.689148489386e-03 1.060550194234e-02 9.408310055733e-03 6.434159819037e-03 6.495759356767e-03 6.341146770865e-03 5.657657980919e-03 4.825804382563e-03
4.824024811387e-02 2.817923016846e-02 2.995491027832e-02 3.309831768274e-02 4.678262025118e-02 6.611185520887e-02 6.060890853405e-02 3.216523677111e-02 3.339281305671e-02 4.419833421707e-02 6.117151305079e-02 5.833084508777e-02 3.750754147768e-02 3.060321509838e-02 2.596745826304e-02 2.629004791379e-02 3.471992909908e-02 2.717538177967e-02 4.444554448128e-02 3.757147863507e-02 1.960588991642e-02 2.337979525328e-02 2.275741472840e-02 2.245561592281e-02 1.477841567248e-02 1.293043792248e-02 1.338731963187e-02 1.349413767457e-02 1.396937109530e-02 1.441055256873e-02 1.083860266954e-02 8.347816765308e-03 1.128314714879e-02 8.134226314723e-03 7.708300370723e-03 7.569434121251e-03 1.215013675392e-02 7.823795080185e-03 6.468954496086e-03 6.411126349121e-03 5.992062389851e-03 5.175247322768e-03 4.336537793279e-03
5.805207043886e-02 3.453091531992e-02 3.572480753064e-02 3.587115928531e-02 4.496609047055e-02 7.019591331482e-02 7.001619040966e-02 3.697228059173e-02 3.780703246593e-02 4.944813251495e-02 6.684262305498e-02 5.571627244353e-02 3.828097507358e-02 3.568021208048e-02 2.660118229687e-02 2.682545967400e-02 2.225578948855e-02 3.296922519803e-02 3.446803241968e-02 2.673006989062e-02 2.556342445314e-02 2.325298264623e-02 2.417134493589e-02 1.633599586785e-02 1.386465504766e-02 1.736483350396e-02 1.382203586400e-02 1.670201309025e-02 1.690057292581e-02 1.423528417945e-02 1.029276289046e-02 9.664649143815e-03 1.019953284413e-02 8.573357015848e-03 8.126262575388e-03 1.200044807047e-02 1.149495691061e-02 6.486918311566e-03 6.140536163002e-03 5.872419103980e-03 5.379698239267e-03 5.001416895539e-03 5.009583197534e-03
6.538950651884e-02 6.802581995726e-02 3.793935105205e-02 3.625278547406e-02 4.229130968451e-02 7.282461971045e-02 7.980855554342e-02 4.321710020304e-02 4.621892794967e-02 5.537465959787e-02 6.960596144199e-02 4.812830686569e-02 3.661134094000e-02 3.649072349072e-02 3.463990241289e-02 2.198194339871e-02 2.744529023767e-02 3.031546436250e-02 2.873936854303e-02 2.819180488586e-02 2.445428259671e-02 2.566195093095e-02 1.639336161315e-02 1.415166538209e-02 2.081376686692e-02 1.668726466596e-02 1.552329771221e-02 1.908092573285e-02 1.984163187444e-02 1.637526787817e-02 1.208196673542e-02 1.055595837533e-02 8.651742711663e-03 7.490239571780e-03 1.124615315348e-02 1.266939844936e-02 9.019097313285e-03 6.570846308023e-03 6.591128185391e-03 6.528971716762e-03 6.458826363087e-03 6.447694264352e-03 6.405527703464e-03
5.205909162760e-02 9.424699842930e-02 6.876226514578e-02 3.546773642302e-02 3.915397822857e-02 7.498820871115e-02 8.713541179895e-02 4.872439056635e-02 5.145621672273e-02 6.071578711271e-02 6.772596389055e-02 4.592064395547e-02 4.426337406039e-02 3.230022639036e-02 3.888826072216e-02 3.313460946083e-02 5.020311847329e-02 3.127175942063e-02 3.222927451134e-02 2.740379236639e-02 2.737172693014e-02 1.774231530726e-02 1.696916483343e-02 2.314874902368e-02 2.040156535804e-02 1.687495782971e-02 1.664338074625e-02 1.710657589138e-02 1.772066578269e-02 1.818594709039e-02 1.445721834898e-02 1.075474079698e-02 8.296649903059e-03 1.228115987033e-02 1.310493890196e-02 9.600989520550e-03 8.120504207909e-03 8.085144683719e-03 7.978512905538e-03 7.742098998278e-03 7.555783260614e-03 7.363905198872e-03 7.141185924411e-03
8.223597705364e-02 5.431073158979e-02 1.129194051027e-01 5.248450860381e-02 4.429991915822e-02 7.791475206614e-02 9.162300080061e-02 5.376665666699e-02 6.648917496204e-02 6.383841484785e-02 5.633268877864e-02 4.846816509962e-02 4.402911663055e-02 4.665440693498e-02 3.146551549435e-02 2.761851064861e-02 7.113806903362e-02 4.056663811207e-02 3.053342737257e-02 3.869723901153e-02 2.292972430587e-02 1.985574886203e-02 2.518058568239e-02 2.312334626913e-02 1.983759179711e-02 1.900731585920e-02 1.916751451790e-02 1.602865383029e-02 1.944319531322e-02 2.079598791897e-02 1.718294806778e-02 1.114361640066e-02 1.394662819803e-02 1.270837988704e-02 9.990109130740e-03 9.632800705731e-03 9.391869418323e-03 9.002224542201e-03 8.595900610089e-03 8.126571774483e-03 7.688439916819e-03 7.307842373848e-03 6.910047493875e-03
1.090873628855e-01 1.320439577103e-01 7.149118185043e-02 1.140753626823e-01 4.994456470013e-02 8.440708369017e-02 9.309493005276e-02 7.153102010489e-02 9.014174342155e-02 6.391771137714e-02 6.758327782154e-02 5.685345828533e-02 4.522457718849e-02 5.153449997306e-02 3.959695249796e-02 3.509382158518e-02 8.080777525902e-02 4.280052706599e-02 4.685493558645e-02 3.206296265125e-02 2.737397700548e-02 2.948267571628e-02 2.657055854797e-02 2.382792904973e-02 2.071288973093e-02 1.946532540023e-02 2.286509424448e-02 1.812892220914e-02 2.323613874614e-02 2.317581884563e-02 1.853304728866e-02 1.449489127845e-02 1.196523383260e-02 1.127365976572e-02 1.064084842801e-02 1.006436161697e-02 9.419756010175e-03 8.722867816687e-03 8.076637983322e-03 7.375360000879e-03 6.803946569562e-03 6.380736362189e-03 6.135784089565e-03
1.276871711016e-01 1.388951241970e-01 1.423813551664e-01 9.933584183455e-02 9.024074673653e-02 8.732647448778e-02 9.387566894293e-02 8.264823257923e-02 7.439997047186e-02 7.819856703281e-02 8.183345943689e-02 5.775268375874e-02 6.452951580286e-02 4.415367171168e-02 5.020180344582e-02 4.878149926662e-02 6.098335981369e-02 4.548440128565e-02 4.345783218741e-02 3.435488417745e-02 3.583190217614e-02 3.766571357846e-02 3.736126422882e-02 3.046403080225e-02 2.339941821992e-02 2.148977480829e-02 2.018689177930e-02 2.381715923548e-02 2.517822384834e-02 2.098993584514e-02 1.471291761845e-02 1.281881239265e-02 1.172743458301e-02 1.071286108345e-02 1.044917572290e-02 1.110293902457e-02 1.124850381166e-02 1.083952561021e-02 9.957453235984e-03 8.830999024212e-03 9.092812426388e-03 9.098548442125e-03 8.734301663935e-03
