VariationalSeries/SI/f7.grd
DSAA
101	101
32.816463539100	34.260883539100
35.556306596100	36.727886596100
3.369606274646e-04	8.177639007568e+00
[rows 57 to 75 of 101, columns 43 to 85 of 101]
9.072165191174e-02 1.043476536870e-01 7.169348001480e-02 5.778956785798e-02 5.719507858157e-02 8.692879974842e-02 8.994805812836e-02 1.148069947958e-01 8.512823283672e-02 6.855632364750e-02 5.688518285751e-02 4.537413269281e-02 3.680389001966e-02 4.474530741572e-02 1.012427732348e-01 3.488227128983e-01 9.719744920731e-01 1.029307723045e+00 1.345547914505e+00 4.446111917496e-01 1.502219736576e-01 1.309250891209e-01 2.664053738117e-01 4.025628566742e-01 1.595254838467e-01 6.087206304073e-02 6.886623799801e-02 5.020385235548e-02 5.121659114957e-02 5.736728757620e-02 6.163153797388e-02 7.790782302618e-02 6.732042133808e-02 5.476684495807e-02 3.398593142629e-02 2.334391139448e-02 2.714864723384e-02 3.683354705572e-02 4.489620774984e-02 3.348825126886e-02 1.844283379614e-02 1.999234035611e-02 2.150282450020e-02
1.128425970674e-01 1.096849590540e-01 6.420011073351e-02 3.769510984421e-02 3.888821601868e-02 6.713095307350e-02 9.715287387371e-02 1.679509133101e-01 1.345856189728e-01 7.899679988623e-02 5.243045836687e-02 3.828920051455e-02 2.513884380460e-02 3.057936951518e-02 2.689552307129e-02 2.544078230858e-01 3.662699759007e-01 3.968312442303e-01 2.868539094925e-01 3.104803860188e-01 2.255862653255e-01 1.694644540548e-01 1.299070566893e-01 1.202905848622e-01 2.365885972977e-01 2.639501392841e-01 7.095070928335e-02 7.088072597980e-02 7.967877388000e-02 4.418409243226e-02 5.138368904591e-02 4.750177636743e-02 4.060602560639e-02 3.131517395377e-02 3.120820596814e-02 2.407345548272e-02 2.446427382529e-02 2.750146761537e-02 2.482379786670e-02 2.263549715281e-02 2.285887859762e-02 2.535127662122e-02 2.487044781446e-02
1.062093526125e-01 1.096407771111e-01 6.435596942902e-02 3.781760111451e-02 5.051418766379e-02 8.094280958176e-02 1.274132877588e-01 1.989489197731e-01 3.097388446331e-01 9.576148539782e-02 4.995555803180e-02 3.066233918071e-02 2.108806557953e-02 2.963901124895e-02 3.817691653967e-02 2.191600762308e-02 3.962572664022e-02 5.381422117352e-02 4.225318506360e-02 5.351051315665e-02 5.606238916516e-02 5.791891738772e-02 4.449145123363e-02 5.679349973798e-02 1.000091880560e-01 4.486335515976e-01 2.084512412548e-01 9.008400142193e-02 9.150933474302e-02 8.857177942991e-02 5.610863119364e-02 4.813067242503e-02 3.903395682573e-02 3.310282155871e-02 4.293068125844e-02 3.803198039532e-02 3.265371918678e-02 2.096465788782e-02 2.157307788730e-02 1.708243414760e-02 1.783059909940e-02 1.581756956875e-02 1.402217429131e-02
8.361829072237e-02 8.694358170033e-02 5.129433795810e-02 4.747512564063e-02 9.559945762157e-02 1.147879064083e-01 2.269599139690e-01 3.035672903061e-01 4.104134440422e-01 7.334449142218e-02 4.260081052780e-02 2.901675924659e-02 1.718543097377e-02 1.760220900178e-02 3.910904005170e-02 4.758937656879e-02 1.766408048570e-02 3.672735765576e-02 4.883623123169e-02 3.904588893056e-02 3.549353405833e-02 5.388443917036e-02 3.743578493595e-02 4.635806754231e-02 8.453551679850e-02 1.743114739656e-01 9.271561503410e-01 7.540906965733e-02 8.374433219433e-02 9.128805994987e-02 7.150456309319e-02 4.820947721601e-02 3.815321996808e-02 4.543482512236e-02 2.986400760710e-02 2.598370984197e-02 2.129573747516e-02 1.738223806024e-02 1.631155423820e-02 1.644686236978e-02 1.459968835115e-02 2.046098001301e-02 2.886921353638e-02
6.189703941345e-02 5.696047097445e-02 4.333848506212e-02 4.378065839410e-02 5.711885541677e-02 8.273227512836e-02 1.493619978428e-01 4.618028402328e-01 1.917530745268e-01 4.433232173324e-02 3.088551945984e-02 2.433311566710e-02 1.520518492907e-02 1.628987304866e-02 1.961492188275e-02 4.787344485521e-02 5.024763569236e-02 2.001445367932e-02 3.541773930192e-02 4.644613340497e-02 3.733162581921e-02 3.643214330077e-02 2.695710957050e-02 3.718386590481e-02 6.991820037365e-02 1.651219427586e-01 4.083161354065e-01 6.561372429132e-02 7.256963104010e-02 5.424042418599e-02 4.733933880925e-02 5.381970480084e-02 3.810671344399e-02 5.766990408301e-02 2.905078418553e-02 3.855085372925e-02 3.319077193737e-02 5.171427503228e-02 3.832782432437e-02 2.242550440133e-02 1.931194402277e-02 2.211941778660e-02 2.070680446923e-02
4.735367000103e-02 3.381162881851e-02 3.900144621730e-02 4.718390479684e-02 1.117591783404e-01 2.516691088676e-01 3.775705993176e-01 2.234182506800e-01 2.401625551283e-02 2.868160046637e-02 2.269385382533e-02 1.957523822784e-02 1.469846349210e-02 2.240053750575e-02 2.269682660699e-02 1.971808262169e-02 5.203978717327e-02 4.384189099073e-02 2.893939241767e-02 4.470505192876e-02 4.076876118779e-02 3.147563710809e-02 2.731101773679e-02 3.730110824108e-02 7.278534770012e-02 1.589593738317e-01 1.995487064123e-01 2.263609915972e-01 1.217051669955e-01 5.095566809177e-02 5.358816683292e-02 3.044919297099e-02 4.449706897140e-02 3.617590293288e-02 3.710583597422e-02 4.190415516496e-02 7.631950825453e-02 2.622426152229e-01 2.823577821255e-02 2.095219679177e-02 2.111818082631e-02 2.029701881111e-02 1.946158334613e-02
3.610729426146e-02 2.407587878406e-02 3.138545155525e-02 4.253007844090e-02 5.973073467612e-02 2.914281487465e-01 2.015009075403e-01 4.229354485869e-02 2.745032869279e-02 2.242784388363e-02 1.747585460544e-02 1.610604301095e-02 1.952791027725e-02 2.622865699232e-02 2.143046818674e-02 1.647245325148e-02 2.565416879952e-02 5.680368095636e-02 3.265260159969e-02 4.330016672611e-02 3.233864530921e-02 3.434455394745e-02 3.084519505501e-02 3.520535305142e-02 9.041318297386e-02 1.673956662416e-01 1.213120818138e-01 1.504781246185e-01 1.582845896482e-01 6.616485863924e-02 8.695150166750e-02 5.350990965962e-02 2.725685760379e-02 3.972056135535e-02 2.883782237768e-02 2.663419395685e-02 5.086639896035e-02 2.577077783644e-02 2.232241444290e-02 1.545397844166e-02 1.552432775497e-02 1.691445335746e-02 1.863765157759e-02
2.930164709687e-02 2.004540339112e-02 2.481638267636e-02 3.293624892831e-02 4.005577415228e-02 4.913047328591e-02 4.104862734675e-02 2.585017122328e-02 2.898280322552e-02 2.446890994906e-02 2.469377778471e-02 2.386072836816e-02 2.287697419524e-02 2.384627610445e-02 1.760584674776e-02 2.103933319449e-02 2.985814586282e-02 3.366383537650e-02 5.658772587776e-02 3.233201429248e-02 4.477722942829e-02 3.142978996038e-02 3.169501200318e-02 3.003060631454e-02 6.505963206291e-02 4.951231554151e-02 4.357225075364e-02 6.647183746099e-02 1.562047004700e-01 2.645884454250e-01 5.284675583243e-02 4.244083911180e-02 4.779519513249e-02 1.186968833208e-01 2.847244590521e-02 2.374400757253e-02 6.755769252777e-02 9.042961895466e-02 1.399524956942e-01 7.160388678312e-02 2.111879177392e-02 1.107368543744e-01 1.531774997711e-01
1.871576160192e-02 1.589625701308e-02 2.009225636721e-02 2.485687099397e-02 2.823568508029e-02 2.651451341808e-02 2.330369874835e-02 2.899786084890e-02 3.378707170486e-02 3.360662236810e-02 3.200646117330e-02 2.765832655132e-02 2.392514981329e-02 1.839149743319e-02 1.863801851869e-02 2.178844250739e-02 2.951137162745e-02 2.950833924115e-02 4.590402171016e-02 4.248582944274e-02 4.937183484435e-02 2.445820532739e-02 2.921787463129e-02 2.982469089329e-02 2.735912986100e-02 2.933410741389e-02 3.781441599131e-02 5.839517340064e-02 9.459118545055e-02 1.599531769753e-01 2.055186480284e-01 4.754307121038e-02 4.351691156626e-02 1.574049293995e-01 4.265300184488e-02 1.983669959009e-02 7.863613963127e-02 1.538910716772e-01 1.666548848152e-01 1.564388871193e-01 1.549451947212e-01 1.715256869793e-01 2.040705680847e-01
1.358873583376e-02 9.970154613256e-03 1.362666208297e-02 1.648139394820e-02 1.809048652649e-02 1.961836218834e-02 3.050928749144e-02 4.230488464236e-02 4.702004045248e-02 4.345430433750e-02 3.563377633691e-02 2.693998441100e-02 2.141704782844e-02 1.492532808334e-02 2.050068415701e-02 1.947834342718e-02 2.464450523257e-02 2.191731892526e-02 3.140301629901e-02 4.859173297882e-02 4.453720152378e-02 3.444620221853e-02 2.494017407298e-02 2.749945968390e-02 2.748693339527e-02 4.316319897771e-02 5.807663127780e-02 7.035789638758e-02 9.502099454403e-02 1.135639920831e-01 1.810203194618e-01 3.401353582740e-02 2.958995662630e-02 2.175559103489e-01 3.443711996078e-02 2.661333978176e-02 2.430121041834e-02 2.026698179543e-02 2.274322882295e-02 1.197452656925e-02 6.690102070570e-02 1.607879437506e-02 1.580696552992e-02
1.178293302655e-02 8.857365697622e-03 9.828867390752e-03 1.199741847813e-02 1.452757976949e-02 2.103169634938e-02 4.489912465215e-02 4.474881291389e-02 4.571311548352e-02 3.819876909256e-02 2.718868292868e-02 2.399268373847e-02 1.548903714865e-02 1.092241425067e-02 2.111594937742e-02 1.793737523258e-02 2.112079411745e-02 2.186810784042e-02 2.550176158547e-02 2.894916944206e-02 4.387066885829e-02 3.913873061538e-02 2.336351014674e-02 2.547353133559e-02 2.763108536601e-02 4.012794420123e-02 7.742974162102e-02 9.883380681276e-02 1.361705213785e-01 9.359893947840e-02 1.886491328478e-01 7.901205122471e-02 1.099258437753e-01 1.823598593473e-01 3.705283999443e-02 2.712643146515e-02 2.464551478624e-02 2.553061954677e-02 2.047139033675e-02 1.695131510496e-02 4.042263701558e-02 2.127599343657e-02 2.207244187593e-02
8.628634735942e-03 8.250026963651e-03 8.274274878204e-03 9.744436480105e-03 1.249005179852e-02 4.722376167774e-02 5.408164858818e-02 3.149234503508e-02 3.179369494319e-02 2.562079019845e-02 2.517213113606e-02 1.821871660650e-02 1.168698351830e-02 1.163491792977e-02 1.811597868800e-02 1.898621954024e-02 1.828913204372e-02 1.947983540595e-02 2.034381590784e-02 2.959951944649e-02 2.476493082941e-02 3.864749148488e-02 2.946045249701e-02 2.502686530352e-02 2.845432609320e-02 3.030092455447e-02 5.510440468788e-02 6.375335901976e-02 8.724742382765e-02 6.953852623701e-02 1.007754132152e-01 9.830319881439e-02 1.136852428317e-01 1.274571716785e-01 2.156433463097e-01 1.799638383090e-02 1.989796012640e-02 2.484119869769e-02 2.095527574420e-02 2.025575749576e-02 1.783739775419e-02 1.919258758426e-02 2.752351574600e-02
7.250096648932e-03 7.638954557478e-03 7.265975233167e-03 9.323978796601e-03 4.466690868139e-02 6.287498027086e-02 2.518869750202e-02 1.532074809074e-02 2.181264199317e-02 2.489461749792e-02 1.990187913179e-02 1.143195852637e-02 1.102220639586e-02 1.356466766447e-02 1.527699083090e-02 1.883980445564e-02 1.254959776998e-02 9.615861810744e-03 1.050735637546e-02 2.653855271637e-02 2.361319772899e-02 3.354840353131e-02 3.416362032294e-02 2.529406920075e-02 2.927404083312e-02 3.164833411574e-02 4.583027586341e-02 4.555223509669e-02 5.881023406982e-02 7.335727661848e-02 9.233165532351e-02 1.174666658044e-01 1.097379773855e-01 7.294114679098e-02 1.170091554523e-01 5.293564870954e-02 2.130285650492e-02 2.823073044419e-02 1.225293893367e-02 1.354924309999e-02 1.176192704588e-02 1.936563849449e-02 1.794151961803e-02
6.553316488862e-03 6.826694589108e-03 7.374559529126e-03 3.625147044659e-02 6.531764566898e-02 3.295600041747e-02 1.963879540563e-02 1.838089339435e-02 2.189906686544e-02 1.874454319477e-02 1.533898990601e-02 1.456371881068e-02 1.271884050220e-02 1.617924682796e-02 2.837594412267e-02 3.028196282685e-02 2.213587798178e-02 2.083691395819e-02 1.969018764794e-02 1.962688378990e-02 2.362227812409e-02 2.243387512863e-02 3.545218333602e-02 2.970134466887e-02 3.132184222341e-02 3.635597601533e-02 6.967258453369e-02 7.159138470888e-02 5.533182621002e-02 1.115413084626e-01 1.307691931725e-01 9.058147668839e-02 8.549382537603e-02 8.203680813313e-02 4.899617284536e-02 2.781257778406e-02 3.815817832947e-02 1.499420963228e-02 1.563304290175e-02 7.960001938045e-03 6.198032759130e-03 7.942603901029e-03 1.447120960802e-02
5.848112981766e-03 6.594261620194e-03 3.060956485569e-02 6.061513721943e-02 4.280169680715e-02 2.266963385046e-02 2.568172104657e-02 1.971334218979e-02 1.972918957472e-02 1.562290359288e-02 1.903522387147e-02 1.796150952578e-02 1.854218915105e-02 2.205010317266e-02 2.234451286495e-02 5.527362972498e-02 5.683264136314e-02 6.486458331347e-02 6.150577589869e-02 6.529189646244e-02 2.715492062271e-02 2.402617782354e-02 3.342364728451e-02 3.641245141625e-02 3.634537011385e-02 6.320241838694e-02 1.310805380344e-01 1.352767944336e-01 7.635654509068e-02 9.890278428793e-02 5.623592436314e-02 5.858038365841e-02 5.663357675076e-02 7.418766617775e-02 3.902965039015e-02 2.506029419601e-02 2.194873802364e-02 1.112786587328e-02 3.345352038741e-02 1.412175502628e-02 7.611545268446e-03 6.559231318533e-03 5.520419217646e-03
6.094174925238e-03 2.614178694785e-02 5.808508768678e-02 4.953805357218e-02 1.479126233608e-02 1.917895302176e-02 2.384344115853e-02 1.754019595683e-02 2.095840126276e-02 1.750253699720e-02 1.679142564535e-02 1.688313670456e-02 2.679521776736e-02 2.923685126007e-02 4.266203194857e-02 2.049066275358e-01 1.282742768526e-01 7.915112376213e-02 1.276064515114e-01 1.487198174000e-01 1.115127205849e-01 3.954540565610e-02 3.938578814268e-02 6.104815378785e-02 4.294256493449e-02 9.378085285425e-02 1.101890653372e-01 1.165670081973e-01 7.084922492504e-02 6.764601916075e-02 6.233014538884e-02 5.144969746470e-02 5.030836537480e-02 5.128144472837e-02 7.992325723171e-02 1.314205229282e-01 1.327188909054e-01 5.182560533285e-02 2.375737391412e-02 9.950405918062e-03 6.648120004684e-03 7.629408966750e-03 1.437109429389e-02
2.437159232795e-02 5.830415338278e-02 5.337854102254e-02 1.686300151050e-02 1.344007067382e-02 1.952410303056e-02 2.030601166189e-02 1.495489012450e-02 1.981573551893e-02 1.446578279138e-02 1.465498469770e-02 1.871829293668e-02 2.596613764763e-02 7.420441508293e-02 5.270972847939e-01 6.785570383072e-01 3.238640427589e-01 1.480816751719e-01 2.404298931360e-01 1.649076491594e-01 9.771953523159e-02 4.897588491440e-02 9.416996687651e-02 6.118857488036e-02 1.261758506298e-01 7.492817193270e-02 9.464394301176e-02 8.899380266666e-02 8.073718845844e-02 6.741665303707e-02 4.656641185284e-02 5.593594536185e-02 4.139554873109e-02 4.593682289124e-02 5.173598974943e-02 5.424020066857e-02 5.799321830273e-02 1.626821793616e-02 1.321047171950e-02 1.319067832083e-02 5.502867512405e-03 5.275318399072e-03 5.458806175739e-03
5.820550397038e-02 6.557985395193e-02 2.434513345361e-02 1.067281980067e-02 1.568624004722e-02 1.984226331115e-02 1.880352571607e-02 1.497655268759e-02 2.233425527811e-02 1.816458441317e-02 1.037313695997e-02 1.330399792641e-02 2.045222185552e-02 1.119153797626e-01 5.865436792374e-01 3.722520470619e-01 9.049494564533e-02 6.096520274878e-02 2.545071393251e-02 2.529156021774e-02 1.139260157943e-01 2.937326394022e-02 2.285464480519e-02 3.012585267425e-02 1.704094111919e-01 9.748644381762e-02 4.400810226798e-02 5.158464983106e-02 4.924738407135e-02 3.889789804816e-02 4.139937460423e-02 3.829837217927e-02 4.257429391146e-02 4.015044495463e-02 4.420173913240e-02 4.958400502801e-02 2.861515060067e-02 9.895198978484e-03 8.386821486056e-03 9.902135469019e-03 1.316775009036e-02 6.070433184505e-03 1.494994107634e-02
7.079565525055e-02 3.482761979103e-02 1.334648393095e-02 1.517836097628e-02 1.495634112507e-02 1.586811430752e-02 5.311484634876e-02 1.884191296995e-02 6.141755729914e-02 4.326387867332e-02 2.807777747512e-02 6.789805740118e-02 1.041518226266e-01 3.389908671379e-01 1.957065016031e-01 4.804933443666e-02 6.662491708994e-02 8.396694064140e-02 2.393034286797e-02 6.369706988335e-02 5.911531671882e-02 3.854824602604e-02 2.368669956923e-02 8.465231209993e-02 6.546707451344e-02 6.125561147928e-02 3.930813819170e-02 4.662296175957e-02 3.447329252958e-02 2.034273557365e-02 2.142431028187e-02 2.591293863952e-02 3.099883720279e-02 3.845378756523e-02 3.815738111734e-02 4.122004285455e-02 4.560491070151e-02 2.939847297966e-02 1.030176226050e-02 1.140091847628e-02 1.228356827050e-02 1.391800772399e-02 1.847572065890e-02
