VariationalSeries/SI/f7.grd
DSAA
101	101
32.816463539100	34.260883539100
35.556306596100	36.727886596100
3.369606274646e-04	8.177639007568e+00
[rows 38 to 56 of 101, columns 0 to 42 of 101]
9.280610829592e-03 1.761587150395e-02 2.129406854510e-02 2.380444109440e-02 2.627790905535e-02 2.835129946470e-02 2.970348298550e-02 3.000408969820e-02 2.905425429344e-02 2.660092525184e-02 2.556869201362e-02 2.722361125052e-02 2.793174050748e-02 3.368627279997e-02 4.163296893239e-02 5.305476486683e-02 6.987565755844e-02 8.225480467081e-02 6.305905431509e-02 5.874404683709e-02 7.029062509537e-02 7.178113609552e-02 5.492515489459e-02 3.663725405931e-02 5.386304482818e-02 4.906356334686e-02 5.044000595808e-02 3.825881704688e-02 3.575892001390e-02 3.559340909123e-02 3.741390630603e-02 4.294522479177e-02 4.660947620869e-02 5.013769119978e-02 4.678705707192e-02 3.926414623857e-02 5.364571139216e-02 5.120442435145e-02 5.304314941168e-02 6.823048740625e-02 7.257794588804e-02 1.102758198977e-01 1.548054516315e-01
1.001006737351e-02 1.847338303924e-02 1.999125257134e-02 2.008071355522e-02 2.099273912609e-02 2.339619398117e-02 2.625275962055e-02 2.895411290228e-02 3.111445903778e-02 3.235230967402e-02 3.243583440781e-02 3.097333759069e-02 2.792323566973e-02 2.617461793125e-02 2.832661569118e-02 3.022659569979e-02 3.890752047300e-02 4.955211281776e-02 5.100247263908e-02 5.763747915626e-02 6.010148674250e-02 5.924169719219e-02 5.789980664849e-02 5.533500760794e-02 5.688669160008e-02 3.539852052927e-02 4.191682115197e-02 6.055096536875e-02 8.313854783773e-02 8.523458242416e-02 6.493125110865e-02 3.747630491853e-02 3.944591060281e-02 4.841729626060e-02 6.999021023512e-02 5.961660295725e-02 4.496448487043e-02 5.903620645404e-02 5.204046517611e-02 5.901210010052e-02 8.788382261992e-02 1.028433144093e-01 1.229710578918e-01
1.038851682097e-02 1.927531696856e-02 2.112425863743e-02 2.117284946144e-02 2.125733904541e-02 2.125600352883e-02 2.112443931401e-02 2.048119343817e-02 2.296410687268e-02 2.634130045772e-02 2.978250198066e-02 3.246053680778e-02 3.410015255213e-02 3.437224775553e-02 3.264504671097e-02 2.995172701776e-02 3.218423202634e-02 3.445807099342e-02 3.781068325043e-02 6.733597069979e-02 8.046133071184e-02 7.270471006632e-02 5.405223742127e-02 5.378521606326e-02 5.706451833248e-02 3.852840512991e-02 3.070048801601e-02 2.664478495717e-02 3.436049446464e-02 5.554542690516e-02 6.768649071455e-02 8.985824137926e-02 1.043732985854e-01 8.864703029394e-02 5.424951389432e-02 9.246996045113e-02 1.095959767699e-01 6.176495924592e-02 6.907148659229e-02 6.378581374884e-02 6.545817106962e-02 1.091040521860e-01 1.323648691177e-01
9.921594522893e-03 1.851868256927e-02 2.057792805135e-02 2.093818970025e-02 2.110978029668e-02 2.117508463562e-02 2.144939452410e-02 2.172103896737e-02 2.167649194598e-02 2.113577537239e-02 2.030357904732e-02 2.090891264379e-02 2.445197291672e-02 2.819961868227e-02 3.167496994138e-02 3.414895758033e-02 3.486656397581e-02 3.708573430777e-02 4.495365545154e-02 7.163121551275e-02 1.145010069013e-01 1.556894332170e-01 1.428024768829e-01 1.117775812745e-01 7.638765871525e-02 5.877718701959e-02 6.309808790684e-02 6.136766448617e-02 5.395762994885e-02 5.560110136867e-02 6.214169785380e-02 7.732474058867e-02 7.651638984680e-02 9.000555425882e-02 6.668976694345e-02 9.909271448851e-02 1.105651408434e-01 1.225578412414e-01 9.705409407616e-02 8.436631411314e-02 6.624223291874e-02 1.011053696275e-01 1.692735552788e-01
9.139269590378e-03 1.618271134794e-02 1.840850897133e-02 1.924279704690e-02 2.142216265202e-02 2.504981867969e-02 2.568846568465e-02 2.286613546312e-02 2.095913700759e-02 2.124397829175e-02 2.139888517559e-02 2.125403471291e-02 2.102558873594e-02 2.160537801683e-02 2.296403422952e-02 2.457424812019e-02 2.907763607800e-02 3.360086306930e-02 3.642805665731e-02 4.524352401495e-02 7.620488852262e-02 1.283752173185e-01 1.642528623343e-01 1.709165275097e-01 1.421767473221e-01 8.643617480993e-02 4.543963074684e-02 5.303340405226e-02 6.592413038015e-02 7.364856451750e-02 7.855210453272e-02 7.335598021746e-02 6.849362701178e-02 9.822938591242e-02 9.077285975218e-02 1.159143745899e-01 8.772099018097e-02 1.142069473863e-01 1.106790602207e-01 1.528325676918e-01 1.587847173214e-01 1.266139894724e-01 1.347447037697e-01
1.092400681227e-02 2.263551764190e-02 2.436191774905e-02 2.543181180954e-02 2.519278973341e-02 2.348931506276e-02 2.185695618391e-02 2.635536901653e-02 2.777186408639e-02 2.409694530070e-02 2.060955390334e-02 2.072229422629e-02 2.100198157132e-02 2.178429439664e-02 2.242353372276e-02 2.116109244525e-02 2.099510654807e-02 3.908458724618e-02 4.517015069723e-02 3.236683830619e-02 3.623288497329e-02 3.725964576006e-02 5.386518687010e-02 6.905148178339e-02 7.005008310080e-02 5.976902320981e-02 4.382186010480e-02 3.181139379740e-02 3.564560040832e-02 3.755547851324e-02 3.854419663548e-02 5.174972116947e-02 6.726704537868e-02 9.125041216612e-02 1.174406930804e-01 9.102765470743e-02 9.086934477091e-02 1.006341874599e-01 1.172414198518e-01 1.508749127388e-01 1.593814492226e-01 1.616039872169e-01 2.000659108162e-01
1.977214403450e-02 1.143188923597e-01 6.082823127508e-02 1.554676890373e-01 3.999374061823e-02 2.933227270842e-02 2.271733433008e-02 2.971530519426e-02 3.327442333102e-02 2.758908458054e-02 1.914169825613e-02 1.988229528069e-02 2.059371210635e-02 2.120190486312e-02 2.164161764085e-02 2.212995104492e-02 2.645887248218e-02 2.496246434748e-02 6.045499816537e-02 4.493191838264e-02 2.715463563800e-02 3.427185863256e-02 3.516684472561e-02 3.406826034188e-02 3.719053044915e-02 3.276533633471e-02 3.569456934929e-02 4.025452584028e-02 4.915987327695e-02 5.520564690232e-02 5.304805189371e-02 5.372045561671e-02 6.486172974110e-02 8.022221922874e-02 9.297053515911e-02 1.432834267616e-01 1.563731878996e-01 1.125934720039e-01 1.444778889418e-01 1.674226224422e-01 1.760231405497e-01 1.930765360594e-01 1.795900613070e-01
4.961562901735e-02 2.924790978432e-02 3.178798034787e-02 3.367797657847e-02 3.514956682920e-02 3.627839311957e-02 3.758705034852e-02 3.775475174189e-02 3.532075136900e-02 3.101482242346e-02 3.065115027130e-02 2.599162608385e-02 2.469944208860e-02 2.202530950308e-02 2.086108922958e-02 2.179431356490e-02 2.246839739382e-02 2.993061207235e-02 2.423053383827e-01 3.033654391766e-01 4.106166213751e-02 4.318796843290e-02 4.104996845126e-02 4.169420152903e-02 4.315326735377e-02 4.784580320120e-02 5.572341382504e-02 5.863002315164e-02 6.077964231372e-02 6.654681265354e-02 6.852407753468e-02 7.314855605364e-02 7.943867892027e-02 6.860822439194e-02 6.953319162130e-02 1.199453398585e-01 1.143561452627e-01 1.664785444736e-01 1.839088499546e-01 1.807795763016e-01 1.792214065790e-01 2.940255105495e-01 2.316241115332e-01
1.601172536612e-01 3.813292086124e-01 3.533673286438e-02 4.553060978651e-02 5.061699822545e-02 5.009812116623e-02 4.489256441593e-02 3.934473544359e-02 3.542759642005e-02 3.287044167519e-02 3.735547512770e-02 3.562057763338e-02 2.694461680949e-02 1.794332824647e-02 1.773877255619e-02 5.481809377670e-02 9.235601127148e-02 9.607962518930e-02 2.040240019560e-01 2.515092492104e-01 6.526711583138e-02 7.154915481806e-02 6.250750273466e-02 4.276156425476e-02 4.917489737272e-02 6.590157747269e-02 5.997651442885e-02 6.197167560458e-02 6.726040691137e-02 6.885465234518e-02 1.169180423021e-01 1.403283774853e-01 1.195960268378e-01 1.239207237959e-01 1.073646396399e-01 9.332434087992e-02 1.095812246203e-01 1.004514172673e-01 1.232952550054e-01 1.659832596779e-01 2.050797045231e-01 1.819047182798e-01 1.836952418089e-01
6.116097792983e-02 1.059322580695e-01 1.487212907523e-02 1.335516851395e-02 1.282142009586e-02 5.623888224363e-02 1.392636001110e-01 1.363233178854e-01 6.996197998524e-02 1.947404630482e-02 1.617408916354e-02 1.820600405335e-02 1.809779554605e-02 1.608426310122e-02 8.381388336420e-02 1.026211753488e-01 4.872347041965e-02 5.847911536694e-02 6.879875808954e-02 8.964060246944e-02 1.804099977016e-01 6.943324953318e-02 8.657054603100e-02 8.334138244390e-02 7.573974877596e-02 7.156059890985e-02 7.174225896597e-02 1.047102436423e-01 1.141075491905e-01 2.119915187359e-01 4.004945755005e-01 2.570660710335e-01 1.945805251598e-01 1.400706619024e-01 2.247321903706e-01 1.588322669268e-01 1.340413689613e-01 1.576472967863e-01 2.037741690874e-01 2.473918795586e-01 2.676092684269e-01 2.595382928848e-01 2.769504785538e-01
3.922149911523e-02 6.621447205544e-02 1.247690431774e-02 1.180883683264e-02 2.378804795444e-02 1.039610132575e-01 2.413414418697e-01 2.370637953281e-01 1.056090444326e-01 1.036555133760e-02 9.617319330573e-03 1.238149963319e-02 1.216295082122e-02 1.212452817708e-02 1.198237314820e-01 1.097018271685e-01 6.752049922943e-02 4.759833589196e-02 4.546620696783e-02 1.985344663262e-02 8.205410838127e-02 6.321509480476e-01 6.564981490374e-02 6.332189589739e-02 1.494988054037e-01 8.976612985134e-02 5.878970772028e-02 6.002008914948e-02 5.679472535849e-02 9.419865161180e-02 9.480338543653e-02 1.354889124632e-01 7.797740399837e-02 1.119426935911e-01 2.233071178198e-01 3.324394226074e-01 1.649042814970e-01 1.519891023636e-01 1.394419521093e-01 1.445066630840e-01 1.426717787981e-01 2.899772226810e-01 4.067182540894e-01
2.383591793478e-02 3.632199019194e-02 9.947785176337e-03 9.974995627999e-03 9.111128747463e-03 5.817101523280e-02 1.396623551846e-01 1.080681532621e-01 7.599573582411e-02 1.505489554256e-02 5.775669123977e-03 3.212918341160e-02 4.387278109789e-02 3.752177953720e-02 3.115505352616e-02 3.085281886160e-02 3.796552494168e-02 3.469614312053e-02 3.876987472177e-02 3.653784468770e-02 7.624177634716e-02 1.031745225191e-01 6.476391851902e-02 6.798142194748e-02 1.534077525139e-01 1.454691439867e-01 3.478070795536e-01 3.765135109425e-01 1.062926799059e-01 3.274973332882e-01 9.459171295166e-01 1.380347371101e+00 8.178730010986e-01 1.618734300137e-01 2.249814271927e-01 2.873091995716e-01 2.019254267216e-01 9.658187627792e-02 1.059434190392e-01 9.246548265219e-02 1.794915199280e-01 2.484856247902e-01 2.190113365650e-01
1.556477881968e-02 4.993440583348e-02 3.399042040110e-02 1.797430403531e-02 1.189331337810e-02 6.183939985931e-03 2.904229797423e-02 2.986653335392e-02 2.594322152436e-02 2.128378488123e-02 1.031763665378e-02 1.646025106311e-02 1.815200224519e-02 2.268757484853e-02 2.697335928679e-02 2.339411899447e-02 2.450681105256e-02 2.915216796100e-02 3.175363689661e-02 2.043014951050e-02 4.021835327148e-02 8.486097306013e-02 1.315906345844e-01 1.588035672903e-01 3.501472771168e-01 4.064426720142e-01 3.661503791809e-01 3.086903095245e-01 1.853696256876e-01 1.049759536982e-01 6.007890403271e-02 5.949717015028e-02 7.667755335569e-02 1.348320990801e-01 3.846532106400e-01 2.359251260757e+00 8.493355512619e-01 1.147637009621e+00 5.687664151192e-01 3.894251883030e-01 4.759991466999e-01 4.073156416416e-01 5.199550986290e-01
1.610648818314e-02 3.193783760071e-02 3.461913019419e-02 1.686189509928e-02 9.848048910499e-03 4.575713537633e-03 1.521634776145e-02 1.817335747182e-02 1.984862983227e-02 1.958624832332e-02 1.707095466554e-02 1.307454332709e-02 1.142615359277e-02 2.213458530605e-02 2.190347947180e-02 2.805460244417e-02 3.190675005317e-02 2.786015532911e-02 2.517157234251e-02 5.379826202989e-02 4.478429630399e-02 4.500021785498e-02 7.932976633310e-02 8.911333233118e-02 1.844241470098e-01 1.372552514076e+00 2.437211722136e-01 4.216517508030e-01 1.876823902130e-01 4.573436826468e-02 3.019225411117e-02 2.648422680795e-02 3.015233576298e-02 4.652525484562e-02 7.405822724104e-02 2.610284686089e-01 1.657976627350e+00 4.585310816765e-01 2.450376898050e-01 6.428126692772e-01 1.895439624786e-01 1.474845260382e-01 1.908108741045e-01
6.675652693957e-03 8.811200968921e-03 1.022525690496e-02 1.058145985007e-02 1.062366459519e-02 1.061143539846e-02 1.105921436101e-02 1.152070704848e-02 1.406963355839e-02 1.592369936407e-02 1.609613187611e-02 1.436667330563e-02 1.135150901973e-02 1.107218954712e-02 2.259282581508e-02 1.993458159268e-02 2.776758745313e-02 2.949807047844e-02 2.211476117373e-02 2.933556213975e-02 4.288193583488e-02 4.021414741874e-02 4.122259840369e-02 4.686322063208e-02 9.734909236431e-02 2.526747882366e-01 3.025770187378e-01 1.347449421883e-01 4.393097013235e-02 2.845459990203e-02 2.372969314456e-02 2.112609148026e-02 2.393678389490e-02 3.115046396852e-02 4.435483366251e-02 8.094882965088e-02 3.000372052193e-01 1.710852235556e-01 1.976216286421e-01 4.316197708249e-02 1.468995958567e-01 1.106006354094e-01 9.520982205868e-02
6.424481980503e-03 8.213130757213e-03 9.686174802482e-03 1.011673361063e-02 1.021880470216e-02 9.920121170580e-03 9.542450308800e-03 9.316287934780e-03 9.234037250280e-03 1.094413083047e-02 1.282072998583e-02 1.371497381479e-02 1.337988954037e-02 1.171674765646e-02 2.511717379093e-02 2.343520708382e-02 2.485477179289e-02 1.931753940880e-02 3.046133182943e-02 4.749116674066e-02 4.412828385830e-02 3.384540230036e-02 2.442796528339e-02 3.105216659606e-02 5.451840907335e-02 1.708419024944e-01 3.481197655201e-01 1.033209264278e-01 5.824543163180e-02 2.665966376662e-02 2.205968648195e-02 1.899212785065e-02 1.869840174913e-02 2.137065492570e-02 2.864233404398e-02 4.085947200656e-02 2.129207924008e-02 6.010941788554e-02 5.450166463852e-01 6.337735652924e-01 3.728059530258e-01 1.087992563844e-01 7.713098824024e-02
4.682105500251e-03 7.615450769663e-03 9.003004990518e-03 9.526410140097e-03 9.746096096933e-03 9.432199411094e-03 9.475662373006e-03 1.013725344092e-02 1.071415841579e-02 1.056973449886e-02 9.294376708567e-03 1.073095854372e-02 1.259089261293e-02 1.372650079429e-02 2.330300025642e-02 2.227222546935e-02 2.429284341633e-02 2.212779223919e-02 5.067041888833e-02 5.373498424888e-02 5.096279084682e-02 6.509049981833e-02 1.913288049400e-02 1.899527758360e-02 4.919824749231e-02 5.326681211591e-02 8.044625818729e-02 6.407137215137e-02 5.404311046004e-02 2.725008875132e-02 2.160749956965e-02 1.753730699420e-02 1.638264767826e-02 1.870129629970e-02 2.509436197579e-02 3.721530362964e-02 2.006174623966e-02 6.468328088522e-02 2.904902398586e-01 2.406494319439e-01 1.394112408161e-01 8.505517244339e-02 6.265848129988e-02
5.086821969599e-03 7.252433802933e-03 8.615418337286e-03 1.035960298032e-02 1.195778977126e-02 1.377978175879e-02 1.571004278958e-02 1.775661483407e-02 1.967974565923e-02 2.041410095990e-02 1.881907694042e-02 1.501915417612e-02 1.509845256805e-02 1.685618236661e-02 2.992029860616e-02 3.551878780127e-02 1.978788897395e-02 2.451097592711e-02 3.753090277314e-02 5.244967713952e-02 5.220621824265e-02 4.500993341208e-02 2.198668010533e-02 2.622459270060e-02 5.576903745532e-02 3.713122010231e-02 8.033123612404e-02 4.136525094509e-02 5.446472764015e-02 2.680106833577e-02 1.710329763591e-02 1.302861701697e-02 1.250015199184e-02 1.463378034532e-02 1.963821053505e-02 2.516713179648e-02 3.957296907902e-02 6.529128551483e-02 1.318789124489e-01 1.524059772491e-01 8.998142927885e-02 6.326645612717e-02 6.498218327761e-02
4.528122488409e-03 8.549573831260e-03 1.018893253058e-02 1.124954037368e-02 1.947471871972e-02 1.394280139357e-02 1.615198515356e-02 1.835009269416e-02 2.117259241641e-02 2.428470738232e-02 2.462122403085e-02 2.392234653234e-02 2.634217776358e-02 2.983485534787e-02 4.888085648417e-02 4.980800300837e-02 2.863307483494e-02 2.671325393021e-02 2.929598279297e-02 7.025018334389e-02 4.626759886742e-02 3.889834135771e-02 2.465761080384e-02 2.125683613122e-02 3.213461488485e-02 3.843900933862e-02 4.472049698234e-02 3.713042661548e-02 5.604839697480e-02 2.039215527475e-02 1.481219753623e-02 1.050422433764e-02 1.121258456260e-02 1.488731428981e-02 1.885889656842e-02 2.420844882727e-02 3.468798100948e-02 5.122501403093e-02 1.004412099719e-01 1.193916201591e-01 7.235046476126e-02 5.073326453567e-02 6.587128341198e-02
