VariationalSeries/SI/f72_max.grd
DSAA
101	101
32.816463539100	34.260883539100
35.556306596100	36.727886596100
1.643951749429e-03	3.021385192871e+02
[rows 19 to 37 of 101, columns 43 to 85 of 101]
2.751060485840e+00 3.482610464096e+00 4.527493476868e+00 4.618697643280e+00 2.996679067612e+00 4.727891445160e+00 2.232487916946e+00 2.490268707275e+00 2.524040699005e+00 2.559653759003e+00 2.335878610611e+00 3.582379817963e+00 4.332017421722e+00 4.422556877136e+00 2.940247535706e+00 3.596193790436e+00 4.684728145599e+00 4.413460731506e+00 2.452059268951e+00 3.945854187012e+00 1.790135622025e+00 2.509199857712e+00 3.357153654099e+00 1.671527028084e+00 1.683239817619e+00 1.851453423500e+00 1.587852835655e+00 2.061208009720e+00 1.909884214401e+00 1.506770253181e+00 1.618377089500e+00 2.066238880157e+00 2.328031539917e+00 1.801477909088e+00 1.743727087975e+00 1.330143690109e+00 9.154751896858e-01 1.080539703369e+00 1.195853710175e+00 9.945934414864e-01 8.400773406029e-01 7.964043617249e-01 8.657936453819e-01
2.443968534470e+00 3.412317037582e+00 4.835506916046e+00 5.578977108002e+00 4.050290107727e+00 4.180833816528e+00 2.299722194672e+00 2.641714572906e+00 2.198594331741e+00 2.750782489777e+00 2.876727819443e+00 3.361711740494e+00 4.652458190918e+00 4.713255882263e+00 3.613599061966e+00 3.895622968674e+00 4.583240509033e+00 4.992940425873e+00 2.896983146667e+00 3.821026802063e+00 2.046594381332e+00 3.808714628220e+00 4.723334312439e+00 2.109515428543e+00 1.964552164078e+00 1.897137284279e+00 2.019079446793e+00 2.132198572159e+00 1.660593152046e+00 1.602922677994e+00 2.091637134552e+00 2.721230268478e+00 2.426152706146e+00 2.098130941391e+00 1.616925716400e+00 1.333326935768e+00 1.032336592674e+00 1.262492775917e+00 9.800769686699e-01 7.571779489517e-01 8.077479600906e-01 7.614915966988e-01 7.925664186478e-01
2.620316028595e+00 3.791554927826e+00 4.467078208923e+00 5.839226245880e+00 4.985845088959e+00 3.577110052109e+00 2.407160282135e+00 2.802838802338e+00 2.100352287292e+00 2.585631132126e+00 2.724839210510e+00 3.186831712723e+00 4.440778732300e+00 5.071280479431e+00 4.363298416138e+00 4.161236286163e+00 4.399007320404e+00 5.465873718262e+00 3.306878328323e+00 3.546171903610e+00 2.304879188538e+00 4.728881359100e+00 5.182155132294e+00 2.373234987259e+00 1.920994639397e+00 2.264263153076e+00 2.277964591980e+00 1.846386671066e+00 1.484225392342e+00 2.085445880890e+00 2.909433364868e+00 2.813514709473e+00 1.898771405220e+00 2.394863843918e+00 1.603547811508e+00 1.228913187981e+00 1.225281238556e+00 1.297941684723e+00 9.994627237320e-01 7.680078744888e-01 7.719354629517e-01 6.005482673645e-01 5.921223759651e-01
2.494723320007e+00 3.584574460983e+00 3.793118476868e+00 5.577636718750e+00 5.518124103546e+00 3.672107219696e+00 3.055645704269e+00 2.973163604736e+00 2.071348667145e+00 2.273406267166e+00 2.832848310471e+00 3.234102249146e+00 3.707014799118e+00 5.426146984100e+00 4.872460842133e+00 4.050230026245e+00 4.076513290405e+00 5.873215198517e+00 3.647025585175e+00 3.182961225510e+00 2.563106298447e+00 4.707619667053e+00 4.527050495148e+00 2.203301906586e+00 2.040487289429e+00 2.488678216934e+00 2.068732976913e+00 1.591387510300e+00 2.197406053543e+00 3.082452774048e+00 3.022292852402e+00 2.097827911377e+00 1.644083023071e+00 2.490453720093e+00 1.183498024940e+00 1.220981597900e+00 1.511165499687e+00 1.139430999756e+00 1.146242141724e+00 7.457097172737e-01 8.235963582993e-01 6.925953626633e-01 6.244772672653e-01
2.028250932693e+00 2.488211393356e+00 3.825698614120e+00 4.947013378143e+00 5.567615032196e+00 3.707461357117e+00 3.812517881393e+00 3.199194192886e+00 2.244385957718e+00 2.067041397095e+00 2.954836130142e+00 3.161578655243e+00 3.873484134674e+00 5.838498592377e+00 4.952589988708e+00 3.846243381500e+00 3.676036119461e+00 6.128515243530e+00 3.895549058914e+00 3.675797700882e+00 3.022243261337e+00 3.882623672485e+00 3.388239383698e+00 2.003898143768e+00 2.597588062286e+00 2.407381772995e+00 1.671468377113e+00 2.345555543900e+00 3.344943284988e+00 3.243042707443e+00 2.199803352356e+00 1.340905427933e+00 1.874728918076e+00 2.338975429535e+00 1.268024206161e+00 1.310233473778e+00 1.591781377792e+00 1.115078210831e+00 1.257970809937e+00 7.693072557449e-01 7.835717797279e-01 6.745082139969e-01 6.898462176323e-01
2.754368782043e+00 2.624786376953e+00 4.330991744995e+00 4.193869590759e+00 5.305905818939e+00 4.147485733032e+00 3.667632579803e+00 4.062615871429e+00 3.531764745712e+00 2.699487209320e+00 2.984607934952e+00 2.990671396255e+00 4.231532573700e+00 6.256998062134e+00 4.471620082855e+00 3.697245597839e+00 3.139737844467e+00 6.280285358429e+00 4.711358070374e+00 4.075061321259e+00 3.578140497208e+00 3.797842502594e+00 2.297172307968e+00 2.512329101562e+00 2.665678501129e+00 1.792904973030e+00 2.551055192947e+00 3.612639427185e+00 3.431096315384e+00 2.297642469406e+00 1.229422450066e+00 1.069223284721e+00 2.507483482361e+00 1.958253026009e+00 1.197936296463e+00 1.696985960007e+00 1.439999699593e+00 1.124617338181e+00 1.337133288383e+00 9.532996416092e-01 7.310690879822e-01 6.960430145264e-01 6.102245450020e-01
4.312411308289e+00 2.683844327927e+00 2.625875711441e+00 4.484293937683e+00 4.904063701630e+00 4.392619609833e+00 3.408078432083e+00 3.731584787369e+00 4.242588996887e+00 4.169690608978e+00 3.556067705154e+00 4.276196956635e+00 4.609103202820e+00 6.516280651093e+00 3.890718221664e+00 3.359186649323e+00 4.285167217255e+00 6.339930057526e+00 5.339362621307e+00 3.919921875000e+00 3.861999511719e+00 4.097572326660e+00 2.577337741852e+00 2.735661983490e+00 2.142889738083e+00 2.676007747650e+00 3.941409587860e+00 3.683408737183e+00 2.393846988678e+00 1.646883845329e+00 2.319829940796e+00 1.486272573471e+00 2.926172733307e+00 1.712215662003e+00 1.414960384369e+00 1.813844680786e+00 1.729258775711e+00 1.201807618141e+00 1.381257295609e+00 1.053992509842e+00 6.616783738136e-01 6.359694004059e-01 7.371865510941e-01
5.759020328522e+00 2.764160633087e+00 2.653604745865e+00 4.148518085480e+00 4.433917522430e+00 4.513137340546e+00 3.685669422150e+00 3.816819906235e+00 3.543290376663e+00 4.590135574341e+00 5.009783744812e+00 4.365633964539e+00 4.988721370697e+00 6.615413665771e+00 3.393196821213e+00 5.046524524689e+00 6.010916233063e+00 6.365173339844e+00 5.198420524597e+00 3.116058588028e+00 3.674026012421e+00 3.755621433258e+00 2.632316350937e+00 2.260647296906e+00 2.705132484436e+00 4.201027393341e+00 4.041920661926e+00 2.528247356415e+00 2.276187896729e+00 3.224920034409e+00 2.930220603943e+00 2.655580282211e+00 2.851934671402e+00 1.912607431412e+00 1.819026112556e+00 1.503217935562e+00 1.882264137268e+00 1.274514913559e+00 1.386980414391e+00 1.049750804901e+00 6.669579148293e-01 8.081892132759e-01 1.040033340454e+00
6.287281036377e+00 2.843689441681e+00 3.216587066650e+00 2.773772954941e+00 4.698775768280e+00 4.581935405731e+00 3.927098751068e+00 4.062206268311e+00 3.585094690323e+00 4.772413253784e+00 4.851837635040e+00 4.225937843323e+00 5.332656860352e+00 6.387764453888e+00 5.526892662048e+00 6.681504249573e+00 6.419198036194e+00 6.204622268677e+00 3.548036098480e+00 3.202542304993e+00 3.765439748764e+00 3.790582418442e+00 2.454520940781e+00 2.596577167511e+00 4.390137195587e+00 4.470957279205e+00 2.798804044724e+00 2.394580841064e+00 3.507538318634e+00 2.907881975174e+00 2.332625627518e+00 2.690671920776e+00 2.212780714035e+00 2.012363195419e+00 1.800979971886e+00 1.189535975456e+00 1.840641975403e+00 1.379341840744e+00 1.360809803009e+00 9.528098702431e-01 8.808425664902e-01 1.155703902245e+00 1.305801272392e+00
5.527180671692e+00 4.139786720276e+00 3.734087467194e+00 2.705619335175e+00 3.564285039902e+00 4.603897571564e+00 4.700143337250e+00 4.327487945557e+00 4.955781459808e+00 7.329535007477e+00 4.279742717743e+00 3.828384637833e+00 5.565705299377e+00 5.892747879028e+00 7.164615631104e+00 6.893987655640e+00 5.980533123016e+00 6.020051956177e+00 3.871050834656e+00 4.311800479889e+00 3.919270753860e+00 3.781994342804e+00 2.378709316254e+00 4.464963436127e+00 4.937281608582e+00 3.187787055969e+00 2.740911006927e+00 3.723958015442e+00 3.276245117188e+00 2.128036975861e+00 3.098213195801e+00 2.821744203568e+00 1.567435145378e+00 1.921323418617e+00 1.516834616661e+00 1.630301475525e+00 1.672614932060e+00 1.486589789391e+00 1.331397056580e+00 1.226100802422e+00 1.435146570206e+00 1.609687685966e+00 1.357099294662e+00
3.743554592133e+00 6.212964534760e+00 4.100008010864e+00 3.329113721848e+00 3.972403526306e+00 4.576433658600e+00 4.377138614655e+00 4.642513275146e+00 6.501888275146e+00 9.105951309204e+00 6.151624679565e+00 4.178746700287e+00 5.621495246887e+00 6.858262062073e+00 7.301940441132e+00 9.482443809509e+00 5.073270320892e+00 5.605048656464e+00 4.220591068268e+00 4.371885776520e+00 3.928819656372e+00 3.591626167297e+00 4.432146072388e+00 5.251600265503e+00 3.601539850235e+00 3.086320638657e+00 3.674772500992e+00 3.641009807587e+00 3.065193414688e+00 3.112341642380e+00 3.299477100372e+00 1.934741735458e+00 1.831392407417e+00 1.642963171005e+00 1.325501799583e+00 1.236940264702e+00 2.215106725693e+00 1.746208906174e+00 1.591382145882e+00 1.913837432861e+00 1.905758500099e+00 1.398468255997e+00 8.762807250023e-01
4.078446388245e+00 6.874893665314e+00 4.250106334686e+00 3.686486959457e+00 4.694066047668e+00 4.404469966888e+00 4.568866252899e+00 5.675873756409e+00 7.511551856995e+00 9.185239791870e+00 7.376500606537e+00 7.177912712097e+00 6.336435794830e+00 7.524479866028e+00 8.366167068481e+00 1.209842586517e+01 5.311510086060e+00 5.717888832092e+00 5.678973674774e+00 4.656584262848e+00 3.698579311371e+00 4.432630538940e+00 5.536769866943e+00 3.974188089371e+00 3.456870555878e+00 3.621205806732e+00 3.488802671432e+00 3.785311222076e+00 3.693478345871e+00 3.754457473755e+00 2.832937717438e+00 1.610437393188e+00 2.185283660889e+00 1.255321025848e+00 1.336790442467e+00 1.335139751434e+00 3.055505990982e+00 2.104212522507e+00 2.204049348831e+00 1.774520635605e+00 1.078664422035e+00 5.820159912109e-01 5.674253702164e-01
8.112939834595e+00 5.445874691010e+00 5.979689598083e+00 3.922551393509e+00 5.656197071075e+00 4.384710311890e+00 4.947114467621e+00 6.579598426819e+00 7.932310104370e+00 7.819201469421e+00 7.129846096039e+00 7.068394660950e+00 7.152222156525e+00 5.777360439301e+00 5.804898738861e+00 7.798164367676e+00 4.626609325409e+00 5.664764404297e+00 6.191883087158e+00 5.175776004791e+00 4.621627807617e+00 5.809108734131e+00 4.341474533081e+00 3.801329135895e+00 3.534980297089e+00 3.256724596024e+00 3.418727636337e+00 4.058316707611e+00 4.082692146301e+00 3.706906795502e+00 2.292268514633e+00 1.520392298698e+00 2.324264049530e+00 1.831427097321e+00 2.203294754028e+00 2.339058876038e+00 3.449573516846e+00 1.998496174812e+00 1.587376594543e+00 1.068995833397e+00 9.598661065102e-01 7.703791260719e-01 7.773552536964e-01
1.325527095795e+01 5.773909091949e+00 6.684545516968e+00 4.907180309296e+00 6.298671245575e+00 5.376704216003e+00 5.421067237854e+00 7.577046394348e+00 8.182674407959e+00 6.529439926147e+00 8.516231536865e+00 1.042284584045e+01 6.194293498993e+00 7.242403030396e+00 4.378630638123e+00 5.218455791473e+00 4.795763492584e+00 5.537250518799e+00 5.344035625458e+00 4.867686748505e+00 6.183731079102e+00 4.699995517731e+00 4.033909320831e+00 3.567771196365e+00 3.818587779999e+00 3.746145963669e+00 3.622947454453e+00 4.518085002899e+00 4.545011997223e+00 4.057775020599e+00 2.796737909317e+00 2.549147129059e+00 2.525983572006e+00 2.201899051666e+00 2.131847858429e+00 3.312290191650e+00 2.843314886093e+00 1.323351383209e+00 1.431325554848e+00 1.464492678642e+00 1.359017014503e+00 1.052031159401e+00 8.407817482948e-01
1.466300773621e+01 1.520605373383e+01 6.638309955597e+00 6.419001102448e+00 6.968550682068e+00 6.530268669128e+00 9.134338378906e+00 8.516900062561e+00 8.102398872375e+00 6.104085922241e+00 9.346079826355e+00 1.169108772278e+01 7.008212566376e+00 7.056163311005e+00 5.331496715546e+00 5.414708614349e+00 5.802927970886e+00 5.477810859680e+00 5.320172309875e+00 6.640094280243e+00 5.161906719208e+00 4.632611751556e+00 3.961180925369e+00 3.096050500870e+00 3.938583135605e+00 4.148117542267e+00 3.931746244431e+00 4.880019187927e+00 5.084516525269e+00 4.456147670746e+00 3.321375131607e+00 2.437357187271e+00 2.168452024460e+00 1.842698454857e+00 3.010080814362e+00 3.438113212585e+00 1.532162666321e+00 1.506320476532e+00 1.572353839874e+00 1.595819711685e+00 1.509541749954e+00 1.263224840164e+00 8.784514665604e-01
7.110929965973e+00 2.069940376282e+01 1.503953742981e+01 6.452331066132e+00 7.377745628357e+00 8.162654876709e+00 8.837431907654e+00 8.974093437195e+00 7.220718383789e+00 6.408549308777e+00 1.067634677887e+01 1.151569271088e+01 9.085525512695e+00 6.153779506683e+00 5.568541526794e+00 6.302902698517e+00 1.022446537018e+01 6.390440940857e+00 7.388131618500e+00 5.683330059052e+00 4.293668746948e+00 4.180219650269e+00 3.448890686035e+00 4.376773357391e+00 4.351140499115e+00 4.810280799866e+00 5.245304107666e+00 4.196640014648e+00 4.880197525024e+00 4.876967430115e+00 3.793317794800e+00 2.102234601974e+00 2.061566114426e+00 3.190840959549e+00 3.452327251434e+00 2.016708612442e+00 1.336588740349e+00 1.351793408394e+00 1.347912549973e+00 1.369625806808e+00 1.365638732910e+00 1.265784740448e+00 1.075083136559e+00
1.308522224426e+01 1.000070095062e+01 2.420735931396e+01 1.121892356873e+01 7.498957633972e+00 1.007543373108e+01 7.514489173889e+00 8.416944503784e+00 1.116231250763e+01 8.427555084229e+00 1.161620712280e+01 9.224335670471e+00 9.730156898499e+00 8.180525779724e+00 6.668804168701e+00 6.230209827423e+00 1.484480953217e+01 8.905164718628e+00 6.906355381012e+00 8.688145637512e+00 5.188295841217e+00 4.281217575073e+00 4.566907882690e+00 4.803459167480e+00 4.628971099854e+00 4.701324462891e+00 6.622736930847e+00 4.122488021851e+00 5.092681884766e+00 5.319119930267e+00 4.314906120300e+00 2.782284021378e+00 3.523434638977e+00 3.254630804062e+00 1.860187649727e+00 1.611672401428e+00 1.521687865257e+00 1.424365043640e+00 1.323518872261e+00 1.231680870056e+00 1.178625702858e+00 1.218535304070e+00 1.108408689499e+00
1.778684425354e+01 2.319115829468e+01 1.402651214600e+01 2.385451507568e+01 9.099430084229e+00 1.224991321564e+01 1.041465950012e+01 1.111010169983e+01 1.562536525726e+01 1.259299373627e+01 1.433648586273e+01 8.775610923767e+00 8.883234024048e+00 9.283876419067e+00 8.348259925842e+00 6.560431480408e+00 1.737521362305e+01 9.779976844788e+00 1.023763370514e+01 7.119544506073e+00 3.943816661835e+00 4.266921520233e+00 5.393659114838e+00 4.872721672058e+00 4.452033042908e+00 4.105444908142e+00 6.471330642700e+00 4.542889118195e+00 5.739067554474e+00 5.663208007812e+00 4.492006301880e+00 3.565241336823e+00 2.670205354691e+00 1.469014644623e+00 1.356672644615e+00 1.370494961739e+00 1.386756777763e+00 1.481085777283e+00 1.453010201454e+00 1.377158880234e+00 1.495014071465e+00 1.735000133514e+00 1.809180855751e+00
3.443806076050e+01 2.343119239807e+01 2.479764175415e+01 2.037840652466e+01 1.842801284790e+01 1.383169078827e+01 1.507494354248e+01 1.345547580719e+01 1.341499042511e+01 1.485565948486e+01 1.696891975403e+01 1.019624710083e+01 8.813965797424e+00 9.489477157593e+00 1.042079448700e+01 9.853407859802e+00 1.335635280609e+01 9.785840034485e+00 9.749810218811e+00 7.778273582458e+00 6.391008853912e+00 7.541285037994e+00 7.563409805298e+00 6.256924629211e+00 4.571375370026e+00 3.984587669373e+00 5.089861392975e+00 5.612958908081e+00 5.961570739746e+00 4.982998371124e+00 3.498596668243e+00 2.134449243546e+00 1.866770386696e+00 2.052547693253e+00 2.422337770462e+00 2.651262283325e+00 2.768097639084e+00 2.750543832779e+00 2.606973171234e+00 2.382460594177e+00 2.164465188980e+00 2.110581398010e+00 1.867610692978e+00
