VariationalSeries/SI/f72_max.grd
DSAA
101	101
32.816463539100	34.260883539100
35.556306596100	36.727886596100
1.643951749429e-03	3.021385192871e+02
[rows 76 to 94 of 101, columns 0 to 42 of 101]
1.838044449687e-02 2.657857351005e-02 3.516746312380e-02 4.157844185829e-02 4.462132602930e-02 4.486590251327e-02 4.333140328526e-02 4.092343524098e-02 3.819170966744e-02 3.942728415132e-02 4.466518759727e-02 5.360898375511e-02 6.351212412119e-02 6.984543800354e-02 7.107751071453e-02 6.892684847116e-02 6.269891560078e-02 6.644987314939e-02 6.847550719976e-02 7.254742830992e-02 9.961868077517e-02 9.713495522738e-02 6.559319794178e-02 7.134628295898e-02 6.628458946943e-02 6.047794222832e-02 6.375519931316e-02 7.082686573267e-02 7.846485823393e-02 8.305293321609e-02 8.007202297449e-02 7.547953724861e-02 7.342905551195e-02 7.377380132675e-02 8.143042027950e-02 9.601352363825e-02 1.786865144968e-01 2.184979468584e-01 2.059168368578e-01 1.516272574663e-01 1.521817743778e-01 2.470520436764e-01 4.344341158867e-01
1.857600733638e-02 3.000193834305e-02 3.977529704571e-02 4.582655429840e-02 4.821243882179e-02 4.794408753514e-02 4.604336619377e-02 4.325079917908e-02 4.279081150889e-02 4.760003462434e-02 5.486266687512e-02 6.493176519871e-02 7.424331456423e-02 7.877134531736e-02 7.753159850836e-02 7.188539952040e-02 6.122056767344e-02 6.271066516638e-02 6.305844336748e-02 5.623318627477e-02 5.683811381459e-02 5.929841846228e-02 5.422929301858e-02 6.402795016766e-02 6.786447763443e-02 6.235032901168e-02 6.794728338718e-02 8.192615211010e-02 9.103546291590e-02 9.219102561474e-02 8.609063923359e-02 7.907328754663e-02 7.885947078466e-02 7.562302052975e-02 8.936029672623e-02 9.815555810928e-02 1.600649952888e-01 1.793402880430e-01 2.041971534491e-01 2.326233386993e-01 4.829774796963e-01 6.388162374496e-01 6.119301319122e-01
1.972867734730e-02 3.144097700715e-02 4.091476276517e-02 4.625854641199e-02 4.794341325760e-02 4.713017866015e-02 4.473594203591e-02 4.635031521320e-02 5.231435969472e-02 5.861975997686e-02 6.675450503826e-02 7.533835619688e-02 8.091352880001e-02 8.080127090216e-02 7.503575086594e-02 6.518188863993e-02 5.182104557753e-02 5.417639762163e-02 5.254959315062e-02 4.616042226553e-02 4.324591532350e-02 4.846458882093e-02 5.751049146056e-02 7.668201625347e-02 8.081176131964e-02 7.399486005306e-02 9.093589335680e-02 9.875503927469e-02 1.010942757130e-01 9.893973916769e-02 9.256771951914e-02 8.585941046476e-02 8.181401342154e-02 8.971103280783e-02 1.158158257604e-01 1.522554606199e-01 2.003237158060e-01 2.468423098326e-01 2.218790948391e-01 5.598055720329e-01 6.547359824181e-01 6.203537583351e-01 6.147062778473e-01
1.779043860734e-02 2.809722349048e-02 3.619658946991e-02 4.052499681711e-02 4.160719737411e-02 4.044896736741e-02 4.392069578171e-02 5.004044249654e-02 5.497423559427e-02 5.989247933030e-02 6.506521254778e-02 6.893277168274e-02 6.943694502115e-02 6.542889028788e-02 5.783182010055e-02 4.841612279415e-02 4.455135017633e-02 4.292475432158e-02 4.007751122117e-02 3.921922296286e-02 3.989513963461e-02 4.431598260999e-02 6.897538900375e-02 9.391401708126e-02 1.016895174980e-01 1.064041554928e-01 1.117227226496e-01 1.126889884472e-01 1.062226891518e-01 9.991930425167e-02 9.457004070282e-02 8.980018645525e-02 1.055759117007e-01 1.144821345806e-01 1.461074501276e-01 1.684111207724e-01 1.641906499863e-01 2.662299573421e-01 3.274812996387e-01 5.144972205162e-01 5.765039324760e-01 5.591985583305e-01 5.707421302795e-01
1.448901928961e-02 2.316134050488e-02 2.818457596004e-02 3.131499513984e-02 3.213450312614e-02 3.529976308346e-02 4.056616872549e-02 4.384088888764e-02 4.540020227432e-02 4.681272804737e-02 4.844646900892e-02 4.944300279021e-02 4.854698106647e-02 4.498233646154e-02 4.570141062140e-02 4.672493040562e-02 4.616617411375e-02 4.373836517334e-02 3.997260332108e-02 3.849573805928e-02 3.731776028872e-02 4.533210769296e-02 7.760245352983e-02 1.068183034658e-01 1.212956160307e-01 1.279540508986e-01 1.292033940554e-01 1.346427947283e-01 1.311740428209e-01 1.133519336581e-01 9.805507957935e-02 9.445111453533e-02 1.150708124042e-01 1.203463524580e-01 1.226157993078e-01 1.406086534262e-01 1.866762489080e-01 2.560622692108e-01 3.393319547176e-01 3.598464429379e-01 5.623387694359e-01 7.014302611351e-01 5.540499091148e-01
1.977236196399e-02 2.881369367242e-02 3.536588326097e-02 3.889482840896e-02 4.048504680395e-02 4.120615497231e-02 4.145220294595e-02 4.119265452027e-02 4.041525349021e-02 3.933153674006e-02 3.945159539580e-02 4.285591095686e-02 4.580761864781e-02 4.834938794374e-02 5.012107267976e-02 5.052651092410e-02 4.905068129301e-02 4.555010050535e-02 4.326110705733e-02 4.216421023011e-02 4.090694710612e-02 5.023486912251e-02 7.986120879650e-02 1.101346686482e-01 2.745092809200e-01 8.041420578957e-01 8.543362617493e-01 3.865432143211e-01 2.260884493589e-01 1.788920462132e-01 1.278957575560e-01 9.959273040295e-02 1.165204271674e-01 1.532076597214e-01 1.205255240202e-01 1.521315425634e-01 1.689036637545e-01 2.637387812138e-01 4.608267247677e-01 4.715805649757e-01 5.225946307182e-01 7.080028057098e-01 9.860356450081e-01
2.785274013877e-02 4.031595587730e-02 4.903475567698e-02 5.321080237627e-02 5.435908958316e-02 5.404284968972e-02 5.295823886991e-02 5.130806937814e-02 4.920540004969e-02 4.682613164186e-02 5.385740101337e-02 6.185786053538e-02 6.879357248545e-02 7.353637367487e-02 7.513199001551e-02 7.312832027674e-02 6.754619628191e-02 5.880374088883e-02 5.693879351020e-02 5.400297790766e-02 5.034522339702e-02 5.987652763724e-02 7.974091172218e-02 1.811414211988e-01 7.559688091278e-01 2.158784866333e+00 2.355871915817e+00 1.226296424866e+00 5.179586410522e-01 2.548202276230e-01 1.654667407274e-01 1.304600834846e-01 1.119896620512e-01 1.627826392651e-01 1.702736914158e-01 1.770104318857e-01 1.592099368572e-01 2.485669106245e-01 5.410385727882e-01 8.143464922905e-01 5.417420268059e-01 5.505766868591e-01 1.237666964531e+00
3.485657274723e-02 4.975247383118e-02 5.949527770281e-02 6.323931366205e-02 6.304305791855e-02 6.095495074987e-02 5.798364430666e-02 5.637855455279e-02 6.418542563915e-02 7.829817384481e-02 9.285342693329e-02 1.065903455019e-01 1.182758808136e-01 1.274873763323e-01 1.338446140289e-01 1.361584067345e-01 1.327003687620e-01 1.214904412627e-01 1.005561575294e-01 7.745616137981e-02 7.125502079725e-02 7.423122972250e-02 1.598611623049e-01 2.879534661770e-01 8.843424916267e-01 7.035883426666e+00 1.369835853577e+01 3.030325174332e+00 1.360571503639e+00 4.723953902721e-01 2.013746649027e-01 1.608573645353e-01 1.466339528561e-01 2.034810483456e-01 2.447210401297e-01 2.394661307335e-01 1.990667432547e-01 3.044052124023e-01 4.547695219517e-01 9.934308528900e-01 1.002510070801e+00 5.356220006943e-01 1.269583940506e+00
3.695254772902e-02 5.167321860790e-02 6.035841628909e-02 6.240493804216e-02 6.025789678097e-02 6.241567060351e-02 6.904263794422e-02 7.342405617237e-02 8.580307662487e-02 1.056424751878e-01 1.263340860605e-01 1.459756493568e-01 1.632166355848e-01 1.785969436169e-01 1.933450549841e-01 2.073310017586e-01 2.168339192867e-01 2.136303931475e-01 1.861678957939e-01 1.347349435091e-01 1.037507802248e-01 1.489653289318e-01 2.626324594021e-01 3.728132247925e-01 1.666702985764e+00 3.963619947433e+00 5.473553657532e+00 1.663263082504e+00 7.129909396172e-01 3.917789459229e-01 3.126111030579e-01 3.701149821281e-01 4.756020605564e-01 4.396800696850e-01 3.072572350502e-01 3.107680082321e-01 2.654957175255e-01 3.104647099972e-01 3.359859585762e-01 6.499119997025e-01 8.647565245628e-01 6.023995876312e-01 2.132601022720e+00
4.989979043603e-02 7.907744497061e-02 9.980928152800e-02 1.117068380117e-01 1.184512451291e-01 1.212107688189e-01 1.202612966299e-01 1.160897240043e-01 1.095355302095e-01 1.096259579062e-01 1.323980540037e-01 1.553726792336e-01 1.772220581770e-01 1.981918662786e-01 2.204943299294e-01 2.467416673899e-01 2.725369036198e-01 2.830494344234e-01 2.570420801640e-01 3.078002929688e-01 2.311095595360e-01 2.508144378662e-01 3.292191624641e-01 4.565144181252e-01 8.466583490372e-01 3.004167973995e-01 2.427808940411e-01 2.424739748240e-01 3.347722589970e-01 2.856716215611e-01 3.346631526947e-01 2.501814603806e+00 1.701479315758e+00 1.161924719810e+00 6.959497928619e-01 1.023366212845e+00 9.394844174385e-01 4.418514370918e-01 3.591982126236e-01 3.997696340084e-01 5.955976247787e-01 1.623030543327e+00 2.461730480194e+00
9.148092567921e-02 1.422718167305e-01 1.744513511658e-01 1.876979768276e-01 1.901070475578e-01 1.857131123543e-01 1.765658706427e-01 1.644438505173e-01 1.535758972168e-01 1.603806763887e-01 1.656667888165e-01 1.682608425617e-01 1.710958480835e-01 1.944955289364e-01 2.165150791407e-01 2.411845028400e-01 2.659459412098e-01 3.940275311470e-01 5.093420743942e-01 5.137438178062e-01 5.260062217712e-01 5.242193341255e-01 3.890523612499e-01 4.614543616772e-01 2.245272547007e-01 1.704812496901e-01 1.586872041225e-01 1.378465294838e-01 1.544968783855e-01 2.158760130405e-01 5.368255376816e-01 2.979105234146e+00 2.186248064041e+00 1.263858675957e+00 1.123189687729e+00 2.372344732285e+00 2.262460947037e+00 1.027394056320e+00 7.786008119583e-01 7.018975019455e-01 9.062203764915e-01 1.531599283218e+00 2.780950546265e+00
1.282990276814e-01 1.951753646135e-01 2.296760529280e-01 2.387889176607e-01 2.937571406364e-01 3.176028728485e-01 3.142382204533e-01 2.946662008762e-01 2.671025395393e-01 2.421789467335e-01 2.462796717882e-01 2.424928396940e-01 2.453187257051e-01 2.833231389523e-01 3.997107744217e-01 4.764153957367e-01 5.362530350685e-01 5.245605707169e-01 3.939339816570e-01 4.462865889072e-01 4.697153568268e-01 3.923305273056e-01 3.136930465698e-01 1.771877110004e-01 1.557222306728e-01 1.225094795227e-01 1.017442941666e-01 8.190121501684e-02 7.585155218840e-02 1.326475590467e-01 2.114064693451e-01 1.202811241150e+00 1.471410036087e+00 2.203082799911e+00 2.349787235260e+00 3.216915845871e+00 2.177320241928e+00 1.005634069443e+00 2.042806148529e+00 1.780322670937e+00 1.206206440926e+00 1.490843296051e+00 4.759691238403e+00
1.500249654055e-01 2.259929180145e-01 2.613522410393e-01 2.958999574184e-01 3.605782687664e-01 3.871182501316e-01 3.807375133038e-01 3.546330034733e-01 3.182386159897e-01 2.786476016045e-01 2.398730516434e-01 2.636570930481e-01 3.054711818695e-01 3.513495922089e-01 3.825246989727e-01 3.936723172665e-01 3.709017932415e-01 3.067543804646e-01 2.440840303898e-01 2.126514762640e-01 1.829452365637e-01 1.298294961452e-01 1.116400063038e-01 1.068991720676e-01 9.526033699512e-02 7.777415961027e-02 6.008818373084e-02 5.777287110686e-02 7.365695387125e-02 1.103049069643e-01 1.572735905647e-01 6.520220041275e-01 6.753938198090e-01 1.298711180687e+00 1.515118718147e+00 3.613259553909e+00 3.125327825546e+00 1.721032500267e+00 1.577135562897e+00 6.352949619293e+00 1.497003555298e+01 3.860191106796e+00 2.367012262344e+00
1.117206364870e-01 1.666921526194e-01 1.904314011335e-01 1.959113627672e-01 2.350371330976e-01 2.497692853212e-01 2.441415190697e-01 2.264733016491e-01 2.024509608746e-01 1.767150908709e-01 1.601892858744e-01 1.735534369946e-01 1.812987178564e-01 1.833049356937e-01 1.797836273909e-01 1.795863956213e-01 1.617446094751e-01 1.280246973038e-01 1.490555554628e-01 1.404906362295e-01 1.119245141745e-01 8.317206054926e-02 7.799270004034e-02 6.962297856808e-02 5.827213078737e-02 4.587642475963e-02 5.362867936492e-02 7.439724355936e-02 9.308263659477e-02 1.857508718967e-01 2.359247803688e-01 3.576883673668e-01 6.221789121628e-01 4.632874429226e-01 4.006924629211e-01 4.809448421001e-01 2.994318723679e+00 1.813060760498e+00 1.326469659805e+00 8.519302368164e+00 1.878703689575e+01 2.047429084778e+00 7.372014522552e-01
5.279205739498e-02 7.796005904675e-02 9.408474713564e-02 1.067962571979e-01 1.116660460830e-01 1.140277013183e-01 1.152722015977e-01 1.094403192401e-01 1.042889654636e-01 1.029976531863e-01 1.012822836637e-01 9.335617721081e-02 9.761351346970e-02 1.007547453046e-01 1.002432703972e-01 9.504943341017e-02 1.232982799411e-01 1.576206237078e-01 1.487006545067e-01 1.113846376538e-01 7.111521065235e-02 5.254947394133e-02 4.772713035345e-02 4.140451550484e-02 3.504126518965e-02 5.456808209419e-02 8.382680267096e-02 1.117331460118e-01 1.501913070679e-01 2.428685426712e-01 3.397500813007e-01 4.577268958092e-01 5.253991484642e-01 5.995063781738e-01 2.927850782871e-01 3.199635446072e-01 6.103934049606e-01 1.516850829124e+00 2.515304565430e+00 2.697655200958e+00 1.396661043167e+00 5.271759629250e-01 4.919111728668e-01
3.596992790699e-02 5.246827751398e-02 6.629720330238e-02 7.484719157219e-02 7.829558104277e-02 7.809180766344e-02 7.593265920877e-02 7.231637835503e-02 6.808757036924e-02 6.361995637417e-02 5.903094261885e-02 5.443086102605e-02 4.999317601323e-02 5.060372874141e-02 4.990364983678e-02 6.711791455746e-02 1.145045682788e-01 1.357080340385e-01 1.163861006498e-01 8.038894832134e-02 4.903363436460e-02 3.173663467169e-02 3.257443383336e-02 3.572091832757e-02 4.876304417849e-02 8.268685638905e-02 1.244176775217e-01 1.717223227024e-01 2.420288026333e-01 3.347565531731e-01 5.001925826073e-01 5.159196257591e-01 4.657195806503e-01 2.549130320549e-01 1.947771757841e-01 2.654092907906e-01 3.219455182552e-01 1.136075854301e+00 2.977224588394e+00 1.742808938026e+00 1.028365135193e+00 4.497176706791e-01 4.270930290222e-01
2.576003223658e-02 3.721185401082e-02 4.646649584174e-02 5.219000205398e-02 5.472415313125e-02 5.500607192516e-02 5.378926917911e-02 5.157008394599e-02 4.866794869304e-02 4.525085911155e-02 4.147611558437e-02 3.747535496950e-02 4.017579182982e-02 4.035082459450e-02 3.723162412643e-02 3.977420926094e-02 7.133913040161e-02 8.897744119167e-02 8.336138725281e-02 6.539817154408e-02 4.630715772510e-02 3.118805773556e-02 3.489067777991e-02 4.015876352787e-02 6.881069391966e-02 1.504675000906e-01 3.176728785038e-01 2.925405502319e-01 2.431019097567e-01 4.502556025982e-01 6.120196580887e-01 5.246767997742e-01 3.737506866455e-01 1.734959483147e-01 1.913647353649e-01 2.624942660332e-01 3.422572910786e-01 1.377785801888e+00 2.372087478638e+00 1.027142047882e+00 5.927919149399e-01 3.589147627354e-01 3.227278292179e-01
1.757789961994e-02 2.514499239624e-02 3.113924525678e-02 3.478293865919e-02 3.636610880494e-02 3.650150448084e-02 3.562581166625e-02 3.401685506105e-02 3.184103593230e-02 2.922772802413e-02 2.880016155541e-02 3.227649629116e-02 3.361916542053e-02 3.212641552091e-02 2.982881851494e-02 3.412618860602e-02 3.791037946939e-02 4.545982182026e-02 5.213485658169e-02 5.046418309212e-02 4.306419193745e-02 3.409660607576e-02 3.726612776518e-02 5.148521065712e-02 8.952391892672e-02 2.600200176239e-01 3.694714307785e-01 2.242932319641e-01 2.472100406885e-01 4.754586219788e-01 6.427122354507e-01 5.092511177063e-01 3.474660813808e-01 2.388271689415e-01 2.707495093346e-01 2.623078227043e-01 5.847893357277e-01 2.393293857574e+00 1.821583390236e+00 4.227914810181e-01 8.491243720055e-01 3.666869401932e-01 2.497280538082e-01
1.071252021939e-02 1.516994182020e-02 1.864387653768e-02 2.069229260087e-02 2.150205336511e-02 2.143886126578e-02 2.075715549290e-02 1.962005905807e-02 1.822790689766e-02 2.214607223868e-02 2.582544274628e-02 2.822023816407e-02 2.839086018503e-02 3.040063381195e-02 3.517237305641e-02 4.000799357891e-02 4.423867166042e-02 4.700821638107e-02 4.748344048858e-02 4.534922912717e-02 4.142368584871e-02 3.848977759480e-02 4.282641410828e-02 6.414958089590e-02 1.079792976379e-01 2.905956208706e-01 3.050914704800e-01 2.468296736479e-01 2.242802381516e-01 4.250072836876e-01 5.950141549110e-01 4.643293619156e-01 4.438749253750e-01 2.999291718006e-01 3.259752690792e-01 2.421175688505e-01 5.735312700272e-01 1.409674763680e+00 7.774924635887e-01 4.985622763634e-01 1.127169370651e+00 3.615220785141e-01 1.911305040121e-01
