VariationalSeries/SI/f72_max.grd
DSAA
101	101
32.816463539100	34.260883539100
35.556306596100	36.727886596100
1.643951749429e-03	3.021385192871e+02
[rows 76 to 94 of 101, columns 43 to 85 of 101]
4.535983502865e-01 3.856503963470e-01 6.944843530655e-01 1.793920874596e+00 1.939577221870e+00 3.931567430496e+00 6.346424579620e+00 7.169088840485e+00 4.433351993561e+00 1.225310564041e+00 3.956190824509e+00 8.932250022888e+00 6.728363037109e+00 1.793217301369e+00 7.853407263756e-01 1.114261031151e+00 1.266884684563e+00 7.110261917114e-01 6.447610855103e-01 7.932467460632e-01 2.749036788940e+00 6.069808959961e+00 1.400611877441e+00 9.511212110519e-01 6.963996887207e-01 4.681384265423e-01 2.413144260645e-01 2.075387388468e-01 2.019270509481e-01 1.904002875090e-01 1.762922555208e-01 1.842265129089e-01 1.943852156401e-01 2.066043019295e-01 2.090150862932e-01 1.949021816254e-01 1.790748089552e-01 1.676811575890e-01 1.599239557981e-01 1.555569469929e-01 1.751895397902e-01 2.791903316975e-01 3.776866495609e-01
7.089252471924e-01 9.654814600945e-01 1.218216180801e+00 1.318126320839e+00 1.750384092331e+00 2.526855230331e+00 3.325061321259e+00 2.911720514297e+00 4.499023914337e+00 6.578891754150e+00 6.554592132568e+00 3.170197725296e+00 2.284623861313e+00 1.828611135483e+00 1.185820102692e+00 1.590645790100e+00 4.739067256451e-01 2.340730130672e-01 2.830469608307e-01 3.156486451626e-01 2.406101822853e-01 2.882955670357e-01 4.551869630814e-01 4.778882563114e-01 4.353892803192e-01 2.676525115967e-01 1.319893598557e-01 1.183179840446e-01 1.334440708160e-01 1.540262699127e-01 1.646758019924e-01 1.687336415052e-01 1.681054532528e-01 1.609631925821e-01 1.402570605278e-01 1.128278970718e-01 9.092922508717e-02 8.788906782866e-02 9.241475909948e-02 1.118957400322e-01 1.491735726595e-01 2.534821629524e-01 3.363471925259e-01
1.540583372116e+00 2.333928108215e+00 1.490152478218e+00 6.682937741280e-01 8.509564399719e-01 2.817040681839e+00 7.912423133850e+00 1.057572460175e+01 8.012701988220e+00 3.996896505356e+00 2.185990095139e+00 1.476262807846e+00 9.559444189072e-01 1.476387143135e+00 1.644902586937e+00 5.073731541634e-01 1.693779230118e-01 1.559008508921e-01 1.607571244240e-01 2.111471593380e-01 1.584221720695e-01 1.449884772301e-01 1.674410253763e-01 1.933744400740e-01 1.754437088966e-01 1.637080460787e-01 1.310253739357e-01 1.366696804762e-01 1.147400140762e-01 1.284511387348e-01 1.346681565046e-01 1.257670670748e-01 1.234976798296e-01 1.196525990963e-01 8.465712517500e-02 8.054894208908e-02 8.550272136927e-02 8.513419330120e-02 8.333646506071e-02 9.005133807659e-02 1.100599691272e-01 2.228919267654e-01 3.242836892605e-01
2.128139972687e+00 2.497327327728e+00 8.571423888206e-01 9.068089127541e-01 2.877787828445e+00 5.164749145508e+00 5.344269275665e+00 4.656417369843e+00 4.262291431427e+00 1.889499902725e+00 1.795648932457e+00 2.114085912704e+00 1.397386789322e+00 1.035542249680e+00 3.117957413197e-01 1.877823770046e-01 1.210194155574e-01 1.167161837220e-01 1.122140735388e-01 1.330217272043e-01 1.228388845921e-01 1.228326484561e-01 1.143103614450e-01 1.115429922938e-01 1.095254644752e-01 1.119208186865e-01 1.084554344416e-01 1.104776114225e-01 1.185589954257e-01 1.138198748231e-01 1.154121086001e-01 9.506893157959e-02 1.054373532534e-01 1.107047051191e-01 8.838413655758e-02 6.694268435240e-02 7.997149229050e-02 8.501069247723e-02 8.532439172268e-02 8.385276049376e-02 8.797901868820e-02 1.202091351151e-01 2.007910758257e-01
9.236235618591e-01 1.842474937439e+00 2.612824916840e+00 2.996299743652e+00 2.965436220169e+00 2.451949596405e+00 3.018429040909e+00 3.750115633011e+00 5.400146484375e+00 2.134893894196e+00 2.173579692841e+00 1.315596342087e+00 5.584142208099e-01 2.115844041109e-01 1.458753347397e-01 1.188261732459e-01 1.068915501237e-01 9.650496393442e-02 8.839321136475e-02 8.264438807964e-02 9.062541276217e-02 7.195466756821e-02 7.298028469086e-02 7.276394218206e-02 7.622037827969e-02 8.021046966314e-02 8.115264773369e-02 7.453833520412e-02 6.269513070583e-02 7.535330206156e-02 7.577154040337e-02 7.377494126558e-02 8.300822228193e-02 9.236399829388e-02 8.494111895561e-02 6.675221771002e-02 7.435222715139e-02 8.338727802038e-02 8.558762818575e-02 8.832743018866e-02 1.024194806814e-01 1.230493187904e-01 1.516014188528e-01
1.178721666336e+00 3.171326160431e+00 5.889160156250e+00 3.558053016663e+00 2.412361145020e+00 3.777979612350e+00 5.156742095947e+00 7.019176483154e+00 3.279064655304e+00 1.866103529930e+00 8.644400835037e-01 5.318939685822e-01 2.227072566748e-01 1.243353039026e-01 8.968976140022e-02 7.405956089497e-02 6.820587068796e-02 6.341799348593e-02 6.503331661224e-02 6.925170868635e-02 6.974869221449e-02 6.507554650307e-02 6.457633525133e-02 6.865594536066e-02 8.207596838474e-02 9.576275199652e-02 1.049899458885e-01 1.023218110204e-01 8.105471730232e-02 6.120231747627e-02 6.100571528077e-02 5.642719194293e-02 5.992323905230e-02 7.458775490522e-02 7.699134945869e-02 7.166531682014e-02 6.765708327293e-02 7.915842533112e-02 8.352966606617e-02 8.438125252724e-02 9.821529686451e-02 1.358646750450e-01 1.835012882948e-01
1.955234885216e+00 6.048465728760e+00 4.596274375916e+00 3.646888017654e+00 4.068063259125e+00 3.963993549347e+00 2.714711427689e+00 2.633978605270e+00 2.054709196091e+00 1.054495334625e+00 4.585267901421e-01 3.105549216270e-01 1.299534291029e-01 8.488696813583e-02 6.955225020647e-02 5.667605623603e-02 5.608503893018e-02 6.001933291554e-02 5.879985541105e-02 5.496190115809e-02 5.976090952754e-02 6.035619229078e-02 5.983941257000e-02 6.009249016643e-02 7.485669851303e-02 9.202412515879e-02 1.047285348177e-01 1.047547683120e-01 8.533605933189e-02 5.640270560980e-02 5.908314511180e-02 6.133044138551e-02 5.031718686223e-02 5.531308799982e-02 6.572658568621e-02 7.314498722553e-02 7.368009537458e-02 7.247058302164e-02 7.917862385511e-02 8.266505599022e-02 8.184434473515e-02 9.268183261156e-02 1.192010864615e-01
2.515138864517e+00 4.244476318359e+00 2.512894392014e+00 1.512832403183e+00 1.030011177063e+00 1.400860786438e+00 1.263851523399e+00 1.508091092110e+00 1.111373066902e+00 4.421131610870e-01 3.568466007710e-01 2.237257510424e-01 1.395410597324e-01 1.042028069496e-01 6.546342372894e-02 5.393638834357e-02 5.768603459001e-02 5.831751972437e-02 5.327463150024e-02 4.929872229695e-02 5.718009173870e-02 6.268292665482e-02 6.573086977005e-02 6.368040293455e-02 5.849075317383e-02 6.998915970325e-02 7.826736569405e-02 7.778227329254e-02 6.452117115259e-02 5.096871033311e-02 5.238892510533e-02 5.761872231960e-02 5.519114807248e-02 4.859131947160e-02 4.909991100430e-02 6.024057418108e-02 6.674680113792e-02 6.425949931145e-02 7.308673113585e-02 7.939127832651e-02 8.094517886639e-02 8.720470964909e-02 9.584271907806e-02
3.593385934830e+00 2.984579086304e+00 9.559152722359e-01 7.472578287125e-01 7.965030074120e-01 4.650051891804e-01 7.737931013107e-01 1.055309057236e+00 7.059918642044e-01 3.515792489052e-01 3.174728155136e-01 1.608076095581e-01 1.466964632273e-01 1.399146020412e-01 8.814576268196e-02 6.921944022179e-02 5.891331285238e-02 5.615200474858e-02 4.859227687120e-02 4.758379235864e-02 5.756442621350e-02 6.906773149967e-02 7.609728723764e-02 7.134260982275e-02 6.116101890802e-02 5.262073501945e-02 5.751540884376e-02 6.173146888614e-02 6.161040812731e-02 6.362486630678e-02 5.732475966215e-02 5.278770253062e-02 5.283642187715e-02 4.811896383762e-02 4.660203680396e-02 5.564365535975e-02 6.099082529545e-02 5.956154689193e-02 6.578805297613e-02 7.403476536274e-02 7.770677655935e-02 8.710979670286e-02 1.091468036175e-01
5.623762607574e+00 2.478142261505e+00 5.268173217773e-01 3.590620756149e-01 2.733111679554e-01 3.310177326202e-01 3.542129099369e-01 7.981959581375e-01 8.159502744675e-01 5.025794506073e-01 2.528561353683e-01 1.458748131990e-01 1.271151751280e-01 1.337828040123e-01 1.104543656111e-01 6.821925938129e-02 5.820498242974e-02 5.408488586545e-02 4.511918127537e-02 4.708878323436e-02 5.902997776866e-02 7.717562466860e-02 8.436468243599e-02 7.512068748474e-02 6.325311958790e-02 5.584155768156e-02 5.978198349476e-02 6.671165674925e-02 6.968180835247e-02 6.636737287045e-02 6.161485984921e-02 5.133958533406e-02 5.867481604218e-02 4.806938767433e-02 4.446402192116e-02 4.887000843883e-02 6.155074760318e-02 6.790956854820e-02 7.249501347542e-02 8.258643001318e-02 9.504111856222e-02 9.873548150063e-02 9.592329710722e-02
4.874011516571e+00 1.487720489502e+00 3.944555222988e-01 2.219280898571e-01 2.010596096516e-01 2.262734025717e-01 4.073421955109e-01 5.233442187309e-01 6.208093762398e-01 4.337000846863e-01 2.896856367588e-01 1.693939417601e-01 1.070126518607e-01 9.707120805979e-02 9.354846179485e-02 7.932475209236e-02 6.498576700687e-02 7.165685296059e-02 5.996742472053e-02 5.197847262025e-02 6.493459641933e-02 8.692901581526e-02 9.069375693798e-02 7.634483277798e-02 6.498036533594e-02 5.935550108552e-02 6.277860701084e-02 7.047995924950e-02 7.582318782806e-02 7.063880562782e-02 6.061615794897e-02 5.033577233553e-02 6.001195311546e-02 4.632444307208e-02 4.424435645342e-02 4.192979261279e-02 4.618437960744e-02 6.094806641340e-02 7.778300344944e-02 1.003386676311e-01 1.226550862193e-01 1.313716173172e-01 1.327432990074e-01
2.547312021255e+00 4.897724688053e-01 2.314966619015e-01 2.037248164415e-01 1.693727970123e-01 1.629762947559e-01 2.619891464710e-01 1.461345404387e-01 3.763594627380e-01 5.687211751938e-01 4.144525527954e-01 3.171196281910e-01 1.563631445169e-01 9.746841341257e-02 8.358958363533e-02 8.434933423996e-02 8.965331315994e-02 8.081451058388e-02 7.172313332558e-02 6.323975324631e-02 7.751674205065e-02 9.553677588701e-02 9.227348864079e-02 7.789085805416e-02 6.967943161726e-02 6.572818011045e-02 6.649662554264e-02 7.406833767891e-02 8.001165091991e-02 7.631669193506e-02 6.377461552620e-02 5.047478154302e-02 5.680493637919e-02 5.123892799020e-02 4.371009021997e-02 4.364130273461e-02 4.222001880407e-02 4.425001144409e-02 5.620391666889e-02 8.601504564285e-02 1.174602508545e-01 1.367607861757e-01 1.477782428265e-01
6.873813271523e-01 2.801324129105e-01 1.845746338367e-01 1.753044724464e-01 1.309670656919e-01 1.210440322757e-01 1.181566491723e-01 1.166859343648e-01 1.368040591478e-01 4.681293368340e-01 5.197484493256e-01 7.619941234589e-01 4.890562295914e-01 1.778458356857e-01 1.114121600986e-01 9.322860091925e-02 1.023555099964e-01 1.207911223173e-01 1.128200888634e-01 9.085218608379e-02 8.813941478729e-02 9.910634905100e-02 8.945599943399e-02 7.746022194624e-02 7.306966930628e-02 7.253200560808e-02 7.407934218645e-02 7.568941265345e-02 8.174466341734e-02 8.153579384089e-02 7.010225951672e-02 5.411522090435e-02 5.351081117988e-02 5.327955633402e-02 5.003737658262e-02 5.134238675237e-02 5.091592669487e-02 5.016017332673e-02 4.967684671283e-02 4.981409385800e-02 6.671767681837e-02 8.864122629166e-02 1.043981909752e-01
2.598573565483e-01 1.554484069347e-01 1.648822724819e-01 1.428062915802e-01 1.116253063083e-01 1.013429164886e-01 8.882814645767e-02 9.004978090525e-02 1.040163785219e-01 1.938760727644e-01 7.768920660019e-01 1.904550552368e+00 1.308183550835e+00 4.189808666706e-01 1.856494992971e-01 1.163822636008e-01 1.071672588587e-01 1.282576769590e-01 1.245520934463e-01 1.301878541708e-01 1.255604177713e-01 1.037074774504e-01 9.300098568201e-02 8.370976895094e-02 8.133649826050e-02 8.214260637760e-02 8.219083398581e-02 8.028351515532e-02 8.169997483492e-02 8.546141535044e-02 7.690230756998e-02 5.632774904370e-02 5.243371427059e-02 5.153902247548e-02 5.384778231382e-02 5.791394039989e-02 6.069546192884e-02 6.166131049395e-02 6.136009469628e-02 5.936668068171e-02 5.796336755157e-02 6.101767346263e-02 6.299618631601e-02
2.231850326061e-01 1.354658156633e-01 1.462956219912e-01 1.111985146999e-01 8.728522062302e-02 8.250608295202e-02 7.248672842979e-02 7.693352550268e-02 7.702789455652e-02 1.364611983299e-01 5.887756347656e-01 1.585623860359e+00 1.433315992355e+00 9.246299862862e-01 2.257118225098e-01 1.291681677103e-01 9.861135482788e-02 1.405672580004e-01 1.673648655415e-01 1.574233323336e-01 1.290349364281e-01 1.010873764753e-01 1.004975214601e-01 9.481947869062e-02 9.188122302294e-02 9.000332653522e-02 8.638645708561e-02 7.903899252415e-02 8.198078721762e-02 8.598045259714e-02 7.554997503757e-02 5.940786749125e-02 6.145512685180e-02 5.949441716075e-02 5.647927522659e-02 5.398210883141e-02 5.775240436196e-02 6.006826832891e-02 5.959400534630e-02 5.597252026200e-02 6.056400015950e-02 7.154248654842e-02 7.935866713524e-02
2.745274305344e-01 1.439484059811e-01 1.275891065598e-01 9.406567364931e-02 7.162379473448e-02 6.760656088591e-02 6.915657967329e-02 6.850761175156e-02 6.628540903330e-02 8.568671345711e-02 2.244981229305e-01 8.135707378387e-01 2.958405494690e+00 2.285482645035e+00 3.860673606396e-01 1.505865007639e-01 1.645999550819e-01 1.760382205248e-01 1.569979190826e-01 1.253095567226e-01 1.020651161671e-01 1.043792366982e-01 1.110940724611e-01 1.079750880599e-01 1.009766384959e-01 9.190490841866e-02 7.973544299603e-02 7.263880223036e-02 8.422610908747e-02 8.612521737814e-02 7.873161137104e-02 8.762357383966e-02 8.800095319748e-02 8.339586108923e-02 7.506397366524e-02 5.852067843080e-02 4.773413389921e-02 4.762478172779e-02 4.806480556726e-02 5.180496722460e-02 6.087978556752e-02 7.586511969566e-02 9.401823580265e-02
2.903726994991e-01 1.630768626928e-01 1.226116642356e-01 8.211853355169e-02 6.444767117500e-02 6.748913973570e-02 6.660538911819e-02 6.405199319124e-02 5.783803388476e-02 6.557366997004e-02 1.273485124111e-01 4.149236977100e-01 1.442105174065e+00 1.275383353233e+00 4.310208857059e-01 2.479274421930e-01 2.044755816460e-01 1.591279953718e-01 1.229441240430e-01 9.845399111509e-02 9.858810156584e-02 1.056494563818e-01 1.127617359161e-01 1.076678559184e-01 9.336494654417e-02 7.598330825567e-02 6.255742162466e-02 6.783956289291e-02 8.422319591045e-02 8.806877583265e-02 9.325988590717e-02 1.026807278395e-01 1.022037640214e-01 9.545741975307e-02 8.127813786268e-02 5.928260460496e-02 6.093369424343e-02 6.337013840675e-02 6.707333028316e-02 7.018347084522e-02 7.086100429296e-02 7.787495851517e-02 1.004574745893e-01
2.713231146336e-01 1.458214670420e-01 1.032118275762e-01 6.458409130573e-02 6.176475435495e-02 6.650336086750e-02 6.421632319689e-02 5.559111759067e-02 4.425125196576e-02 5.892249196768e-02 1.082897856832e-01 1.841317564249e-01 5.117625594139e-01 6.120089292526e-01 4.463473856449e-01 2.748251855373e-01 1.744794398546e-01 1.243521720171e-01 1.155142262578e-01 1.126569509506e-01 1.019497141242e-01 9.677535295486e-02 9.392476081848e-02 8.283681422472e-02 6.559845060110e-02 5.818597599864e-02 5.724590271711e-02 6.080804392695e-02 7.810924202204e-02 8.691360056400e-02 6.596554070711e-02 7.210426032543e-02 7.230345904827e-02 6.778377294540e-02 6.378906220198e-02 7.001360505819e-02 7.594506442547e-02 8.364288508892e-02 9.178051352501e-02 9.623929858208e-02 9.444678574800e-02 8.771766722202e-02 9.841142594814e-02
2.422645390034e-01 1.123674735427e-01 7.434820383787e-02 4.796073958278e-02 5.774394422770e-02 6.394493579865e-02 6.123305857182e-02 5.058252066374e-02 3.744878992438e-02 5.287409201264e-02 9.723751246929e-02 1.508931517601e-01 3.564754426479e-01 4.602749347687e-01 3.600775599480e-01 2.143110483885e-01 1.331788450480e-01 1.241748109460e-01 1.225737780333e-01 1.032037883997e-01 8.244778960943e-02 6.912570446730e-02 6.069173291326e-02 5.103578791022e-02 4.816643893719e-02 4.713789373636e-02 4.698355868459e-02 5.159715935588e-02 6.781107187271e-02 7.900147885084e-02 6.174908205867e-02 4.891457781196e-02 4.565320536494e-02 5.854399129748e-02 6.955490261316e-02 7.936576753855e-02 9.072214365005e-02 1.047266349196e-01 1.177253797650e-01 1.229255646467e-01 1.167356446385e-01 1.026640906930e-01 9.683101624250e-02
