VariationalSeries/SI/f72_max.grd
DSAA
101	101
32.816463539100	34.260883539100
35.556306596100	36.727886596100
1.643951749429e-03	3.021385192871e+02
[rows 0 to 18 of 101, columns 0 to 42 of 101]
2.547354996204e-01 4.548665583134e-01 4.027538001537e-01 2.411338239908e-01 2.102347761393e-01 2.754925191402e-01 5.462327003479e-01 7.581021189690e-01 6.751736998558e-01 4.011168777943e-01 2.486353814602e-01 2.856594622135e-01 3.031982183456e-01 2.926823198795e-01 2.509607672691e-01 3.800090253353e-01 5.705916881561e-01 6.616750955582e-01 4.739121496677e-01 3.040437996387e-01 3.526037931442e-01 3.818468451500e-01 2.724628448486e-01 2.440953701735e-01 2.641107439995e-01 3.607804179192e-01 5.394012331963e-01 6.166141033173e-01 8.194217085838e-01 6.545675992966e-01 4.791006147861e-01 4.504104852676e-01 3.911680877209e-01 3.106088340282e-01 2.513006925583e-01 2.439443767071e-01 2.249073982239e-01 3.042452633381e-01 4.255486130714e-01 4.869181513786e-01 4.074318706989e-01 3.533423542976e-01 3.366044461727e-01
4.718273878098e-01 8.898295760155e-01 8.721685409546e-01 6.089520454407e-01 4.386234283447e-01 5.327237248421e-01 1.051591396332e+00 1.447771310806e+00 1.275170922279e+00 7.391998767853e-01 4.273947477341e-01 4.885812997818e-01 5.158635973930e-01 4.910344183445e-01 4.221774339676e-01 5.669438838959e-01 9.005591273308e-01 1.178916811943e+00 1.067315101624e+00 6.392847299576e-01 6.435078978539e-01 9.963629841805e-01 5.265494585037e-01 4.782401025295e-01 5.450385212898e-01 7.054479122162e-01 9.047671556473e-01 1.034328103065e+00 1.558303236961e+00 1.216017127037e+00 7.796155214310e-01 7.067497372627e-01 7.116370797157e-01 5.300895571709e-01 5.707445144653e-01 5.974198579788e-01 6.017552614212e-01 6.756263971329e-01 8.475926518440e-01 8.516278266907e-01 6.297932267189e-01 6.378706097603e-01 6.966189742088e-01
4.628333151340e-01 9.489132165909e-01 1.063111543655e+00 9.098380208015e-01 5.849439501762e-01 6.156997084618e-01 1.218266248703e+00 1.647595643997e+00 1.405039191246e+00 7.660570740700e-01 5.407044291496e-01 6.093545556068e-01 6.294122934341e-01 5.823000669479e-01 4.795265793800e-01 4.544207155704e-01 5.951304435730e-01 8.867080211639e-01 1.013133287430e+00 8.252546787262e-01 1.030071496964e+00 1.540824413300e+00 6.784073114395e-01 5.935966968536e-01 7.262179851532e-01 8.786611557007e-01 9.119268655777e-01 9.413179755211e-01 1.818173170090e+00 1.365079283714e+00 7.573877573013e-01 6.496614217758e-01 9.723650217056e-01 5.194699764252e-01 5.364960432053e-01 6.164702177048e-01 7.768770456314e-01 9.820649623871e-01 1.025313615799e+00 8.488535881042e-01 8.597255349159e-01 5.928208231926e-01 7.818982005119e-01
4.159916639328e-01 9.124699831009e-01 1.078667044640e+00 1.101398825645e+00 8.848218321800e-01 6.313349008560e-01 1.275045871735e+00 1.688045501709e+00 1.359920263290e+00 6.592526435852e-01 5.996764898300e-01 6.616700887680e-01 6.586754918098e-01 5.860539674759e-01 4.661500453949e-01 4.648268222809e-01 4.428679943085e-01 5.181707739830e-01 6.724901199341e-01 7.832254767418e-01 1.727808117867e+00 1.961610913277e+00 7.665487527847e-01 6.533634662628e-01 8.029553294182e-01 9.202346205711e-01 8.804097771645e-01 8.772079944611e-01 1.823869705200e+00 1.329194188118e+00 6.787784695625e-01 5.583942532539e-01 1.120166182518e+00 5.978549718857e-01 6.068840026855e-01 8.562710285187e-01 1.057361960411e+00 1.100443959236e+00 9.309064745903e-01 1.079227328300e+00 1.039098143578e+00 6.459590792656e-01 7.180956006050e-01
4.074420630932e-01 8.744000792503e-01 1.032536745071e+00 1.135071516037e+00 1.085060954094e+00 7.667328715324e-01 1.303331375122e+00 1.689556717873e+00 1.277747750282e+00 5.571755766869e-01 6.445080637932e-01 6.857016086578e-01 6.782349348068e-01 6.757445335388e-01 6.213575005531e-01 5.259674787521e-01 4.899919331074e-01 4.847730994225e-01 7.128981351852e-01 1.436254620552e+00 2.401406526566e+00 2.156408071518e+00 8.245374560356e-01 9.143732786179e-01 8.052886128426e-01 9.010518789291e-01 8.084835410118e-01 8.744076490402e-01 1.728902459145e+00 1.253793954849e+00 8.021848201752e-01 6.342869997025e-01 1.193702697754e+00 6.810553073883e-01 9.532933235168e-01 1.139031171799e+00 1.150254726410e+00 9.705851078033e-01 6.684535145760e-01 1.109846591949e+00 1.283807754517e+00 8.641026020050e-01 5.704054236412e-01
3.762525320053e-01 7.653891444206e-01 9.232355356216e-01 1.003091096878e+00 1.110871911049e+00 9.239819049835e-01 1.305082678795e+00 1.639222264290e+00 1.154915332794e+00 6.125628948212e-01 6.857708692551e-01 7.664148807526e-01 8.172182440758e-01 7.920672297478e-01 7.141374945641e-01 5.832439661026e-01 4.726159870625e-01 5.117692947388e-01 1.132241129875e+00 2.045133352280e+00 2.794473171234e+00 2.132005453110e+00 9.149721264839e-01 1.393152117729e+00 8.578391671181e-01 8.466956615448e-01 7.255881428719e-01 9.445798993111e-01 1.549040675163e+00 1.246210932732e+00 8.097090721130e-01 6.598185300827e-01 1.382528185844e+00 1.019117355347e+00 1.207265257835e+00 1.192239046097e+00 9.892574548721e-01 6.845446825027e-01 7.544180750847e-01 1.046951174736e+00 1.574361681938e+00 1.005420088768e+00 5.457038283348e-01
4.751210212708e-01 8.430908322334e-01 7.878324389458e-01 7.797095775604e-01 9.619861245155e-01 9.303928017616e-01 1.287640213966e+00 1.570842385292e+00 1.039575338364e+00 6.767444014549e-01 7.703564167023e-01 8.765335083008e-01 8.893646597862e-01 8.289234638214e-01 7.079771757126e-01 6.549924015999e-01 6.313024163246e-01 7.869330644608e-01 1.525334835052e+00 2.442309141159e+00 2.895867586136e+00 1.949893355370e+00 1.162904858589e+00 1.767354846001e+00 1.244072198868e+00 7.861304879189e-01 6.857303380966e-01 1.745157599449e+00 2.454405307770e+00 1.590947985649e+00 8.970512151718e-01 7.702654004097e-01 1.517020702362e+00 1.195080637932e+00 1.193506121635e+00 9.906396269798e-01 6.908333301544e-01 7.574564218521e-01 1.097297072411e+00 1.384661674500e+00 1.620904207230e+00 1.172643542290e+00 5.815363526344e-01
4.837049841881e-01 9.661496281624e-01 9.972530007362e-01 7.216255068779e-01 6.995546817780e-01 7.813166975975e-01 1.272791862488e+00 1.539805889130e+00 9.710447192192e-01 7.342230081558e-01 8.686127662659e-01 9.278967976570e-01 8.991189599037e-01 7.959839701653e-01 7.256771326065e-01 8.417142033577e-01 9.388350248337e-01 1.035907268524e+00 1.865315914154e+00 2.648417234421e+00 2.844588994980e+00 1.755133748055e+00 1.265851974487e+00 1.945028185844e+00 1.514763116837e+00 9.669557213783e-01 6.951802372932e-01 2.647740125656e+00 3.436803579330e+00 1.869944453239e+00 9.803496003151e-01 8.770976662636e-01 1.495527625084e+00 1.098463654518e+00 1.071105599403e+00 7.619152665138e-01 7.268072366714e-01 1.082177639008e+00 1.429028868675e+00 1.578085064888e+00 1.430061459541e+00 1.486537694931e+00 6.580001115799e-01
4.200353622437e-01 9.166342616081e-01 1.137809395790e+00 1.034406900406e+00 6.978654265404e-01 6.823272109032e-01 1.261767148972e+00 1.529986858368e+00 9.370858669281e-01 8.266049623489e-01 9.203136563301e-01 9.309144616127e-01 8.547884225845e-01 7.288061380386e-01 7.698125839233e-01 8.964994549751e-01 1.214312314987e+00 1.237939953804e+00 2.053478956223e+00 2.607667684555e+00 2.584580898285e+00 1.526981830597e+00 1.296639680862e+00 1.861732840538e+00 1.635396003723e+00 1.118221163750e+00 8.787852525711e-01 3.412062168121e+00 4.007905960083e+00 2.064823865891e+00 1.091203093529e+00 8.374256491661e-01 1.515967249870e+00 9.969879984856e-01 1.175361871719e+00 1.122519850731e+00 1.087103486061e+00 1.457391738892e+00 1.676222920418e+00 1.585033297539e+00 1.165470004082e+00 1.847562551498e+00 7.699514031410e-01
4.324021935463e-01 7.643440365791e-01 1.076405763626e+00 1.216749191284e+00 1.037150502205e+00 7.137430906296e-01 1.267065882683e+00 1.530351161957e+00 9.177173972130e-01 8.737875223160e-01 9.226709008217e-01 8.858958482742e-01 9.574938416481e-01 1.043788313866e+00 1.092883706093e+00 1.109540104866e+00 1.319723963737e+00 1.426366567612e+00 2.109598398209e+00 2.419341802597e+00 2.242312431335e+00 1.305767893791e+00 1.175864100456e+00 1.628935337067e+00 1.580536246300e+00 1.150408744812e+00 9.520499110222e-01 3.870136737823e+00 4.257833957672e+00 2.144169569016e+00 9.565774798393e-01 7.415277957916e-01 1.643174171448e+00 9.892696738243e-01 1.203047037125e+00 1.171538591385e+00 1.513736724854e+00 1.743156909943e+00 1.706223487854e+00 1.367640972137e+00 1.008396983147e+00 2.010998249054e+00 1.004306793213e+00
4.365974664688e-01 8.733441829681e-01 9.014533758163e-01 1.168066143990e+00 1.276037693024e+00 1.025874018669e+00 1.257691740990e+00 1.508511185646e+00 8.896442055702e-01 8.825544118881e-01 9.619603753090e-01 1.126058101654e+00 1.249511361122e+00 1.319179415703e+00 1.352654814720e+00 1.366497993469e+00 1.354127407074e+00 1.743642687798e+00 2.441614389420e+00 2.584490537643e+00 2.170847892761e+00 1.603151917458e+00 1.123515844345e+00 1.390503406525e+00 1.426252841949e+00 1.025750756264e+00 1.108016014099e+00 4.082498073578e+00 4.356194019318e+00 2.104789257050e+00 9.018772244453e-01 7.831310629845e-01 1.608346104622e+00 1.008394241333e+00 1.338752627373e+00 1.623729109764e+00 1.811453938484e+00 1.777748107910e+00 1.475775837898e+00 1.132498502731e+00 1.143759846687e+00 1.936875581741e+00 1.306975007057e+00
3.711636662483e-01 7.807455062866e-01 9.334683418274e-01 9.781036973000e-01 1.264129400253e+00 1.330687165260e+00 1.221293330193e+00 1.455950260162e+00 8.578478097916e-01 1.037432312965e+00 1.206902027130e+00 1.345739841461e+00 1.441747307777e+00 1.497753858566e+00 1.518327116966e+00 1.517891287804e+00 1.504568338394e+00 2.324741840363e+00 3.172117710114e+00 3.289522409439e+00 2.830564498901e+00 2.215794801712e+00 1.619653940201e+00 1.180308938026e+00 1.578301429749e+00 1.512620568275e+00 1.352480888367e+00 3.919472217560e+00 3.859826087952e+00 1.919611573219e+00 1.114476680756e+00 1.316210269928e+00 1.485339999199e+00 1.611880779266e+00 1.828240513802e+00 1.910696268082e+00 1.833186745644e+00 1.543749570847e+00 1.514594674110e+00 1.761923313141e+00 1.315141916275e+00 1.660946011543e+00 1.588615894318e+00
3.006318509579e-01 5.890257954597e-01 7.799290418625e-01 9.215422868729e-01 1.073194384575e+00 1.356952667236e+00 1.362419724464e+00 1.379318952560e+00 1.064974308014e+00 1.237257838249e+00 1.361371278763e+00 1.441293239594e+00 1.489910364151e+00 1.517805457115e+00 1.521937370300e+00 1.516802549362e+00 1.519739270210e+00 2.564816474915e+00 3.458301544189e+00 3.523063182831e+00 3.040125608444e+00 2.472094058990e+00 1.930787563324e+00 1.412538647652e+00 2.128519296646e+00 2.057299137115e+00 1.733815908432e+00 3.419147253036e+00 3.039528608322e+00 1.636537075043e+00 1.948839664459e+00 2.195237636566e+00 2.183204889297e+00 2.106909036636e+00 2.084622144699e+00 1.979593038559e+00 1.915719389915e+00 1.814395427704e+00 1.657026648521e+00 2.376712322235e+00 1.489551305771e+00 1.268702507019e+00 2.048548698425e+00
3.805543184280e-01 7.448393702507e-01 7.333313226700e-01 7.119659185410e-01 8.708874583244e-01 1.168923139572e+00 1.454793334007e+00 1.387163877487e+00 1.185977697372e+00 1.317587971687e+00 1.384281754494e+00 1.406551361084e+00 1.397643923759e+00 1.367715239525e+00 1.334463596344e+00 1.330312967300e+00 1.366634845734e+00 2.360137939453e+00 3.118526458740e+00 3.217463970184e+00 2.883382320404e+00 2.441620826721e+00 2.014412403107e+00 1.592503547668e+00 2.109627723694e+00 2.178421497345e+00 1.922722697258e+00 2.805963516235e+00 2.228174686432e+00 1.701238989830e+00 2.291244745255e+00 2.588539600372e+00 2.467848539352e+00 2.257894277573e+00 1.996328592300e+00 1.873717784882e+00 1.765932321548e+00 1.642150640488e+00 1.498371124268e+00 2.509866714478e+00 2.310506105423e+00 1.311956167221e+00 2.329574346542e+00
4.899133145809e-01 9.792753458023e-01 9.837681651115e-01 9.651330113411e-01 9.319658875465e-01 9.119365811348e-01 1.280399203300e+00 1.557781815529e+00 1.377090811729e+00 1.291286587715e+00 1.308997511864e+00 1.281896114349e+00 1.226292490959e+00 1.152070283890e+00 1.087844133377e+00 1.074465632439e+00 1.118038892746e+00 1.869354128838e+00 2.402714252472e+00 2.529453277588e+00 2.363554477692e+00 2.121507167816e+00 1.873004674911e+00 1.606301903725e+00 1.660331845284e+00 1.808719038963e+00 1.765718340874e+00 2.821265935898e+00 1.640770912170e+00 1.752425312996e+00 2.269012451172e+00 2.520238637924e+00 2.411981821060e+00 1.994684338570e+00 1.451559305191e+00 1.599547982216e+00 1.314833998680e+00 1.390485048294e+00 1.353202223778e+00 2.074863195419e+00 3.076413393021e+00 1.332628965378e+00 2.346734046936e+00
4.962081015110e-01 1.007635354996e+00 1.043201208115e+00 1.093924045563e+00 1.131354570389e+00 1.140292882919e+00 1.152184247971e+00 1.404981970787e+00 1.631673097610e+00 1.309106469154e+00 1.179018020630e+00 1.119947314262e+00 1.043452382088e+00 9.919219613075e-01 1.066927909851e+00 1.095172524452e+00 1.161242008209e+00 1.604773521423e+00 1.688490271568e+00 1.806911230087e+00 1.767925858498e+00 1.640876770020e+00 1.533708572388e+00 1.454587459564e+00 1.391621828079e+00 1.363536477089e+00 1.826881766319e+00 2.993925094604e+00 2.022109508514e+00 1.978716254234e+00 2.356851816177e+00 2.392349243164e+00 1.993825793266e+00 1.972504973412e+00 1.072371959686e+00 1.894562125206e+00 1.748128175735e+00 1.619133353233e+00 1.388673901558e+00 1.459308385849e+00 3.491385698318e+00 1.919742941856e+00 2.086102247238e+00
5.548099875450e-01 9.583479762077e-01 9.477013349533e-01 9.920326471329e-01 1.043099761009e+00 1.149468541145e+00 1.217911958694e+00 1.278383731842e+00 1.506729125977e+00 1.592469573021e+00 1.322296500206e+00 1.305833935738e+00 1.317104458809e+00 1.193748354912e+00 1.103876471519e+00 1.206875801086e+00 1.318614602089e+00 1.654452323914e+00 1.668339490891e+00 1.381374120712e+00 1.212477326393e+00 1.428792238235e+00 1.779979109764e+00 1.847357988358e+00 1.667497158051e+00 1.364349961281e+00 2.024346828461e+00 3.056116104126e+00 2.035615921021e+00 2.139213562012e+00 2.249649763107e+00 2.304697275162e+00 2.462342023849e+00 2.200561046600e+00 1.379688382149e+00 2.128979682922e+00 1.948900461197e+00 1.613329410553e+00 1.215322971344e+00 1.419881343842e+00 3.354251384735e+00 2.936671972275e+00 1.612821817398e+00
6.349288821220e-01 1.170271873474e+00 1.262321829796e+00 1.090734481812e+00 9.977744221687e-01 1.078005075455e+00 1.099865555763e+00 1.058684587479e+00 1.157487750053e+00 1.470734953880e+00 1.615926146507e+00 1.660792469978e+00 1.630175948143e+00 1.499600410461e+00 1.427742481232e+00 1.375789523125e+00 1.334783434868e+00 1.660210728645e+00 1.740725755692e+00 1.531305670738e+00 1.244061350822e+00 1.142031431198e+00 1.258698582649e+00 1.400486946106e+00 1.434212088585e+00 1.447859048843e+00 1.774208188057e+00 2.944670200348e+00 2.101481437683e+00 1.818389773369e+00 2.081669569016e+00 2.391063213348e+00 2.658398151398e+00 2.257900238037e+00 1.590125083923e+00 2.347780227661e+00 1.873151540756e+00 1.455911517143e+00 1.104949235916e+00 1.297924041748e+00 2.705009460449e+00 3.969357252121e+00 1.773526906967e+00
6.246672868729e-01 1.225748777390e+00 1.459129571915e+00 1.376290917397e+00 1.043579697609e+00 8.061417341232e-01 9.759590029716e-01 1.104350447655e+00 1.183252215385e+00 1.193855285645e+00 1.597018122673e+00 1.768931269646e+00 1.663427948952e+00 1.666965484619e+00 1.686069011688e+00 1.662655949593e+00 1.474245429039e+00 1.648694872856e+00 1.801291227341e+00 1.636886119843e+00 1.220422506332e+00 1.482775449753e+00 1.394250869751e+00 1.443105101585e+00 1.283017992973e+00 1.267551302910e+00 1.333262681961e+00 2.735333681107e+00 2.489868640900e+00 1.959880352020e+00 1.908363223076e+00 2.028339624405e+00 2.502670288086e+00 2.230668544769e+00 1.798643231392e+00 2.265081882477e+00 1.638856291771e+00 1.311538577080e+00 1.242977619171e+00 1.156609654427e+00 1.852638959885e+00 4.643277168274e+00 1.855716943741e+00
