VariationalSeries/SI/f73_max.grd
DSAA
101	101
32.816463539100	34.260883539100
35.556306596100	36.727886596100
2.735876478255e-03	5.036894226074e+02
[rows 57 to 75 of 101, columns 43 to 85 of 101]
1.971202850342e+00 2.364486217499e+00 1.236047029495e+00 1.387142777443e+00 1.366175293922e+00 2.139240026474e+00 2.330071926117e+00 3.544849872589e+00 2.753250360489e+00 1.493859052658e+00 1.083845853806e+00 9.007034301758e-01 6.746690273285e-01 1.148085832596e+00 5.278730869293e+00 1.753054046631e+01 3.568829345703e+01 3.584507369995e+01 6.328890228271e+01 1.728432273865e+01 4.915229320526e+00 3.891854524612e+00 6.765939235687e+00 1.246512794495e+01 2.132876968384e+01 1.945800018311e+01 2.125271224976e+01 1.706430244446e+01 2.145060729980e+01 2.027733039856e+01 2.120699119568e+01 1.583711528778e+01 1.619143676758e+01 2.286286926270e+01 1.424049758911e+01 8.990488052368e+00 1.043508052826e+01 1.433329010010e+01 1.796528816223e+01 1.303369140625e+01 5.467046737671e+00 5.026774406433e+00 4.846179962158e+00
1.566694855690e+00 3.742860555649e+00 1.000995159149e+00 1.070955753326e+00 1.056052684784e+00 1.562522768974e+00 2.930400133133e+00 9.273988723755e+00 7.334419250488e+00 1.608992934227e+00 1.022410511971e+00 7.056572437286e-01 5.447270870209e-01 5.412285923958e-01 1.112280845642e+00 1.060208511353e+01 1.220890712738e+01 1.219928646088e+01 9.900116920471e+00 9.880429267883e+00 6.912121772766e+00 5.242039203644e+00 4.048812866211e+00 2.609078407288e+00 6.669502735138e+00 1.292160129547e+01 2.293512725830e+01 2.380198860168e+01 2.586692619324e+01 1.389966869354e+01 1.840987396240e+01 1.659650421143e+01 1.425304794312e+01 1.295139980316e+01 1.314172363281e+01 9.777853965759e+00 9.627221107483e+00 1.126026916504e+01 1.098546314240e+01 9.995116233826e+00 1.032365703583e+01 1.078448963165e+01 1.005940055847e+01
1.353664994240e+00 1.503793835640e+00 9.051352143288e-01 9.698836207390e-01 9.814049005508e-01 1.416328787804e+00 4.184184074402e+00 2.176959609985e+01 1.782654762268e+01 2.600024938583e+00 1.064683794975e+00 6.058963537216e-01 4.228121042252e-01 3.839695155621e-01 4.006837010384e-01 4.922202527523e-01 6.369637846947e-01 8.882095813751e-01 1.743402719498e+00 1.460855484009e+00 1.703947305679e+00 1.954752087593e+00 1.300252437592e+00 1.312248349190e+00 3.259341478348e+00 1.505919933319e+01 2.586580467224e+01 2.991984176636e+01 2.872112846375e+01 2.884077644348e+01 1.862397193909e+01 1.611790466309e+01 1.358093166351e+01 1.284266948700e+01 1.795898818970e+01 1.551635646820e+01 1.289901065826e+01 8.079154968262e+00 8.375347137451e+00 6.994191169739e+00 6.292585849762e+00 5.724116802216e+00 4.973521709442e+00
1.242806196213e+00 1.111343502998e+00 8.728836178780e-01 9.779106974602e-01 1.092184066772e+00 1.430059671402e+00 2.875749015808e+01 1.255396938324e+01 1.387460899353e+01 1.967479705811e+00 9.309303760529e-01 5.802531242371e-01 3.823229372501e-01 3.119273483753e-01 2.986924350262e-01 3.164916932583e-01 3.794585168362e-01 4.999347925186e-01 6.797172427177e-01 8.336713314056e-01 9.225289225578e-01 1.866461992264e+00 9.645884037018e-01 8.944112062454e-01 2.719403982162e+00 5.962677478790e+00 2.135064888000e+01 2.487817382812e+01 2.541674804688e+01 2.734385299683e+01 2.331811141968e+01 1.771951103210e+01 1.245200061798e+01 1.576486778259e+01 1.082374668121e+01 9.527123451233e+00 7.899403095245e+00 6.518511772156e+00 6.112729072571e+00 6.118419647217e+00 6.306187152863e+00 9.266029357910e+00 1.259426879883e+01
1.047719836235e+00 8.107674121857e-01 8.546103239059e-01 1.032242894173e+00 1.744437932968e+00 2.744410753250e+00 8.029170036316e+00 1.864998435974e+01 6.650428295135e+00 1.061231255531e+00 6.734536290169e-01 4.930394589901e-01 3.478911817074e-01 2.612057626247e-01 2.396453619003e-01 2.402430027723e-01 2.631787359715e-01 3.512274622917e-01 4.839319586754e-01 5.541577935219e-01 5.610107183456e-01 1.149118781090e+00 7.000563144684e-01 7.947322130203e-01 1.685142040253e+00 5.611494541168e+00 1.518968963623e+01 2.040828895569e+01 2.175156593323e+01 1.691326904297e+01 1.285185146332e+01 1.834694671631e+01 1.256318473816e+01 8.663946151733e+00 9.795137405396e+00 1.282605266571e+01 1.156613445282e+01 7.796483993530e+00 7.244750022888e+00 7.034095764160e+00 6.893530368805e+00 8.025979042053e+00 9.636647224426e+00
7.563982009888e-01 6.281480193138e-01 7.827446460724e-01 1.737673521042e+00 5.092808246613e+00 1.098696231842e+01 1.428868770599e+01 8.765909194946e+00 9.492267370224e-01 6.443415880203e-01 4.747260808945e-01 3.914227485657e-01 3.061577677727e-01 2.479561120272e-01 2.181575745344e-01 2.266671806574e-01 2.378900796175e-01 2.895320355892e-01 4.179483950138e-01 5.149408578873e-01 5.476976037025e-01 5.637667179108e-01 5.676823854446e-01 8.494359850883e-01 2.032547712326e+00 5.274470329285e+00 6.455056190491e+00 6.364387989044e+00 1.276548576355e+01 1.476819992065e+01 1.735466766357e+01 1.108629417419e+01 1.418399047852e+01 1.041694068909e+01 1.202058124542e+01 1.408890819550e+01 2.795160293579e+01 1.758501052856e+01 1.035480499268e+01 8.102259635925e+00 8.319941520691e+00 8.161149024963e+00 7.873288154602e+00
4.937888681889e-01 5.117279291153e-01 6.460950374603e-01 8.137863874435e-01 2.012148618698e+00 1.151794910431e+01 7.068094730377e+00 9.618995785713e-01 5.629919171333e-01 5.017440319061e-01 4.228868782520e-01 3.571082949638e-01 2.817950546741e-01 2.378248721361e-01 2.112426906824e-01 2.318768054247e-01 2.437297403812e-01 2.372298687696e-01 3.426377773285e-01 4.379545450211e-01 4.957057237625e-01 4.935021698475e-01 5.990085005760e-01 9.668787717819e-01 2.993530035019e+00 5.954574108124e+00 3.565783023834e+00 4.673882484436e+00 4.438653945923e+00 2.231980323792e+01 3.232650375366e+01 1.779674911499e+01 9.831739425659e+00 1.320112514496e+01 5.354095935822e+00 5.577318668365e+00 2.032215881348e+01 9.816273689270e+00 7.877599716187e+00 5.950987815857e+00 6.106225013733e+00 6.801920413971e+00 7.438315868378e+00
4.049327969551e-01 4.430022239685e-01 5.206305384636e-01 6.573734283447e-01 7.253201603889e-01 1.021370649338e+00 1.129264116287e+00 7.728342413902e-01 4.132462143898e-01 4.251031577587e-01 3.721797168255e-01 3.418920338154e-01 2.795878350735e-01 2.279920130968e-01 2.302582561970e-01 2.340475022793e-01 2.484575808048e-01 2.504654824734e-01 2.876910865307e-01 3.701391220093e-01 4.367728233337e-01 4.679042696953e-01 5.046478509903e-01 7.889317870140e-01 2.202033042908e+00 1.382938385010e+00 1.376652479172e+00 2.150689125061e+00 4.925570487976e+00 9.667087554932e+00 1.023704147339e+01 1.298633670807e+01 2.043254661560e+01 1.108972072601e+01 1.059664344788e+01 8.070485115051e+00 8.330343246460e+00 7.050712585449e+00 3.899399757385e+00 4.727667331696e+00 4.611029148102e+00 4.874122142792e+00 6.159625053406e+00
3.184890449047e-01 3.584476411343e-01 4.284830689430e-01 5.255007147789e-01 5.640636682510e-01 6.239303350449e-01 6.580270528793e-01 4.159890413284e-01 3.578379750252e-01 3.752241432667e-01 3.487293124199e-01 3.015245497227e-01 2.537769973278e-01 2.296619713306e-01 2.240188568830e-01 2.556842863560e-01 2.524956762791e-01 2.167977988720e-01 2.534891366959e-01 3.224668204784e-01 3.825256228447e-01 4.454692304134e-01 6.087401509285e-01 6.445313096046e-01 6.528932452202e-01 9.109680056572e-01 8.729680180550e-01 2.132898092270e+00 3.003052234650e+00 4.007828712463e+00 8.361772537231e+00 1.445397949219e+01 1.101111984253e+01 2.011180305481e+01 1.288851165771e+01 7.303994178772e+00 6.147127151489e+00 5.486502647400e+00 6.498116493225e+00 6.157971858978e+00 7.688572883606e+00 7.475207805634e+00 8.742803573608e+00
2.930138111115e-01 2.960523068905e-01 3.321178853512e-01 3.702676892281e-01 3.987340629101e-01 3.919956386089e-01 3.761214911938e-01 3.653544187546e-01 3.951614499092e-01 3.901713490486e-01 3.634686172009e-01 3.176572620869e-01 2.611342370510e-01 2.351922094822e-01 2.122079282999e-01 2.068681269884e-01 2.321984618902e-01 2.348746359348e-01 2.393294870853e-01 2.896745204926e-01 3.362442255020e-01 3.997397720814e-01 5.817601680756e-01 6.556636095047e-01 7.049701213837e-01 1.471819519997e+00 2.016096115112e+00 2.577781200409e+00 3.599599123001e+00 3.915450811386e+00 8.544598579407e+00 1.602048110962e+01 7.637720584869e+00 8.216582298279e+00 1.473046302795e+01 1.275154876709e+01 8.676347732544e+00 7.476213932037e+00 8.991380691528e+00 4.679474353790e+00 6.267290592194e+00 7.316589832306e+00 8.692518234253e+00
2.420061677694e-01 2.774739861488e-01 2.906826138496e-01 2.873070240021e-01 3.219191431999e-01 3.569811880589e-01 3.846618533134e-01 3.414660096169e-01 3.231617808342e-01 3.330051898956e-01 3.571049869061e-01 3.559170663357e-01 3.080522716045e-01 2.656779885292e-01 2.518742382526e-01 2.314350455999e-01 1.995826810598e-01 2.158584296703e-01 2.453797012568e-01 2.722414731979e-01 2.998159229755e-01 3.492287099361e-01 4.956721365452e-01 4.886153638363e-01 5.598824024200e-01 1.321690440178e+00 2.812419176102e+00 3.790533065796e+00 5.313387870789e+00 2.795437812805e+00 8.371436119080e+00 4.209788799286e+00 4.473834514618e+00 5.335797309875e+00 8.647751808167e+00 9.326925277710e+00 1.195180130005e+01 1.106660747528e+01 7.963535308838e+00 6.773624420166e+00 5.270472049713e+00 5.667632579803e+00 4.390345096588e+00
2.393861263990e-01 2.639943063259e-01 2.622141540051e-01 2.610822319984e-01 2.791369855404e-01 3.199704289436e-01 3.465048968792e-01 3.097784519196e-01 2.495772838593e-01 2.673943638802e-01 2.892208099365e-01 3.234411180019e-01 3.370789587498e-01 2.824079692364e-01 2.696445286274e-01 3.310308158398e-01 2.939430177212e-01 2.335930019617e-01 2.551793754101e-01 2.666962146759e-01 3.238280713558e-01 3.592818081379e-01 3.900559842587e-01 5.037609338760e-01 5.857287049294e-01 9.741230010986e-01 2.014195442200e+00 2.413567781448e+00 3.305670976639e+00 1.880994439125e+00 4.089149475098e+00 3.208034515381e+00 5.231497287750e+00 3.251543521881e+00 6.476753234863e+00 4.667184352875e+00 7.264752864838e+00 9.039095878601e+00 8.155279159546e+00 1.114332485199e+01 1.027351188660e+01 8.273618698120e+00 7.147244453430e+00
2.297587096691e-01 2.476906329393e-01 2.378097027540e-01 2.370529472828e-01 2.382440567017e-01 2.392356246710e-01 2.651378810406e-01 2.509453594685e-01 3.061794638634e-01 3.310119211674e-01 3.025853335857e-01 2.991182506084e-01 3.207263648510e-01 3.358922302723e-01 3.164371252060e-01 4.085170924664e-01 3.644352555275e-01 2.772968709469e-01 2.790809273720e-01 2.739315032959e-01 3.146136105061e-01 3.408302962780e-01 3.912394344807e-01 5.188263654709e-01 6.111007928848e-01 8.715353012085e-01 1.311290860176e+00 1.494442939758e+00 1.629292488098e+00 2.062996149063e+00 3.613910675049e+00 5.431251049042e+00 3.587582111359e+00 8.881682395935e+00 3.018094062805e+00 4.011220932007e+00 7.778160095215e+00 1.097887897491e+01 5.426362991333e+00 6.112683773041e+00 4.065754413605e+00 7.351000785828e+00 6.555479049683e+00
2.044695615768e-01 2.202527672052e-01 2.113722860813e-01 2.036113590002e-01 1.891475170851e-01 1.939767003059e-01 2.045517563820e-01 2.802860438824e-01 3.475733995438e-01 3.571144938469e-01 3.156537711620e-01 3.322838842869e-01 3.674581050873e-01 3.611415028572e-01 3.610655963421e-01 3.826527595520e-01 4.072520434856e-01 4.771614670753e-01 4.269064366817e-01 3.841544091702e-01 3.844005465508e-01 4.136004745960e-01 4.931687414646e-01 5.293730497360e-01 6.239920854568e-01 7.472929954529e-01 1.257399082184e+00 1.217888236046e+00 2.418150186539e+00 4.803235054016e+00 5.852969646454e+00 2.831328153610e+00 2.851669788361e+00 8.784599304199e+00 4.577137947083e+00 5.658876895905e+00 5.059451103210e+00 6.475448608398e+00 4.717365264893e+00 1.842379808426e+00 1.762066125870e+00 2.378423452377e+00 4.573479175568e+00
1.873129457235e-01 1.872327029705e-01 1.856813430786e-01 1.826125532389e-01 1.870472431183e-01 2.000141441822e-01 2.099678516388e-01 2.604767084122e-01 2.920812070370e-01 2.796409130096e-01 3.310225307941e-01 3.551729917526e-01 3.439307510853e-01 3.595169186592e-01 4.867933094501e-01 6.753913164139e-01 7.653129696846e-01 9.635428190231e-01 9.576957821846e-01 1.041884779930e+00 7.405242919922e-01 6.896447539330e-01 7.980153560638e-01 6.691392064095e-01 7.672148942947e-01 1.059329152107e+00 3.121473073959e+00 2.911424398422e+00 3.129203081131e+00 4.166865825653e+00 2.142595767975e+00 2.255647897720e+00 3.075999259949e+00 1.791430830956e+00 9.400025367737e+00 1.292270565033e+01 1.149863338470e+01 2.752810239792e+00 1.310784578323e+00 1.096802830696e+00 1.071795105934e+00 1.261511087418e+00 1.329086065292e+00
1.735688149929e-01 1.797371506691e-01 1.727483719587e-01 1.853208094835e-01 2.020508050919e-01 2.313919961452e-01 2.318524569273e-01 2.650685310364e-01 2.985811829567e-01 3.495397269726e-01 3.639205694199e-01 4.304222762585e-01 4.496176838875e-01 4.149642288685e-01 1.037429332733e+00 3.723221302032e+00 2.945697784424e+00 1.647767066956e+00 1.851431488991e+00 2.318774461746e+00 1.720035910606e+00 8.847227692604e-01 1.027150034904e+00 1.284187793732e+00 1.254128813744e+00 2.351009845734e+00 3.289396047592e+00 2.862588882446e+00 2.386802673340e+00 2.106819391251e+00 2.398753881454e+00 2.284807443619e+00 1.717118740082e+00 1.447436332703e+00 2.431982040405e+00 1.101159477234e+01 1.142448997498e+01 2.362629413605e+00 8.682264089584e-01 8.861358165741e-01 8.149483799934e-01 7.837924957275e-01 1.274108886719e+00
1.734394431114e-01 1.865027993917e-01 2.327885627747e-01 2.598852515221e-01 2.376120239496e-01 3.931600749493e-01 4.616617262363e-01 4.740267395973e-01 4.087904989719e-01 4.130032658577e-01 4.543291032314e-01 5.688114762306e-01 5.658936500549e-01 2.051247835159e+00 1.469755840302e+01 1.870724296570e+01 8.824215888977e+00 4.678158760071e+00 3.780413866043e+00 2.985792398453e+00 1.459784865379e+00 1.414228320122e+00 3.037099123001e+00 6.469670772552e+00 5.312927722931e+00 2.833634614944e+00 3.335119724274e+00 2.727059125900e+00 2.879956960678e+00 2.016858339310e+00 5.079048633575e+00 2.035670518875e+00 1.521362662315e+00 1.082496047020e+00 7.416488528252e-01 2.285151243210e+00 2.511624336243e+00 6.184364557266e-01 4.323331117630e-01 5.090481638908e-01 6.299467682838e-01 7.053540945053e-01 6.605968475342e-01
2.086341232061e-01 3.269694447517e-01 4.446184039116e-01 4.828351438046e-01 6.249286532402e-01 8.300157189369e-01 8.151060342789e-01 7.185546159744e-01 6.170118451118e-01 4.757464230061e-01 6.108433604240e-01 6.745282411575e-01 3.607216119766e+00 2.008070564270e+01 2.776837348938e+01 9.807501792908e+00 2.922786951065e+00 1.809593796730e+00 1.894056439400e+00 1.668515682220e+00 1.553852677345e+00 3.528387546539e+00 6.960446357727e+00 9.168104171753e+00 7.371607780457e+00 3.775428056717e+00 2.653353452682e+00 1.895772814751e+00 1.764731049538e+00 1.537447214127e+00 2.161769390106e+00 9.600369930267e-01 1.101290106773e+00 8.953150510788e-01 5.654110908508e-01 3.372269272804e-01 2.821777760983e-01 2.786697447300e-01 2.897169291973e-01 3.610588908195e-01 4.850957095623e-01 6.146671175957e-01 6.300792098045e-01
3.436233997345e-01 5.119284391403e-01 6.785836815834e-01 9.800201654434e-01 1.890729188919e+00 1.845453858376e+00 2.559169054031e+00 2.007664203644e+00 2.285129070282e+00 1.359150052071e+00 7.328641414642e-01 4.656139373779e+00 1.888009452820e+01 1.893186378479e+01 4.999110221863e+00 1.461511015892e+00 2.676438570023e+00 3.534774541855e+00 2.574342966080e+00 2.952865123749e+00 3.558525323868e+00 3.620380878448e+00 5.249923229218e+00 4.311703205109e+00 2.876602411270e+00 2.266604423523e+00 1.415990591049e+00 5.570833683014e-01 5.836236476898e-01 5.496208071709e-01 7.055176496506e-01 5.177789926529e-01 4.625883698463e-01 3.233457505703e-01 3.310213685036e-01 3.379519581795e-01 3.494413495064e-01 3.675689399242e-01 3.917201757431e-01 4.230129122734e-01 4.294830262661e-01 5.145152807236e-01 6.697383522987e-01
