VariationalSeries/SI/f73_max.grd
DSAA
101	101
32.816463539100	34.260883539100
35.556306596100	36.727886596100
2.735876478255e-03	5.036894226074e+02
[rows 76 to 94 of 101, columns 0 to 42 of 101]
3.061950951815e-02 4.427592456341e-02 5.858999118209e-02 6.926786154509e-02 7.433427125216e-02 7.473949342966e-02 7.218214124441e-02 6.817077845335e-02 6.362049281597e-02 6.562341749668e-02 7.434381544590e-02 8.923123031855e-02 1.057143285871e-01 1.162544786930e-01 1.183025985956e-01 1.147195324302e-01 1.043509170413e-01 1.105970069766e-01 1.139695644379e-01 1.207125559449e-01 1.657419204712e-01 1.616022288799e-01 1.091839969158e-01 1.187649741769e-01 1.103452518582e-01 1.006794571877e-01 1.061713621020e-01 1.179461628199e-01 1.306479275227e-01 1.382909864187e-01 1.333311796188e-01 1.256874650717e-01 1.222763210535e-01 1.228730753064e-01 1.356183439493e-01 1.598876714706e-01 2.972415089607e-01 3.636989295483e-01 3.427669107914e-01 2.526378035545e-01 2.535771727562e-01 4.115994274616e-01 7.239310741425e-01
3.094792179763e-02 4.998201131821e-02 6.626170128584e-02 7.633991539478e-02 8.031208813190e-02 7.986347377300e-02 7.669668644667e-02 7.204502075911e-02 7.121283560991e-02 7.921902090311e-02 9.130800515413e-02 1.080670654774e-01 1.235646605492e-01 1.310998499393e-01 1.290346980095e-01 1.196361035109e-01 1.018863245845e-01 1.043702363968e-01 1.049509420991e-01 9.359391778708e-02 9.456646442413e-02 9.865316003561e-02 9.030145406723e-02 1.065809130669e-01 1.129696965218e-01 1.037948876619e-01 1.131292507052e-01 1.364063471556e-01 1.515767276287e-01 1.535045951605e-01 1.433506160975e-01 1.316694021225e-01 1.313274949789e-01 1.259306073189e-01 1.487008184195e-01 1.633426398039e-01 2.662608027458e-01 2.983459532261e-01 3.399559259415e-01 3.875726759434e-01 8.043097853661e-01 1.064152956009e+00 1.019624590874e+00
3.286591917276e-02 5.237586796284e-02 6.815580278635e-02 7.705542445183e-02 7.986025512218e-02 7.850457727909e-02 7.451617717743e-02 7.712879776955e-02 8.705533295870e-02 9.755024313927e-02 1.110893189907e-01 1.253757476807e-01 1.346551626921e-01 1.344688534737e-01 1.248738840222e-01 1.084758043289e-01 8.624217659235e-02 9.016301482916e-02 8.745764940977e-02 7.682651281357e-02 7.201220095158e-02 8.069952577353e-02 9.573025256395e-02 1.276434808969e-01 1.345211565495e-01 1.231939345598e-01 1.514038741589e-01 1.644266247749e-01 1.683252602816e-01 1.647411137819e-01 1.541341841221e-01 1.429671645164e-01 1.362339407206e-01 1.492785215378e-01 1.927220821381e-01 2.533454298973e-01 3.333221375942e-01 4.106041491032e-01 3.696322143078e-01 9.319435358047e-01 1.090321183205e+00 1.032534360886e+00 1.023198127747e+00
2.963569760323e-02 4.680381715298e-02 6.029419600964e-02 6.750278919935e-02 6.930427998304e-02 6.737439334393e-02 7.308114320040e-02 8.326514065266e-02 9.147658199072e-02 9.966266900301e-02 1.082725226879e-01 1.147107332945e-01 1.155520230532e-01 1.088838577271e-01 9.624252468348e-02 8.057498186827e-02 7.414164394140e-02 7.143269479275e-02 6.669285893440e-02 6.532806158066e-02 6.642768532038e-02 7.378429174423e-02 1.148137375712e-01 1.563279032707e-01 1.692758500576e-01 1.770842820406e-01 1.860129684210e-01 1.876264512539e-01 1.768637299538e-01 1.663708984852e-01 1.574659645557e-01 1.495256125927e-01 1.760555803776e-01 1.904781311750e-01 2.430984973907e-01 2.802077829838e-01 2.731837630272e-01 4.428125321865e-01 5.454100370407e-01 8.581476211548e-01 9.606047272682e-01 9.313780069351e-01 9.503421783447e-01
2.413329295814e-02 3.857652842999e-02 4.694056510925e-02 5.216142162681e-02 5.352583155036e-02 5.873451381922e-02 6.749728322029e-02 7.294714450836e-02 7.554370909929e-02 7.789669185877e-02 8.061788976192e-02 8.227852731943e-02 8.078955113888e-02 7.485920190811e-02 7.605829089880e-02 7.775986194611e-02 7.682804018259e-02 7.278592884541e-02 6.651780009270e-02 6.412085145712e-02 6.212755665183e-02 7.545597106218e-02 1.291733682156e-01 1.778089702129e-01 2.019148170948e-01 2.129451036453e-01 2.150307446718e-01 2.241293936968e-01 2.183591425419e-01 1.887051463127e-01 1.632538586855e-01 1.574550271034e-01 1.918480694294e-01 2.004289329052e-01 2.040030807257e-01 2.342253774405e-01 3.109621703625e-01 4.258631765842e-01 5.644026398659e-01 5.991561412811e-01 9.363066554070e-01 1.168838143349e+00 9.233840107918e-01
3.292557224631e-02 4.798074811697e-02 5.889021977782e-02 6.476502120495e-02 6.741169095039e-02 6.861168891191e-02 6.902118772268e-02 6.858906149864e-02 6.729459762573e-02 6.548976898193e-02 6.565891206264e-02 7.132391631603e-02 7.623550295830e-02 8.046456426382e-02 8.341167867184e-02 8.408477902412e-02 8.162699639797e-02 7.579991966486e-02 7.205739617348e-02 7.022705674171e-02 6.813930720091e-02 8.367187529802e-02 1.329319030046e-01 1.833288669586e-01 4.568791389465e-01 1.338109135628e+00 1.421579480171e+00 6.432428359985e-01 3.762947916985e-01 2.977604866028e-01 2.129014730453e-01 1.659270972013e-01 1.940393894911e-01 2.551430761814e-01 2.007116079330e-01 2.534097433090e-01 2.813551127911e-01 4.386045932770e-01 7.663784027100e-01 7.851425409317e-01 8.700737357140e-01 1.179372787476e+00 1.642980337143e+00
4.637876898050e-02 6.713096052408e-02 8.164737373590e-02 8.859909325838e-02 9.050942212343e-02 8.998174965382e-02 8.817528933287e-02 8.542747050524e-02 8.192614465952e-02 7.796393334866e-02 8.962360024452e-02 1.029368489981e-01 1.144781857729e-01 1.223705634475e-01 1.250264793634e-01 1.216935962439e-01 1.124060675502e-01 9.785984456539e-02 9.483109414577e-02 8.993756026030e-02 8.384002745152e-02 9.972818195820e-02 1.327293366194e-01 3.015268445015e-01 1.258073687553e+00 3.592058181763e+00 3.919845819473e+00 2.048268079758e+00 8.619457483292e-01 4.240967929363e-01 2.754104435444e-01 2.173395454884e-01 1.865699738264e-01 2.710705995560e-01 2.834121286869e-01 2.946314811707e-01 2.650151252747e-01 4.138807952404e-01 8.996776342392e-01 1.354221105576e+00 9.010784029961e-01 9.168363213539e-01 2.061670064926e+00
5.803858116269e-02 8.284037560225e-02 9.906098246574e-02 1.052927449346e-01 1.049639210105e-01 1.014857888222e-01 9.653788805008e-02 9.386283904314e-02 1.068071648479e-01 1.302924454212e-01 1.545139402151e-01 1.773733496666e-01 1.968194097281e-01 2.121492177248e-01 2.227302640676e-01 2.265836596489e-01 2.208338230848e-01 2.021880745888e-01 1.673631668091e-01 1.289863139391e-01 1.186511814594e-01 1.236324608326e-01 2.661088407040e-01 4.793309271336e-01 1.474530577660e+00 1.172356414795e+01 2.284661674500e+01 5.055679321289e+00 2.271047592163e+00 7.879084944725e-01 3.351551294327e-01 2.679592072964e-01 2.440626621246e-01 3.386786580086e-01 4.073225259781e-01 3.985878825188e-01 3.313625156879e-01 5.068334937096e-01 7.561927437782e-01 1.651771426201e+00 1.667051672935e+00 8.922257423401e-01 2.114161014557e+00
6.152568012476e-02 8.603450655937e-02 1.004933267832e-01 1.038983166218e-01 1.003214418888e-01 1.039011776447e-01 1.149348393083e-01 1.222291365266e-01 1.427852064371e-01 1.758028715849e-01 2.102392911911e-01 2.429285794497e-01 2.716237604618e-01 2.972231507301e-01 3.217702209949e-01 3.450495302677e-01 3.608738780022e-01 3.555679321289e-01 3.099030852318e-01 2.243298590183e-01 1.726546734571e-01 2.479261457920e-01 4.371336698532e-01 6.205460429192e-01 2.776316642761e+00 6.601201057434e+00 9.133440017700e+00 2.775433301926e+00 1.192900538445e+00 6.542126536369e-01 5.210430026054e-01 6.163249015808e-01 7.918940186501e-01 7.320342063904e-01 5.114161968231e-01 5.173375010490e-01 4.420289695263e-01 5.169253349304e-01 5.593212246895e-01 1.080489397049e+00 1.437711596489e+00 1.003371834755e+00 3.547794103622e+00
8.305014669895e-02 1.316125392914e-01 1.661192327738e-01 1.859232932329e-01 1.971517205238e-01 2.017492800951e-01 2.001744508743e-01 1.932366490364e-01 1.823327541351e-01 1.824561357498e-01 2.203636467457e-01 2.586102783680e-01 2.949861586094e-01 3.298973143101e-01 3.670218288898e-01 4.107095003128e-01 4.536552131176e-01 4.711993336678e-01 4.279892444611e-01 5.150886178017e-01 3.845307528973e-01 4.173584878445e-01 5.482163429260e-01 7.605884671211e-01 1.409781932831e+00 4.998674094677e-01 4.041415452957e-01 4.036214947701e-01 5.602025985718e-01 4.755220115185e-01 5.581910014153e-01 4.174435615540e+00 2.840999364853e+00 1.933733701706e+00 1.158073902130e+00 1.703214049339e+00 1.563576936722e+00 7.354165911674e-01 5.981905460358e-01 6.645762920380e-01 9.901205897331e-01 2.700130224228e+00 4.095251083374e+00
1.522512435913e-01 2.367829978466e-01 2.903413474560e-01 3.123909235001e-01 3.164054155350e-01 3.090994954109e-01 2.938832938671e-01 2.737156748772e-01 2.556396424770e-01 2.670010030270e-01 2.758406698704e-01 2.802018523216e-01 2.848762571812e-01 3.238473832607e-01 3.605113923550e-01 4.015793204308e-01 4.428116679192e-01 6.557114720345e-01 8.476231694221e-01 8.549926877022e-01 8.754971623421e-01 8.727378845215e-01 6.479968428612e-01 7.683385014534e-01 3.736944496632e-01 2.837761640549e-01 2.641814053059e-01 2.294947952032e-01 2.571749389172e-01 3.593404293060e-01 8.952072858810e-01 4.970375061035e+00 3.650128841400e+00 2.103130102158e+00 1.869644165039e+00 3.948503017426e+00 3.765692949295e+00 1.710328698158e+00 1.296620488167e+00 1.168254137039e+00 1.507707357407e+00 2.548106431961e+00 4.627962112427e+00
2.134852409363e-01 3.247609138489e-01 3.821630775928e-01 3.974865376949e-01 4.890443384647e-01 5.288176536560e-01 5.233029723167e-01 4.907827973366e-01 4.449279904366e-01 4.031690657139e-01 4.100467860699e-01 4.037926793098e-01 4.082208871841e-01 4.714795947075e-01 6.719775795937e-01 8.000390529633e-01 8.988520503044e-01 8.773090243340e-01 6.578320264816e-01 7.428944110870e-01 7.819846272469e-01 6.535741686821e-01 5.222530364990e-01 2.949205040932e-01 2.591852843761e-01 2.039470672607e-01 1.693832725286e-01 1.363555192947e-01 1.263349056244e-01 2.208116054535e-01 3.519028425217e-01 2.004487276077e+00 2.448454141617e+00 3.666738271713e+00 3.911460399628e+00 5.359652996063e+00 3.624692201614e+00 1.673853874207e+00 3.454803466797e+00 2.971241235733e+00 2.014573812485e+00 2.480769157410e+00 7.919544696808e+00
2.496293932199e-01 3.760294318199e-01 4.348581433296e-01 4.925736784935e-01 6.003183126450e-01 6.445975303650e-01 6.340752243996e-01 5.906802415848e-01 5.301164984703e-01 4.642097353935e-01 3.996354937553e-01 4.387417733669e-01 5.083425641060e-01 5.847182869911e-01 6.366257667542e-01 6.552255153656e-01 6.174076795578e-01 5.107086896896e-01 4.064428508282e-01 3.541685342789e-01 3.047784864902e-01 2.163581252098e-01 1.858479678631e-01 1.779585778713e-01 1.585842072964e-01 1.294760406017e-01 1.000366434455e-01 9.622516483068e-02 1.226821243763e-01 1.836136877537e-01 2.618005871773e-01 1.086022615433e+00 1.123937726021e+00 2.161936044693e+00 2.522563695908e+00 6.018686771393e+00 5.203902721405e+00 2.869565486908e+00 2.630612850189e+00 1.057216167450e+01 2.491359519958e+01 6.422565460205e+00 3.937985897064e+00
1.858914941549e-01 2.773555517197e-01 3.168512880802e-01 3.261373937130e-01 3.913217186928e-01 4.159089326859e-01 4.065982699394e-01 3.772183060646e-01 3.372364044189e-01 2.943893074989e-01 2.667349278927e-01 2.890494167805e-01 3.020032346249e-01 3.053875267506e-01 2.995520234108e-01 2.988751530647e-01 2.692119479179e-01 2.130262553692e-01 2.480220645666e-01 2.337719500065e-01 1.862412393093e-01 1.384548395872e-01 1.298370063305e-01 1.159058287740e-01 9.701054543257e-02 7.637613266706e-02 8.932072669268e-02 1.239095032215e-01 1.550277620554e-01 3.091759681702e-01 3.927444219589e-01 5.954960584641e-01 1.035714864731e+00 7.713101506233e-01 6.671073436737e-01 8.006824851036e-01 4.983847141266e+00 3.021519660950e+00 2.207275867462e+00 1.417893409729e+01 3.126700401306e+01 3.406471729279e+00 1.226438522339e+00
8.783993870020e-02 1.297155618668e-01 1.565927714109e-01 1.777461022139e-01 1.858477592468e-01 1.897715628147e-01 1.918464004993e-01 1.821450144053e-01 1.735758781433e-01 1.714303642511e-01 1.685794442892e-01 1.553944647312e-01 1.626259684563e-01 1.678798049688e-01 1.670419424772e-01 1.583978086710e-01 2.051568776369e-01 2.622722983360e-01 2.474355548620e-01 1.853462755680e-01 1.183400601149e-01 8.747979998589e-02 7.945455610752e-02 6.893050670624e-02 5.835581198335e-02 9.088510274887e-02 1.396132558584e-01 1.860879510641e-01 2.499649673700e-01 4.042143821716e-01 5.656136870384e-01 7.620061635971e-01 8.743583559990e-01 1.004268765450e+00 4.909242987633e-01 5.327231884003e-01 1.016363739967e+00 2.523878335953e+00 4.186058998108e+00 4.493081092834e+00 2.324706315994e+00 8.770669698715e-01 8.183761835098e-01
5.987031012774e-02 8.733590692282e-02 1.103453561664e-01 1.245752871037e-01 1.303203403950e-01 1.299897581339e-01 1.263831853867e-01 1.203638166189e-01 1.133272051811e-01 1.058935299516e-01 9.825774282217e-02 9.060294926167e-02 8.321751654148e-02 8.427178114653e-02 8.310437947512e-02 1.116749346256e-01 1.905261874199e-01 2.258152961731e-01 1.936718970537e-01 1.337766349316e-01 8.160106837749e-02 5.283387750387e-02 5.424970015883e-02 5.949282273650e-02 8.121744543314e-02 1.377156078815e-01 2.072132229805e-01 2.858363986015e-01 4.027953445911e-01 5.572797060013e-01 8.326644301414e-01 8.588288426399e-01 7.748699188232e-01 4.243459403515e-01 3.242897987366e-01 4.418985545635e-01 5.362503528595e-01 1.888340473175e+00 4.955942153931e+00 2.902714967728e+00 1.711901187897e+00 7.481863498688e-01 7.105434536934e-01
4.290610179305e-02 6.197701767087e-02 7.738818973303e-02 8.691890537739e-02 9.113738685846e-02 9.160535782576e-02 8.957777917385e-02 8.588200807571e-02 8.104947954416e-02 7.536024600267e-02 6.907452642918e-02 6.241313740611e-02 6.690435111523e-02 6.719439476728e-02 6.199973449111e-02 6.617910414934e-02 1.187032237649e-01 1.480587869883e-01 1.387209147215e-01 1.088342145085e-01 7.706680893898e-02 5.190660431981e-02 5.810788273811e-02 6.688439100981e-02 1.146071925759e-01 2.505121231079e-01 5.287706851959e-01 4.868921339512e-01 4.046816825867e-01 7.495267987251e-01 1.018781542778e+00 8.733741044998e-01 6.217476725578e-01 2.887055277824e-01 3.186068236828e-01 4.370007216930e-01 5.688640475273e-01 2.297630786896e+00 3.957683324814e+00 1.709709167480e+00 9.865910410881e-01 5.971142649651e-01 5.369158983231e-01
2.928959764540e-02 4.189563915133e-02 5.188124999404e-02 5.795074626803e-02 6.058713421226e-02 6.081143394113e-02 5.935157462955e-02 5.667059868574e-02 5.304597690701e-02 4.869294911623e-02 4.796248674393e-02 5.374928563833e-02 5.598358809948e-02 5.349716544151e-02 4.964201897383e-02 5.679446458817e-02 6.309293955564e-02 7.564534991980e-02 8.675763010979e-02 8.398234844208e-02 7.167090475559e-02 5.674855038524e-02 6.206410750747e-02 8.575262129307e-02 1.491059511900e-01 4.328456819057e-01 6.149680018425e-01 3.735359013081e-01 4.115141928196e-01 7.914629578590e-01 1.069856762886e+00 8.476957082748e-01 5.781756043434e-01 3.974166810513e-01 4.507277011871e-01 4.366916418076e-01 9.747092127800e-01 3.991225004196e+00 3.041283369064e+00 7.035778760910e-01 1.413176298141e+00 6.101074218750e-01 4.154712259769e-01
1.786328293383e-02 2.529378421605e-02 3.108484297991e-02 3.449940681458e-02 3.584862500429e-02 3.574218973517e-02 3.460467234254e-02 3.270830586553e-02 3.035875596106e-02 3.688187152147e-02 4.300698265433e-02 4.699314758182e-02 4.727623984218e-02 5.059284344316e-02 5.853484198451e-02 6.658329069614e-02 7.362509518862e-02 7.823529839516e-02 7.902731001377e-02 7.547667622566e-02 6.894479691982e-02 6.406537443399e-02 7.128471136093e-02 1.068463549018e-01 1.798455417156e-01 4.837159216404e-01 5.078055858612e-01 4.110647737980e-01 3.735026419163e-01 7.074692249298e-01 9.904562830925e-01 7.729300260544e-01 7.385987043381e-01 4.990894496441e-01 5.426595211029e-01 4.034553170204e-01 9.565442204475e-01 2.345392465591e+00 1.297620415688e+00 8.297972083092e-01 1.876033067703e+00 6.015446186066e-01 3.179819583893e-01
