VariationalSeries/SI/f73_max.grd
DSAA
101	101
32.816463539100	34.260883539100
35.556306596100	36.727886596100
2.735876478255e-03	5.036894226074e+02
[rows 38 to 56 of 101, columns 43 to 85 of 101]
2.932304763794e+01 4.508733367920e+01 4.953875350952e+01 2.771600341797e+01 4.871122360229e+01 2.407162284851e+01 2.395735168457e+01 3.353084945679e+01 2.793167877197e+01 2.255360031128e+01 3.271696472168e+01 1.714463424683e+01 1.921344757080e+01 1.644228172302e+01 2.502054023743e+01 1.848941230774e+01 1.932979202271e+01 1.151672077179e+01 1.529427909851e+01 2.301716423035e+01 2.329368019104e+01 1.776668167114e+01 1.222982025146e+01 9.693014144897e+00 8.373441696167e+00 7.374598026276e+00 7.191044807434e+00 7.366007804871e+00 6.561053276062e+00 4.931283473969e+00 4.849859714508e+00 5.734185695648e+00 6.546898365021e+00 6.727552890778e+00 6.814565181732e+00 6.821243762970e+00 6.709075450897e+00 6.191178321838e+00 5.490678787231e+00 4.885295867920e+00 4.394229888916e+00 4.265511035919e+00 3.717771053314e+00
2.896437263489e+01 6.023252487183e+01 4.003029632568e+01 5.581492614746e+01 3.979412841797e+01 5.440780258179e+01 4.775041961670e+01 2.939365577698e+01 2.927708244324e+01 2.255702781677e+01 3.742343902588e+01 2.488015556335e+01 1.521536731720e+01 1.844766044617e+01 3.341387176514e+01 1.953120231628e+01 2.278034973145e+01 3.539601898193e+01 3.155069351196e+01 2.124779319763e+01 1.425245761871e+01 9.773899078369e+00 9.133289337158e+00 8.077184677124e+00 7.988529682159e+00 7.659392833710e+00 6.722087860107e+00 5.867776393890e+00 5.280594348907e+00 5.212125778198e+00 5.713239669800e+00 5.360426902771e+00 4.394476413727e+00 3.868122816086e+00 3.741268634796e+00 3.236414194107e+00 3.308605909348e+00 3.639009714127e+00 4.001571178436e+00 4.423184394836e+00 4.786554336548e+00 6.176134586334e+00 6.393506050110e+00
4.182717895508e+01 3.010923385620e+01 5.310220718384e+01 4.091926956177e+01 4.483551788330e+01 5.789748382568e+01 3.575965118408e+01 3.261856460571e+01 2.358492279053e+01 2.429730606079e+01 4.037691879272e+01 2.258285140991e+01 2.286107444763e+01 2.234286689758e+01 2.727015495300e+01 4.392803192139e+01 2.987595176697e+01 1.525104808807e+01 1.418336009979e+01 9.457203865051e+00 7.305846691132e+00 1.018637752533e+01 1.339707756042e+01 1.201146316528e+01 8.725584030151e+00 7.508500099182e+00 7.353563308716e+00 6.785142898560e+00 5.859281539917e+00 5.440893650055e+00 5.106265544891e+00 5.318110942841e+00 5.087791442871e+00 4.727946281433e+00 4.658843040466e+00 4.892073154449e+00 4.824899673462e+00 4.379334449768e+00 5.457127571106e+00 7.462219238281e+00 6.167841911316e+00 4.485114097595e+00 3.882202148438e+00
4.749950408936e+01 4.290515136719e+01 6.971467590332e+01 5.887343597412e+01 5.698666381836e+01 6.200841140747e+01 5.723170089722e+01 3.125009918213e+01 3.500983047485e+01 3.412314605713e+01 3.867902374268e+01 3.226161956787e+01 2.949665260315e+01 5.028660583496e+01 3.237911224365e+01 2.336321640015e+01 2.024725341797e+01 1.631987380981e+01 1.196763229370e+01 1.830586814880e+01 1.975365447998e+01 1.075014591217e+01 1.679134941101e+01 1.307247829437e+01 1.174140644073e+01 1.033284568787e+01 9.109463691711e+00 8.131378173828e+00 7.311314105988e+00 6.827297210693e+00 1.264482498169e+01 5.353177547455e+00 5.130712509155e+00 4.840328216553e+00 6.427296638489e+00 7.940798282623e+00 6.934950351715e+00 7.964272499084e+00 6.645488262177e+00 7.273935794830e+00 7.328361511230e+00 7.158228397369e+00 6.567418575287e+00
4.577758407593e+01 6.196854400635e+01 5.472071838379e+01 5.460083770752e+01 5.026921844482e+01 6.675383758545e+01 9.856559753418e+01 4.498471450806e+01 4.998844909668e+01 5.140089035034e+01 4.486094284058e+01 4.378800964355e+01 5.410029220581e+01 3.029884147644e+01 3.244003295898e+01 1.833883285522e+01 2.382969093323e+01 3.185101699829e+01 2.513915443420e+01 2.502687263489e+01 2.586707305908e+01 1.723456001282e+01 1.051472854614e+01 1.019441318512e+01 9.453429222107e+00 9.345599174500e+00 1.076667499542e+01 1.850446701050e+01 2.208508491516e+01 1.947554206848e+01 9.569339752197e+00 6.931413650513e+00 6.560908317566e+00 7.662322521210e+00 9.184011459351e+00 9.224499702454e+00 8.418553352356e+00 7.542747020721e+00 5.460614204407e+00 6.776760101318e+00 8.080525398254e+00 8.059586524963e+00 7.747364044189e+00
5.397652435303e+01 7.878506469727e+01 1.273515472412e+02 8.051268768311e+01 1.248637619019e+02 6.865097045898e+01 1.564137420654e+02 4.457272720337e+01 8.200314331055e+01 6.476273345947e+01 5.416333770752e+01 5.594156265259e+01 3.030324935913e+01 3.743708038330e+01 4.087868499756e+01 4.006082534790e+01 2.503097534180e+01 1.501115226746e+01 3.230628967285e+01 2.792150878906e+01 1.539833259583e+01 1.400550937653e+01 1.297328186035e+01 2.348568153381e+01 2.875077247620e+01 2.530427360535e+01 1.685429573059e+01 1.248261356354e+01 1.352422904968e+01 8.632310867310e+00 6.538447856903e+00 9.798501968384e+00 1.219139671326e+01 1.097651863098e+01 9.751004219055e+00 1.292278766632e+01 1.532849979401e+01 1.371309852600e+01 9.841480255127e+00 7.068879604340e+00 8.820135116577e+00 9.681492805481e+00 1.020465373993e+01
6.723664093018e+01 8.423505401611e+01 9.986534118652e+01 1.303489379883e+02 1.091071853638e+02 1.133106231689e+02 1.863880615234e+02 7.423053741455e+01 8.766069793701e+01 6.954696655273e+01 6.711840820312e+01 4.019156265259e+01 4.145497512817e+01 5.165843582153e+01 4.065568923950e+01 2.966424369812e+01 4.239233016968e+01 3.950398254395e+01 3.068713188171e+01 3.879916763306e+01 3.918959808350e+01 3.387311935425e+01 2.414369010925e+01 1.347623729706e+01 1.473803424835e+01 1.325121593475e+01 1.072983169556e+01 1.101714706421e+01 1.148101043701e+01 1.228234672546e+01 1.196744823456e+01 1.023831558228e+01 9.838561058044e+00 8.283868789673e+00 1.486553192139e+01 1.817558097839e+01 1.704951286316e+01 1.257038688660e+01 7.633080482483e+00 4.905398368835e+00 6.709058761597e+00 7.707808017731e+00 7.111253738403e+00
6.263370513916e+01 9.112940979004e+01 1.098206253052e+02 1.064395675659e+02 1.574494628906e+02 1.207876892090e+02 1.926742858887e+02 1.043453903198e+02 9.029119873047e+01 9.942353057861e+01 7.718280792236e+01 4.881174850464e+01 4.991481781006e+01 5.253092956543e+01 3.128915977478e+01 4.474484634399e+01 5.747311782837e+01 4.002906799316e+01 2.307137680054e+01 2.271458625793e+01 1.999330139160e+01 1.604614639282e+01 1.541911792755e+01 1.668310165405e+01 1.669273376465e+01 1.476346397400e+01 1.296159839630e+01 1.267506408691e+01 1.049489974976e+01 1.178896045685e+01 1.092870998383e+01 9.986327171326e+00 6.973546028137e+00 1.250235652924e+01 1.493833255768e+01 1.417412948608e+01 9.920099258423e+00 5.480052947998e+00 7.548987865448e+00 7.128734588623e+00 5.365127086639e+00 4.753444671631e+00 5.138344287872e+00
9.442945098877e+01 1.293606414795e+02 1.330938873291e+02 1.490607452393e+02 1.637068481445e+02 2.057912445068e+02 1.955390319824e+02 3.624815063477e+02 1.353094940186e+02 8.603834533691e+01 7.822111511230e+01 7.236389160156e+01 6.074051666260e+01 9.199958038330e+01 8.029341888428e+01 4.704681396484e+01 4.237892913818e+01 4.369857406616e+01 3.184268569946e+01 2.909713172913e+01 2.876975059509e+01 2.731175422668e+01 2.837447547913e+01 2.107436561584e+01 2.783783912659e+01 2.464717674255e+01 1.547414016724e+01 1.408244609833e+01 1.420458889008e+01 1.320368194580e+01 1.128315734863e+01 1.088053798676e+01 1.119512748718e+01 1.291168689728e+01 1.201130771637e+01 9.236043930054e+00 7.238453388214e+00 6.506237506866e+00 6.335903167725e+00 6.261183261871e+00 6.113634109497e+00 5.882442951202e+00 5.637182235718e+00
6.226256179810e+01 1.702580871582e+02 1.215679016113e+02 1.502846527100e+02 2.397621765137e+02 2.037451171875e+02 2.396187744141e+02 2.725123291016e+02 1.353283233643e+02 1.277423248291e+02 1.646763763428e+02 1.032377243042e+02 1.275622177124e+02 9.977949523926e+01 8.290077209473e+01 7.180910491943e+01 6.070506286621e+01 5.227986526489e+01 4.593764495850e+01 6.446569824219e+01 7.475195312500e+01 3.101513862610e+01 1.991984748840e+01 1.966668891907e+01 2.755984497070e+01 1.787332725525e+01 1.555246829987e+01 1.515969944000e+01 1.366005611420e+01 1.297285366058e+01 1.243691730499e+01 1.283311653137e+01 1.357621574402e+01 1.161122512817e+01 8.894808769226e+00 8.522571563721e+00 8.050093650818e+00 6.382625102997e+00 6.301896572113e+00 6.116487503052e+00 5.647867679596e+00 5.786654949188e+00 6.071774482727e+00
1.578112792969e+02 1.896440124512e+02 2.140245208740e+02 2.279314880371e+02 2.731163024902e+02 3.785498352051e+02 5.036894226074e+02 2.188231964111e+02 1.784998626709e+02 1.308273162842e+02 1.859195251465e+02 1.863131408691e+02 6.840354919434e+01 1.078225250244e+02 1.187340774536e+02 5.973782730103e+01 5.367319869995e+01 5.625013351440e+01 6.129259872437e+01 7.116851806641e+01 5.421343231201e+01 2.499029159546e+01 2.592641067505e+01 2.227125358582e+01 2.031044578552e+01 1.741648292542e+01 1.690099525452e+01 1.676006889343e+01 1.393430995941e+01 9.679257392883e+00 8.923508644104e+00 9.733259201050e+00 1.050248908997e+01 1.077378082275e+01 1.032819557190e+01 9.862836837769e+00 8.772067070007e+00 9.056753158569e+00 1.006112766266e+01 1.026875877380e+01 9.165009498596e+00 7.931993961334e+00 6.908051490784e+00
1.086172866821e+02 1.933658294678e+02 2.033103942871e+02 2.605246887207e+02 2.615777282715e+02 2.573921203613e+02 2.551914978027e+02 1.992805175781e+02 1.419096221924e+02 1.605005645752e+02 1.531798248291e+02 1.581536560059e+02 1.928020324707e+02 8.193260955811e+01 7.284058380127e+01 4.523218154907e+01 4.051134109497e+01 2.829920768738e+01 2.656107902527e+01 2.239109992981e+01 1.942660903931e+01 2.193275260925e+01 2.693923950195e+01 3.087771415710e+01 3.145037078857e+01 2.736935615540e+01 2.122806167603e+01 1.467529392242e+01 1.017928314209e+01 8.390133857727e+00 7.401874542236e+00 8.097852706909e+00 1.043208408356e+01 6.887819290161e+00 7.891894817352e+00 8.590843200684e+00 6.845746517181e+00 8.458366394043e+00 9.968029975891e+00 1.053612804413e+01 1.191439914703e+01 1.491172027588e+01 1.688636398315e+01
4.220514678955e+01 5.887921142578e+01 9.308942413330e+01 4.364073181152e+02 2.348787689209e+02 2.253040161133e+02 1.282357635498e+02 1.305151672363e+02 1.208390045166e+02 1.892366027832e+02 1.808919067383e+02 2.596725769043e+02 3.682583312988e+02 2.655170898438e+02 1.702374572754e+02 7.763026428223e+01 3.625648498535e+01 2.558987808228e+01 2.438883590698e+01 3.225135040283e+01 4.205494308472e+01 3.883208465576e+01 2.854970169067e+01 1.827923202515e+01 2.025269508362e+01 1.898526382446e+01 2.643705940247e+01 3.903725433350e+01 1.804790496826e+01 9.983150482178e+00 9.346675872803e+00 1.529914760590e+01 9.800570487976e+00 6.044132232666e+00 5.555366039276e+00 5.699031352997e+00 5.789977073669e+00 5.946890354156e+00 6.040957927704e+00 6.024419307709e+00 6.022551536560e+00 6.642260551453e+00 5.804324150085e+00
7.762712001801e+00 1.860313987732e+01 4.555023956299e+01 5.955447387695e+01 6.193364715576e+01 6.053990173340e+01 4.673620223999e+01 6.657833099365e+01 6.384097290039e+01 1.052145080566e+02 2.135185394287e+02 2.414084014893e+02 3.310404357910e+02 1.795192565918e+02 1.292436370850e+02 7.224079895020e+01 3.280348587036e+01 1.715626525879e+01 1.944131660461e+01 4.015247344971e+01 1.272761383057e+02 5.346318054199e+01 4.561779403687e+01 3.530199813843e+01 3.581831359863e+01 3.064222335815e+01 3.190031814575e+01 2.226715660095e+01 1.166235923767e+01 1.546258449554e+01 1.307011413574e+01 1.266633319855e+01 7.962666511536e+00 7.252089023590e+00 5.075871944427e+00 4.471052646637e+00 4.674117565155e+00 4.551281452179e+00 4.910648822784e+00 4.693229675293e+00 6.098053455353e+00 7.149213790894e+00 6.906927108765e+00
5.000647544861e+00 9.500791549683e+00 2.940255928040e+01 1.761716842651e+01 1.456610107422e+01 1.214047908783e+01 1.880530166626e+01 3.033129692078e+01 3.165392684937e+01 3.368099975586e+01 9.661315155029e+01 4.498431091309e+02 3.746763610840e+02 1.680145111084e+02 7.913165283203e+01 2.339305305481e+01 1.324550342560e+01 8.676479339600e+00 1.072381877899e+01 2.791898345947e+01 6.380129623413e+01 1.103343429565e+02 5.484098434448e+01 4.158607482910e+01 3.274086380005e+01 2.450045776367e+01 2.578062057495e+01 2.408325958252e+01 2.107561492920e+01 1.912398338318e+01 2.313022804260e+01 1.014997386932e+01 9.237482070923e+00 7.510543346405e+00 7.719436168671e+00 7.214341163635e+00 6.075791358948e+00 5.002503871918e+00 5.861438751221e+00 6.757850646973e+00 7.905465126038e+00 7.773081302643e+00 6.623791694641e+00
3.408570289612e+00 1.423848247528e+01 3.273813247681e+01 3.272410583496e+01 6.203725337982e+00 7.348034858704e+00 7.119116306305e+00 1.412228775024e+01 2.435542678833e+01 4.729180526733e+01 6.452626800537e+01 1.284721374512e+02 2.660531921387e+02 1.850869140625e+02 2.478067779541e+02 5.981235122681e+01 7.567272186279e+00 4.722455978394e+00 7.403883457184e+00 2.661461067200e+01 7.207128143311e+01 1.160332794189e+02 8.775435638428e+01 5.944918441772e+01 4.126663208008e+01 2.601969528198e+01 2.968872070312e+01 2.180633354187e+01 2.131814765930e+01 2.117707252502e+01 1.743207168579e+01 1.388894748688e+01 9.802124023438e+00 1.054595279694e+01 9.685212135315e+00 7.388586044312e+00 6.904025554657e+00 6.305238723755e+00 5.853381156921e+00 6.823676586151e+00 7.468767642975e+00 7.250403404236e+00 6.414419651031e+00
3.045649051666e+00 7.331119537354e+00 4.841699218750e+01 6.058755874634e+01 3.324322128296e+01 4.877529144287e+00 3.803735494614e+00 6.940149307251e+00 6.897587299347e+00 5.951705455780e+00 4.922484874725e+00 2.057297897339e+01 8.911645507812e+01 5.632616806030e+01 2.954946594238e+02 3.834946823120e+01 2.152961349487e+01 8.482454299927e+00 6.619582176208e+00 2.137768363953e+01 4.093201065063e+01 3.702722473145e+02 1.194171295166e+02 5.025481033325e+01 5.029906463623e+01 2.680287361145e+01 2.865329742432e+01 2.438941955566e+01 3.384472656250e+01 2.592311286926e+01 1.483610153198e+01 1.497327041626e+01 1.378731346130e+01 1.310613632202e+01 1.285135555267e+01 1.024286842346e+01 1.048933410645e+01 1.156201267242e+01 7.461688995361e+00 5.751215934753e+00 5.702503681183e+00 5.614805221558e+00 6.134964466095e+00
1.958678603172e+00 3.288871526718e+00 4.147897720337e+00 2.410733795166e+01 1.532754707336e+01 3.447366237640e+00 2.926757097244e+00 3.410959243774e+00 3.253713846207e+00 3.059751510620e+00 2.215422630310e+00 2.469941377640e+00 7.438179016113e+00 5.263912963867e+01 1.433056640625e+02 3.712904739380e+01 2.859667778015e+01 1.286028003693e+01 7.646827697754e+00 1.502904224396e+01 1.861267280579e+01 2.450855064392e+01 2.325938034058e+01 1.769037818909e+01 2.448642921448e+01 4.090128707886e+01 3.524592590332e+01 3.508922958374e+01 2.311797142029e+01 2.916817092896e+01 3.037007713318e+01 2.638272476196e+01 1.904236030579e+01 1.364029216766e+01 1.292341136932e+01 1.127573776245e+01 9.634430885315e+00 1.010810947418e+01 9.816330909729e+00 6.507931709290e+00 5.383596420288e+00 5.523757934570e+00 5.657994270325e+00
2.121598720551e+00 3.303358078003e+00 2.180731296539e+00 2.556408643723e+00 2.619163990021e+00 3.007106542587e+00 2.682184219360e+00 2.505822420120e+00 2.396814346313e+00 1.843861579895e+00 1.300918459892e+00 1.051444649696e+00 1.753678917885e+00 5.182352447510e+01 7.730265045166e+01 9.736039733887e+01 2.384212303162e+01 2.857896614075e+01 2.615337944031e+01 8.581880569458e+00 9.485359191895e+00 1.783204460144e+01 4.879294586182e+01 4.819100189209e+01 6.254682159424e+01 6.257255935669e+01 5.831723403931e+01 5.471569824219e+01 5.132979583740e+01 4.852090454102e+01 5.130295944214e+01 6.260176849365e+01 5.346118545532e+01 2.171492958069e+01 8.734195709229e+00 1.048299694061e+01 1.146829891205e+01 7.935929298401e+00 8.049683570862e+00 5.680319309235e+00 5.778685092926e+00 4.129355907440e+00 4.681148529053e+00
