VariationalSeries/SI/f73_max.grd
DSAA
101	101
32.816463539100	34.260883539100
35.556306596100	36.727886596100
2.735876478255e-03	5.036894226074e+02
[rows 57 to 75 of 101, columns 0 to 42 of 101]
1.545284688473e-01 2.536544501781e-01 2.785315811634e-01 2.791043817997e-01 2.831423580647e-01 3.450920283794e-01 3.874418139458e-01 4.257330596447e-01 4.616261422634e-01 4.727442264557e-01 4.747610688210e-01 6.650196313858e-01 1.136638402939e+00 6.215202808380e-01 4.423458874226e-01 6.629813909531e-01 5.946673750877e-01 6.961748600006e-01 8.435589671135e-01 8.497256040573e-01 8.694090843201e-01 6.802458167076e-01 4.686500132084e-01 4.120728969574e-01 4.482366144657e-01 6.199902892113e-01 9.834618568420e-01 1.213179230690e+00 9.169018268585e-01 5.496261119843e-01 4.389661848545e-01 3.464884757996e-01 3.625383675098e-01 4.481734037399e-01 5.259581208229e-01 6.636161208153e-01 7.686604261398e-01 8.198829889297e-01 1.340395092964e+00 1.804232835770e+00 1.570930123329e+00 1.410707235336e+00 1.589702129364e+00
1.969800442457e-01 3.222154378891e-01 3.675475716591e-01 3.732527196407e-01 3.699238300323e-01 3.606517016888e-01 3.563695847988e-01 3.741303980350e-01 3.906004428864e-01 6.364314556122e-01 2.057705879211e+00 2.381443023682e+00 8.901978135109e-01 4.613100588322e-01 4.633201658726e-01 4.221129715443e-01 4.627438187599e-01 4.597471356392e-01 5.461224913597e-01 6.906865835190e-01 8.399476408958e-01 8.997603058815e-01 6.324064135551e-01 3.937537968159e-01 4.545466303825e-01 6.907937526703e-01 1.036671042442e+00 1.106744766235e+00 1.127354979515e+00 7.215492129326e-01 4.357126057148e-01 3.991070091724e-01 3.807011842728e-01 4.636810123920e-01 5.480256080627e-01 5.681681632996e-01 5.831283926964e-01 5.978886485100e-01 5.964444279671e-01 6.438617706299e-01 8.001253604889e-01 1.106476187706e+00 1.282321929932e+00
2.621783912182e-01 4.306070208549e-01 5.104265213013e-01 7.261310219765e-01 9.117315411568e-01 1.140230417252e+00 1.487821340561e+00 2.167615413666e+00 4.002511024475e+00 5.681860446930e+00 3.788318157196e+00 9.643540382385e-01 6.641954779625e-01 5.824814438820e-01 4.251920878887e-01 4.348010420799e-01 4.584357738495e-01 4.495579302311e-01 4.439996182919e-01 4.811928868294e-01 8.103251457214e-01 9.197673201561e-01 6.556020975113e-01 3.808426856995e-01 2.948680222034e-01 4.526583850384e-01 6.388322710991e-01 6.790934801102e-01 6.852363944054e-01 5.628306269646e-01 3.998650014400e-01 4.160550832748e-01 3.967408835888e-01 4.464615583420e-01 5.384767651558e-01 5.585554838181e-01 5.323103070259e-01 4.882602989674e-01 4.380666315556e-01 4.909095168114e-01 6.363863348961e-01 8.055239915848e-01 1.090951085091e+00
2.562250792980e-01 5.186937451363e-01 8.606655597687e-01 1.180828332901e+00 1.457943439484e+00 1.901572465897e+00 2.740490198135e+00 4.085783481598e+00 4.117963790894e+00 1.911636233330e+00 4.769360423088e-01 5.551798343658e-01 6.022124290466e-01 5.346344113350e-01 4.673464298248e-01 4.899765849113e-01 4.896233975887e-01 4.687568247318e-01 3.784042298794e-01 3.766925930977e-01 5.834782719612e-01 6.516568660736e-01 4.861483275890e-01 3.070909082890e-01 2.381063103676e-01 2.578841149807e-01 3.450245559216e-01 4.266013503075e-01 4.797092378139e-01 4.283735752106e-01 3.924424946308e-01 3.636020421982e-01 3.891750872135e-01 4.316377341747e-01 5.172011852264e-01 5.305554866791e-01 4.808302223682e-01 4.119282662868e-01 3.795382678509e-01 4.204182326794e-01 6.097609996796e-01 7.478131651878e-01 9.994174242020e-01
1.562105417252e-01 2.720517814159e-01 3.319635987282e-01 3.491136133671e-01 3.499834835529e-01 3.490663468838e-01 3.467178642750e-01 3.400362730026e-01 3.345280885696e-01 3.282963931561e-01 3.089418113232e-01 3.251897096634e-01 3.429704606533e-01 4.382497966290e-01 4.921111166477e-01 5.132828354836e-01 4.929593801498e-01 4.369442164898e-01 3.233741223812e-01 2.661186754704e-01 3.266765475273e-01 3.391454517841e-01 2.689414322376e-01 2.009481638670e-01 1.780543625355e-01 1.902647316456e-01 2.408971637487e-01 2.900369763374e-01 3.549165129662e-01 3.827303349972e-01 3.628567755222e-01 3.247403800488e-01 3.724972307682e-01 4.506973028183e-01 5.371178984642e-01 5.204517841339e-01 4.333637952805e-01 3.467295765877e-01 3.836301565170e-01 4.279390275478e-01 6.093788146973e-01 7.570286393166e-01 9.378690719604e-01
7.418574392796e-02 1.380912363529e-01 1.786461621523e-01 1.969972252846e-01 2.042916119099e-01 2.105544060469e-01 2.165634930134e-01 2.211240977049e-01 2.282799035311e-01 2.354855686426e-01 2.311133891344e-01 2.174623608589e-01 2.126150727272e-01 2.816924750805e-01 3.306726515293e-01 3.475521504879e-01 3.156179189682e-01 2.806218564510e-01 2.373120933771e-01 2.078245133162e-01 1.745712757111e-01 1.628773063421e-01 1.350992172956e-01 1.493896245956e-01 1.760317236185e-01 1.850702464581e-01 1.992073953152e-01 2.417354285717e-01 2.999099493027e-01 3.287468850613e-01 3.245866298676e-01 3.069845139980e-01 3.700088262558e-01 4.958901703358e-01 5.759869813919e-01 5.212875008583e-01 3.923483490944e-01 3.442595303059e-01 3.920963406563e-01 4.442067146301e-01 5.883628129959e-01 6.996677517891e-01 8.039326667786e-01
5.011469870806e-02 8.440714329481e-02 1.055327653885e-01 1.215023025870e-01 1.307064294815e-01 1.389139592648e-01 1.467704921961e-01 1.534011811018e-01 1.614700853825e-01 1.697020381689e-01 1.708576530218e-01 1.653858423233e-01 1.591187119484e-01 1.534253209829e-01 1.530932486057e-01 1.735372245312e-01 1.829708516598e-01 1.805118322372e-01 1.657061278820e-01 1.575109511614e-01 1.421119868755e-01 1.332136243582e-01 1.164830029011e-01 1.515449136496e-01 1.865914463997e-01 2.042798399925e-01 2.031242847443e-01 2.024079561234e-01 2.473614960909e-01 2.757125198841e-01 2.829873561859e-01 2.816779613495e-01 3.738529980183e-01 5.216875076294e-01 5.761327743530e-01 4.830447733402e-01 3.430176079273e-01 3.447701036930e-01 4.085081815720e-01 4.569713771343e-01 5.339070558548e-01 6.131917834282e-01 6.270653009415e-01
4.107280820608e-02 6.899040192366e-02 8.694834262133e-02 9.732803702354e-02 1.020951047540e-01 1.070895418525e-01 1.110130399466e-01 1.124437749386e-01 1.180171296000e-01 1.227520629764e-01 1.237826049328e-01 1.217355728149e-01 1.196973845363e-01 1.169239878654e-01 1.201007142663e-01 1.379221379757e-01 1.466027945280e-01 1.447317153215e-01 1.339334845543e-01 1.246666684747e-01 1.374930143356e-01 1.332895308733e-01 1.147370710969e-01 1.508647352457e-01 1.900628060102e-01 2.140033692122e-01 2.167964726686e-01 2.100132554770e-01 2.174547165632e-01 2.388346046209e-01 2.491882592440e-01 2.587338685989e-01 3.702028691769e-01 5.081378817558e-01 5.244303345680e-01 4.149659574032e-01 3.241205513477e-01 3.505229055882e-01 4.260742664337e-01 4.483936131001e-01 4.716767370701e-01 5.087871551514e-01 4.659318923950e-01
4.046674072742e-02 6.479316204786e-02 8.207751810551e-02 8.991454541683e-02 9.321949630976e-02 9.618768841028e-02 9.735076129436e-02 9.547447413206e-02 9.296467155218e-02 9.425346553326e-02 9.398375451565e-02 9.739729762077e-02 1.003214120865e-01 1.027221754193e-01 1.055877655745e-01 1.116543337703e-01 1.194203197956e-01 1.193383559585e-01 1.205494254827e-01 1.191251352429e-01 1.259482949972e-01 1.312949657440e-01 1.164649128914e-01 1.426516622305e-01 1.799056529999e-01 2.046794742346e-01 2.089481502771e-01 2.062099426985e-01 2.181947976351e-01 2.249784171581e-01 2.295885980129e-01 2.405104786158e-01 3.459016978741e-01 4.547850191593e-01 4.432122409344e-01 3.556326925755e-01 3.110179007053e-01 3.742784857750e-01 4.297272861004e-01 4.179003536701e-01 4.091199040413e-01 4.110265970230e-01 3.750979602337e-01
3.777127340436e-02 5.993502587080e-02 7.509898394346e-02 8.170086890459e-02 8.448889106512e-02 8.667080104351e-02 8.703112602234e-02 8.527541905642e-02 8.300366997719e-02 8.747702091932e-02 9.282100200653e-02 9.768174588680e-02 1.020044162869e-01 1.056591644883e-01 1.090062260628e-01 1.122674196959e-01 1.146859526634e-01 1.151118353009e-01 1.128737553954e-01 1.131465658545e-01 1.131995990872e-01 1.262874156237e-01 1.192787364125e-01 1.292668282986e-01 1.607012450695e-01 1.825096607208e-01 2.121740579605e-01 2.322431206703e-01 2.336980402470e-01 2.265700101852e-01 2.219198793173e-01 2.241461873055e-01 3.031657934189e-01 3.781443834305e-01 3.632583320141e-01 3.158295452595e-01 3.344482779503e-01 3.792873024940e-01 4.050173163414e-01 3.663378059864e-01 3.417384028435e-01 3.237884640694e-01 3.203555643559e-01
3.471878170967e-02 5.499458685517e-02 6.879238039255e-02 7.508306205273e-02 7.773037254810e-02 7.897066324949e-02 7.851770520210e-02 7.704491913319e-02 7.617114484310e-02 8.271570503712e-02 8.866183459759e-02 9.427601844072e-02 9.945442527533e-02 1.038149297237e-01 1.072332933545e-01 1.095010563731e-01 1.110065728426e-01 1.221669241786e-01 1.245138719678e-01 1.153206378222e-01 1.058253273368e-01 1.156024858356e-01 1.178004816175e-01 1.160727068782e-01 1.412025392056e-01 1.591717153788e-01 1.932507604361e-01 2.249877452850e-01 2.328324466944e-01 2.255909740925e-01 2.168791443110e-01 2.178364992142e-01 2.416425347328e-01 2.929824888706e-01 2.882530391216e-01 2.670721411705e-01 2.883261442184e-01 3.204235732555e-01 3.310961127281e-01 2.875548303127e-01 2.675159871578e-01 2.481849640608e-01 2.421912252903e-01
3.214378282428e-02 5.099360272288e-02 6.404866278172e-02 7.031612843275e-02 7.261160761118e-02 7.282970100641e-02 7.178360223770e-02 7.073210179806e-02 7.197458297014e-02 7.442819327116e-02 8.053493499756e-02 8.634223043919e-02 9.173810482025e-02 9.630245715380e-02 9.964108467102e-02 1.069435924292e-01 1.172160655260e-01 1.318227052689e-01 1.381518691778e-01 1.342224180698e-01 1.226761937141e-01 1.089217811823e-01 1.108054891229e-01 1.121817082167e-01 1.255815327168e-01 1.399202793837e-01 1.439742892981e-01 1.747699230909e-01 1.980368643999e-01 2.053832262754e-01 2.033504098654e-01 2.095401883125e-01 2.156517207623e-01 2.205438762903e-01 2.138898521662e-01 2.072470784187e-01 2.248594909906e-01 2.556595802307e-01 2.738942205906e-01 2.272786945105e-01 2.004309594631e-01 1.788976341486e-01 2.006072849035e-01
3.025962226093e-02 4.814767837524e-02 6.072020903230e-02 6.665605306625e-02 6.823427230120e-02 6.774954497814e-02 6.668516993523e-02 6.632772088051e-02 6.700663268566e-02 6.903105974197e-02 6.995330750942e-02 7.557774335146e-02 8.076491951942e-02 8.522612601519e-02 9.160938113928e-02 1.014913991094e-01 1.186948195100e-01 1.353671252728e-01 1.465779542923e-01 1.498376429081e-01 1.455457955599e-01 1.366288661957e-01 1.258844584227e-01 1.159782782197e-01 1.134741306305e-01 1.252531260252e-01 1.273261010647e-01 1.250728517771e-01 1.533194631338e-01 1.760284304619e-01 1.910299956799e-01 2.019730806351e-01 2.083312869072e-01 1.999390274286e-01 1.822146326303e-01 1.788511276245e-01 1.994453221560e-01 2.418738901615e-01 2.822062373161e-01 2.558960318565e-01 1.897316426039e-01 1.688799858093e-01 1.917422264814e-01
2.952305227518e-02 4.689773544669e-02 5.891854315996e-02 6.413114070892e-02 6.494264304638e-02 6.408472359180e-02 6.386978179216e-02 6.465139240026e-02 6.464444845915e-02 6.554841995239e-02 6.501605361700e-02 7.076381146908e-02 7.782593369484e-02 8.513564616442e-02 9.157144278288e-02 1.032135784626e-01 1.200986728072e-01 1.371035426855e-01 1.523187309504e-01 1.616671681404e-01 1.631104946136e-01 1.588332206011e-01 1.516612917185e-01 1.443410515785e-01 1.400188058615e-01 1.373328119516e-01 1.323895603418e-01 1.282802671194e-01 1.514728814363e-01 1.699857413769e-01 1.837920248508e-01 1.962067484856e-01 2.025041133165e-01 1.888733059168e-01 1.814140677452e-01 1.775830090046e-01 2.007140368223e-01 2.332375198603e-01 2.711161077023e-01 2.480885684490e-01 1.927833259106e-01 1.677389591932e-01 1.905094534159e-01
2.993307635188e-02 4.728687927127e-02 5.885722860694e-02 6.338381767273e-02 6.363724917173e-02 6.242511421442e-02 6.282726675272e-02 6.236240267754e-02 6.285195797682e-02 6.301877647638e-02 6.626909971237e-02 7.291491329670e-02 7.941110432148e-02 8.557450771332e-02 9.051904827356e-02 1.056697145104e-01 1.246734112501e-01 1.425514668226e-01 1.597704291344e-01 1.722328811884e-01 1.762157678604e-01 1.734423488379e-01 1.667996346951e-01 1.585601419210e-01 1.518039703369e-01 1.452522128820e-01 1.344719976187e-01 1.289792060852e-01 1.480975449085e-01 1.641843914986e-01 1.779420822859e-01 1.910372078419e-01 1.951659768820e-01 1.792196035385e-01 1.835896223783e-01 1.910617649555e-01 2.048819065094e-01 2.257210314274e-01 2.445149868727e-01 2.165541201830e-01 1.827890723944e-01 1.555773764849e-01 1.762859076262e-01
3.062452003360e-02 4.822112247348e-02 5.956543982029e-02 6.368637084961e-02 6.361968815327e-02 6.206235289574e-02 6.363463401794e-02 6.541357934475e-02 6.642852723598e-02 6.659486144781e-02 6.603766977787e-02 7.004271447659e-02 7.926469296217e-02 8.862631022930e-02 9.156375378370e-02 1.030529290438e-01 1.269160807133e-01 1.474035829306e-01 1.636412441730e-01 1.739337891340e-01 1.762482970953e-01 1.714863181114e-01 1.625247746706e-01 1.519745141268e-01 1.420811414719e-01 1.322240531445e-01 1.184598654509e-01 1.286111325026e-01 1.450009346008e-01 1.594530642033e-01 1.725551784039e-01 1.833789348602e-01 1.832948774099e-01 1.711644232273e-01 1.842830479145e-01 2.219585180283e-01 2.089604586363e-01 2.292147427797e-01 2.197036594152e-01 1.875496804714e-01 1.648970246315e-01 1.421339213848e-01 1.595058739185e-01
3.015251271427e-02 4.732300341129e-02 5.811292678118e-02 6.191049143672e-02 6.182312965393e-02 6.146329268813e-02 6.285697221756e-02 6.364625692368e-02 6.384970247746e-02 6.347763538361e-02 6.541392207146e-02 7.350965589285e-02 8.557398617268e-02 9.580975025892e-02 9.879121184349e-02 9.650839120150e-02 1.208982393146e-01 1.417410671711e-01 1.535111963749e-01 1.577961742878e-01 1.557491570711e-01 1.473620980978e-01 1.360684186220e-01 1.262091100216e-01 1.181958243251e-01 1.114751324058e-01 1.129164770246e-01 1.273458153009e-01 1.417802870274e-01 1.547174155712e-01 1.659599095583e-01 1.721598058939e-01 1.673447936773e-01 1.639282703400e-01 1.876552850008e-01 2.058145850897e-01 2.071959525347e-01 2.298940122128e-01 2.219556719065e-01 1.816515028477e-01 1.559788733721e-01 1.434663683176e-01 1.543643623590e-01
2.763802930713e-02 4.309412091970e-02 5.260395258665e-02 5.590685829520e-02 6.120797991753e-02 6.372879445553e-02 6.250406056643e-02 5.909646302462e-02 5.536964908242e-02 6.078793853521e-02 6.651286780834e-02 7.698149979115e-02 9.103102982044e-02 1.016397103667e-01 1.045382618904e-01 1.026482805610e-01 1.104597449303e-01 1.281683295965e-01 1.348023116589e-01 1.334779113531e-01 1.270295232534e-01 1.153366938233e-01 1.119234785438e-01 1.328483819962e-01 1.351301670074e-01 1.299775093794e-01 1.277134567499e-01 1.284928172827e-01 1.375754028559e-01 1.487736254930e-01 1.565789431334e-01 1.568542569876e-01 1.474121809006e-01 1.511977314949e-01 1.712772101164e-01 2.384978681803e-01 2.102750241756e-01 2.940568029881e-01 2.614620327950e-01 2.204134017229e-01 1.870531588793e-01 1.542597115040e-01 1.731340736151e-01
2.932071313262e-02 4.319361597300e-02 5.296327173710e-02 6.146525219083e-02 6.757371127605e-02 6.893511861563e-02 6.687931716442e-02 6.311681866646e-02 5.876525118947e-02 6.121617183089e-02 6.799169629812e-02 8.063649386168e-02 9.614144265652e-02 1.069215610623e-01 1.097672358155e-01 1.079023480415e-01 1.012987121940e-01 1.166559159756e-01 1.211661472917e-01 1.268846988678e-01 1.714543104172e-01 1.567839682102e-01 1.214530318975e-01 1.384581178427e-01 1.348044127226e-01 1.245983093977e-01 1.186929121614e-01 1.211530417204e-01 1.326085031033e-01 1.412057429552e-01 1.442092508078e-01 1.386733353138e-01 1.262719035149e-01 1.356524825096e-01 1.497208476067e-01 2.111143171787e-01 2.701512873173e-01 4.249608814716e-01 3.936277627945e-01 2.602552175522e-01 2.047656625509e-01 1.839591413736e-01 2.208534479141e-01
