VariationalSeries/SI/f75_max.grd
DSAA
101	101
32.816463539100	34.260883539100
35.556306596100	36.727886596100
1.812285976484e-03	3.327923583984e+02
[rows 19 to 37 of 101, columns 0 to 42 of 101]
6.055148243904e-01 1.235193133354e+00 1.581593990326e+00 1.613628625870e+00 1.332510590553e+00 1.050854206085e+00 7.235522866249e-01 8.345968723297e-01 9.851462244987e-01 1.177511930466e+00 1.556505084038e+00 1.851110458374e+00 1.782277464867e+00 1.928351759911e+00 1.940563678741e+00 1.880871295929e+00 1.788510918617e+00 1.801455736160e+00 2.045574188232e+00 1.819861054420e+00 1.860259532928e+00 1.999730706215e+00 2.092241048813e+00 2.040482044220e+00 1.812017560005e+00 1.546041607857e+00 1.599121212959e+00 2.623852252960e+00 3.111345767975e+00 2.328137874603e+00 2.152957201004e+00 1.992522716522e+00 2.088686466217e+00 2.067527770996e+00 2.047091722488e+00 2.067757844925e+00 1.626650094986e+00 1.423010230064e+00 1.529896736145e+00 1.489378690720e+00 2.133353471756e+00 5.109514713287e+00 2.399816036224e+00
4.746331870556e-01 9.979227185249e-01 1.347227334976e+00 1.475651264191e+00 1.313786029816e+00 1.254876732826e+00 1.150840163231e+00 7.854481339455e-01 1.036282539368e+00 1.213355183601e+00 1.354275703430e+00 1.689915537834e+00 1.488425731659e+00 1.730837583542e+00 1.866925597191e+00 1.923627018929e+00 1.918303012848e+00 1.831658720970e+00 2.347155570984e+00 1.872574567795e+00 2.163803339005e+00 2.546013832092e+00 2.747443199158e+00 2.798543453217e+00 2.552656173706e+00 1.969563603401e+00 2.119927167892e+00 2.132023811340e+00 3.275194168091e+00 2.364431381226e+00 2.031765222549e+00 1.933831453323e+00 1.885121107101e+00 1.813899636269e+00 1.746268153191e+00 2.247941017151e+00 1.562990307808e+00 1.645201563835e+00 1.676004528999e+00 1.734380125999e+00 2.639698743820e+00 4.335460186005e+00 3.564388990402e+00
3.543960452080e-01 7.271941900253e-01 1.020932316780e+00 1.176434755325e+00 1.111538767815e+00 9.639865159988e-01 1.187431931496e+00 1.173055768013e+00 1.322579860687e+00 1.572134971619e+00 1.806095123291e+00 2.372220277786e+00 2.830746889114e+00 2.579733610153e+00 1.752917289734e+00 1.724720954895e+00 1.819333672523e+00 1.951348781586e+00 3.417869806290e+00 2.613017797470e+00 1.979633688927e+00 3.095274448395e+00 3.281788587570e+00 3.767740011215e+00 3.014630794525e+00 2.664493799210e+00 2.651658296585e+00 1.696734786034e+00 3.092666149139e+00 2.178592443466e+00 1.686113715172e+00 1.772645115852e+00 2.094431161880e+00 1.630681991577e+00 1.779530763626e+00 2.383623361588e+00 1.896986722946e+00 1.748922824860e+00 1.812962532043e+00 1.962483406067e+00 3.074987173080e+00 3.116802692413e+00 4.725044727325e+00
4.972987174988e-01 8.935677409172e-01 8.351287245750e-01 8.746715188026e-01 1.047611355782e+00 1.324191093445e+00 1.542456388474e+00 1.837483763695e+00 2.224854946136e+00 2.788221836090e+00 3.533986091614e+00 4.413191318512e+00 4.938413619995e+00 4.275958061218e+00 2.690486431122e+00 1.610397934914e+00 2.222199440002e+00 3.120093584061e+00 3.947179317474e+00 3.227301120758e+00 2.561480522156e+00 3.361678600311e+00 3.574879407883e+00 4.234150409698e+00 2.999738454819e+00 3.036618471146e+00 3.154143571854e+00 1.980031847954e+00 2.538363456726e+00 1.802632451057e+00 1.597639203072e+00 1.581960797310e+00 2.175883769989e+00 2.166480779648e+00 2.148767471313e+00 2.039577007294e+00 2.667008399963e+00 1.921687602997e+00 1.957670569420e+00 2.153216362000e+00 3.423513889313e+00 2.961114168167e+00 5.486729145050e+00
4.851745963097e-01 9.984822869301e-01 1.082640886307e+00 1.037047147751e+00 1.315923690796e+00 1.787100076675e+00 1.954649209976e+00 2.060225009918e+00 2.278562784195e+00 2.631598711014e+00 3.163899898529e+00 3.593306541443e+00 3.668110370636e+00 3.131952524185e+00 2.298138856888e+00 1.996609449387e+00 2.179786682129e+00 3.069224596024e+00 4.075676918030e+00 2.505918502808e+00 2.421618461609e+00 3.392609834671e+00 3.570918083191e+00 4.063588619232e+00 3.248345136642e+00 3.027681350708e+00 3.561003446579e+00 3.086073875427e+00 3.118534564972e+00 2.666229724884e+00 2.312361478806e+00 3.295306682587e+00 3.070932626724e+00 2.348213672638e+00 2.281714677811e+00 2.184027433395e+00 2.963034868240e+00 2.138797044754e+00 2.142953157425e+00 2.272294998169e+00 3.617967605591e+00 3.000635623932e+00 5.608049392700e+00
9.107985496521e-01 1.567415714264e+00 1.014977097511e+00 1.031708240509e+00 1.149194717407e+00 1.562619447708e+00 1.768208622932e+00 1.745494246483e+00 1.729793429375e+00 1.795108675957e+00 1.897781133652e+00 2.007387161255e+00 1.907326579094e+00 2.040891408920e+00 2.066132783890e+00 1.852385044098e+00 1.890988111496e+00 3.522897243500e+00 4.016940593719e+00 2.129067659378e+00 2.207858085632e+00 3.144703388214e+00 3.389250755310e+00 3.465506076813e+00 3.125865697861e+00 2.770917892456e+00 3.839634895325e+00 3.399122714996e+00 2.747659921646e+00 2.650796890259e+00 2.712323427200e+00 4.281535148621e+00 6.344866275787e+00 6.008174419403e+00 5.409920692444e+00 5.136529445648e+00 5.304808616638e+00 3.288222551346e+00 2.793010950089e+00 2.390387773514e+00 3.700176239014e+00 2.897673368454e+00 4.972187995911e+00
1.689080476761e+00 3.578825712204e+00 3.675822019577e+00 3.207182168961e+00 1.995815873146e+00 1.155789613724e+00 1.195083618164e+00 1.252119898796e+00 1.297908782959e+00 1.678573608398e+00 2.011992931366e+00 2.248041152954e+00 2.320220232010e+00 2.224471807480e+00 1.997911214828e+00 2.112977981567e+00 2.259026765823e+00 3.433596134186e+00 3.373949050903e+00 1.909029126167e+00 2.210806131363e+00 2.573370933533e+00 2.934746980667e+00 2.870519876480e+00 3.193348169327e+00 3.076211214066e+00 3.989921808243e+00 4.178229331970e+00 4.426440238953e+00 3.951717853546e+00 2.974464178085e+00 2.574041366577e+00 5.186212062836e+00 5.637432098389e+00 6.170932769775e+00 7.411219120026e+00 9.190565109253e+00 5.577830791473e+00 4.124564647675e+00 3.504484415054e+00 3.634152173996e+00 2.704156637192e+00 3.734330415726e+00
1.792618274689e+00 3.872889995575e+00 4.482049942017e+00 5.286237716675e+00 5.764993190765e+00 4.981482028961e+00 2.784646987915e+00 1.568013310432e+00 2.140212297440e+00 2.499978780746e+00 2.567342519760e+00 2.427753448486e+00 2.277007102966e+00 3.055415868759e+00 3.348431348801e+00 3.308140039444e+00 3.247073650360e+00 3.152448654175e+00 3.113699674606e+00 3.011691331863e+00 2.942565679550e+00 2.939657211304e+00 2.849681377411e+00 3.636281967163e+00 4.374657630920e+00 3.779442071915e+00 4.340330600739e+00 5.550259590149e+00 5.595962047577e+00 4.954134941101e+00 3.686043977737e+00 2.892344236374e+00 3.047498703003e+00 4.533314704895e+00 6.774223804474e+00 5.987042903900e+00 6.272605419159e+00 4.714231014252e+00 5.042825698853e+00 5.131644248962e+00 4.168518066406e+00 2.584500789642e+00 3.300942659378e+00
1.144962430000e+00 2.534787893295e+00 2.961131334305e+00 3.650720596313e+00 4.749445438385e+00 6.221655368805e+00 6.994465827942e+00 5.420814037323e+00 2.819901227951e+00 2.715525865555e+00 2.418385505676e+00 3.097866535187e+00 3.633995532990e+00 3.764967918396e+00 3.559955120087e+00 3.548699378967e+00 3.506451129913e+00 3.402643680573e+00 3.566491127014e+00 3.598524808884e+00 3.696916818619e+00 4.014040946960e+00 3.798714637756e+00 3.502193927765e+00 3.469122886658e+00 4.467792987823e+00 4.272652149200e+00 5.362982273102e+00 5.880427360535e+00 5.257432460785e+00 3.910645961761e+00 4.105360031128e+00 5.279893398285e+00 7.067850112915e+00 8.452816009521e+00 6.146151542664e+00 4.579589843750e+00 3.827628135681e+00 4.547532558441e+00 5.816532135010e+00 6.330988407135e+00 4.288773536682e+00 3.225087404251e+00
7.940776944160e-01 1.557262778282e+00 1.907415747643e+00 1.755377531052e+00 2.086260318756e+00 3.120284080505e+00 4.850266456604e+00 6.528600692749e+00 6.481381416321e+00 4.439182281494e+00 3.442762136459e+00 3.611574172974e+00 3.642725706100e+00 3.465621948242e+00 3.397158861160e+00 3.336200475693e+00 3.165847778320e+00 3.395495891571e+00 3.484137773514e+00 3.613978862762e+00 3.831427574158e+00 3.701188325882e+00 3.564994812012e+00 3.528012275696e+00 3.611395359039e+00 3.428544998169e+00 3.691923856735e+00 4.229941844940e+00 5.022517681122e+00 5.205824375153e+00 4.061923503876e+00 4.947222709656e+00 5.732650756836e+00 6.521929740906e+00 6.338674545288e+00 4.000469207764e+00 4.435770511627e+00 5.132098674774e+00 5.509716033936e+00 4.905598163605e+00 7.125027656555e+00 7.210021972656e+00 3.894272565842e+00
9.268642663956e-01 1.823361635208e+00 1.770868659019e+00 2.171901464462e+00 1.783139944077e+00 1.575770139694e+00 1.898627281189e+00 3.451709032059e+00 5.474049568176e+00 6.319283485413e+00 5.121984958649e+00 3.417050838470e+00 3.232929468155e+00 3.152778387070e+00 2.944974184036e+00 2.862040519714e+00 2.952989339828e+00 3.423237800598e+00 3.123976469040e+00 3.121502399445e+00 2.822217941284e+00 2.313743829727e+00 3.207310199738e+00 2.852974653244e+00 4.289786338806e+00 3.570764780045e+00 4.205240726471e+00 4.726989269257e+00 3.776461839676e+00 4.227603912354e+00 4.849665164948e+00 5.221583366394e+00 4.146464347839e+00 5.243023395538e+00 3.823301553726e+00 3.359918832779e+00 4.481827735901e+00 6.232200145721e+00 7.428092002869e+00 6.996097087860e+00 5.811138153076e+00 8.957992553711e+00 6.699085712433e+00
1.207348227501e+00 2.320539236069e+00 2.154228448868e+00 2.153729200363e+00 2.399123430252e+00 1.853260397911e+00 2.565755367279e+00 3.101836919785e+00 3.405970573425e+00 4.813116073608e+00 6.144074440002e+00 5.541759967804e+00 3.371268033981e+00 2.692338466644e+00 2.649608850479e+00 2.710937738419e+00 2.806288003922e+00 2.773908853531e+00 3.150854825974e+00 2.947876930237e+00 2.568150281906e+00 2.256952047348e+00 2.468354940414e+00 3.843898296356e+00 5.716699123383e+00 7.680546283722e+00 9.226766586304e+00 7.533843040466e+00 4.864209175110e+00 4.554376125336e+00 5.964746952057e+00 4.071072101593e+00 3.035256147385e+00 6.545157432556e+00 2.893726110458e+00 3.819900035858e+00 3.722646236420e+00 5.270619869232e+00 7.633447647095e+00 8.174985885620e+00 6.997081279755e+00 7.601945877075e+00 1.021865463257e+01
1.100702404976e+00 2.406836748123e+00 2.547311544418e+00 2.490197896957e+00 2.545404672623e+00 2.619751930237e+00 3.124449253082e+00 3.264978170395e+00 3.230708122253e+00 3.042511463165e+00 4.328793525696e+00 6.105021476746e+00 5.925820350647e+00 4.063112735748e+00 2.535548448563e+00 2.529671669006e+00 2.438138723373e+00 2.305855274200e+00 3.086102008820e+00 3.209318161011e+00 3.357306003571e+00 2.699593782425e+00 2.495169878006e+00 4.742109775543e+00 8.027587890625e+00 1.180123138428e+01 1.385984992981e+01 1.327849102020e+01 8.698480606079e+00 5.258078575134e+00 6.415331363678e+00 5.098592281342e+00 4.869578838348e+00 8.011674880981e+00 4.310036659241e+00 7.897729396820e+00 5.695118427277e+00 4.389902114868e+00 5.871623992920e+00 8.402159690857e+00 8.567979812622e+00 7.192586421967e+00 1.103806018829e+01
1.338082909584e+00 2.704083919525e+00 2.739278554916e+00 2.662408351898e+00 2.752938985825e+00 3.102914333344e+00 3.111402750015e+00 3.138672351837e+00 2.875733375549e+00 2.647376775742e+00 2.553532361984e+00 3.743266344070e+00 5.938960552216e+00 6.222670078278e+00 4.686618328094e+00 2.388267755508e+00 2.209159374237e+00 2.356316328049e+00 2.752417802811e+00 4.472188949585e+00 4.046099185944e+00 3.752020359039e+00 3.430260419846e+00 4.716272354126e+00 8.185160636902e+00 1.167138385773e+01 1.587460899353e+01 1.860022544861e+01 1.558149242401e+01 7.614762306213e+00 6.644130706787e+00 7.276788234711e+00 7.014666557312e+00 9.498645782471e+00 5.275146007538e+00 1.060795688629e+01 8.765150070190e+00 5.739179134369e+00 5.511436939240e+00 7.666309833527e+00 1.643435478210e+01 8.330226898193e+00 9.085992813110e+00
1.864676117897e+00 3.504361867905e+00 3.164482831955e+00 3.243471860886e+00 3.448703765869e+00 3.650255680084e+00 3.884136438370e+00 4.046505928040e+00 4.140951633453e+00 4.158518791199e+00 4.034953594208e+00 4.064898967743e+00 3.871957778931e+00 5.504617691040e+00 6.346098899841e+00 5.255804061890e+00 2.615273475647e+00 2.569604396820e+00 2.769036293030e+00 4.290790081024e+00 4.551491737366e+00 4.147523403168e+00 3.691570281982e+00 4.011672019958e+00 6.773050308228e+00 1.005425262451e+01 1.556632804871e+01 2.173277282715e+01 2.057934188843e+01 1.265323162079e+01 9.345310211182e+00 1.185901069641e+01 1.285811424255e+01 1.202108573914e+01 1.010112571716e+01 1.147352218628e+01 1.090351772308e+01 8.385581016541e+00 9.954355239868e+00 8.674503326416e+00 2.370988655090e+01 1.926205825806e+01 5.426935672760e+00
1.926982522011e+00 4.005423545837e+00 3.996246337891e+00 3.870839357376e+00 3.406222581863e+00 2.800791740417e+00 2.694478511810e+00 2.986181020737e+00 3.316949367523e+00 3.708922624588e+00 4.145882606506e+00 4.664463520050e+00 5.296726703644e+00 8.370909690857e+00 8.512290954590e+00 6.294555187225e+00 5.975725173950e+00 5.677564144135e+00 5.279644012451e+00 4.830411911011e+00 4.350436210632e+00 3.940904140472e+00 4.318114757538e+00 4.080763339996e+00 4.612452983856e+00 7.591361999512e+00 1.118347549438e+01 1.769962310791e+01 2.249844360352e+01 1.570191287994e+01 7.536421298981e+00 7.314463138580e+00 1.080741786957e+01 1.445810794830e+01 1.622235107422e+01 1.525633525848e+01 1.119346523285e+01 9.142195701599e+00 6.855048656464e+00 1.031284236908e+01 2.507504463196e+01 2.974337005615e+01 8.298109054565e+00
1.493505716324e+00 3.088693857193e+00 3.464628458023e+00 3.777477502823e+00 3.966417789459e+00 3.829361677170e+00 3.207947969437e+00 2.648420572281e+00 2.666297435760e+00 2.668916225433e+00 2.658177614212e+00 2.605123758316e+00 2.526325225830e+00 3.178722381592e+00 4.762195110321e+00 5.220775604248e+00 6.144743919373e+00 5.903818130493e+00 4.882982730865e+00 5.408278942108e+00 5.717093467712e+00 5.893690586090e+00 6.102950572968e+00 6.357411861420e+00 6.098913669586e+00 5.022369384766e+00 7.510122776031e+00 1.336425209045e+01 1.891439437866e+01 1.399493885040e+01 7.106560230255e+00 4.969362735748e+00 4.165935516357e+00 7.209521770477e+00 8.463247299194e+00 1.386218643188e+01 1.776797294617e+01 1.663732528687e+01 1.052321720123e+01 1.100771045685e+01 1.631135940552e+01 3.567070388794e+01 1.291056346893e+01
1.201492905617e+00 2.321994781494e+00 2.310311317444e+00 2.212708473206e+00 2.526220798492e+00 2.828924894333e+00 2.954910993576e+00 2.903089523315e+00 2.463973283768e+00 2.534180879593e+00 2.755895137787e+00 2.980799674988e+00 3.188961267471e+00 3.397575616837e+00 3.610133171082e+00 3.794857263565e+00 3.957181692123e+00 5.782076358795e+00 6.128170490265e+00 7.824438571930e+00 6.133125782013e+00 5.181148529053e+00 4.912849426270e+00 4.882945060730e+00 4.886815547943e+00 5.527742385864e+00 7.317373752594e+00 8.526179313660e+00 1.205940532684e+01 9.924903869629e+00 5.116196632385e+00 6.015138626099e+00 4.480155944824e+00 5.860390663147e+00 6.809315204620e+00 8.136659622192e+00 8.234964370728e+00 1.374581146240e+01 1.958024978638e+01 1.601432037354e+01 1.390079879761e+01 2.955114555359e+01 2.627868270874e+01
7.557145357132e-01 1.523987889290e+00 1.501796722412e+00 1.508696913719e+00 1.775252103806e+00 2.027505874634e+00 2.194697380066e+00 2.263367891312e+00 2.292884349823e+00 2.106544017792e+00 2.135887622833e+00 2.129376649857e+00 2.229835271835e+00 2.327430963516e+00 2.360033512115e+00 3.042736530304e+00 3.397936344147e+00 4.686397552490e+00 8.827258110046e+00 9.204582214355e+00 8.101074218750e+00 6.865888595581e+00 7.872221469879e+00 9.396617889404e+00 6.609341621399e+00 7.902311325073e+00 7.716486930847e+00 7.189127445221e+00 7.471541881561e+00 9.723003387451e+00 9.088756561279e+00 5.970527172089e+00 6.123119831085e+00 6.515000343323e+00 6.959746360779e+00 7.470424175262e+00 7.349064826965e+00 9.461365699768e+00 1.385285949707e+01 1.612455368042e+01 1.935556983948e+01 2.573189926147e+01 2.197108078003e+01
