VariationalSeries/SI/f75_max.grd
DSAA
101	101
32.816463539100	34.260883539100
35.556306596100	36.727886596100
1.812285976484e-03	3.327923583984e+02
[rows 0 to 18 of 101, columns 0 to 42 of 101]
2.807710170746e-01 5.013529658318e-01 4.439031481743e-01 2.657585144043e-01 2.315812557936e-01 3.036414086819e-01 6.020536422729e-01 8.355934023857e-01 7.442129254341e-01 4.421567916870e-01 2.741018533707e-01 3.149127364159e-01 3.342417478561e-01 3.226449191570e-01 2.766481637955e-01 4.188471436501e-01 6.288982033730e-01 7.292686104774e-01 5.223045349121e-01 3.352732658386e-01 3.886584043503e-01 4.208467602730e-01 3.004739284515e-01 2.691991627216e-01 2.911474704742e-01 3.977175652981e-01 5.944764614105e-01 6.795732378960e-01 9.029594063759e-01 7.212896943092e-01 5.282012224197e-01 4.965811073780e-01 4.312756359577e-01 3.424643576145e-01 2.769809365273e-01 2.688724696636e-01 2.478884607553e-01 3.353680074215e-01 4.690816998482e-01 5.367329120636e-01 4.491186439991e-01 3.893808722496e-01 3.709241151810e-01
5.200477242470e-01 9.807633757591e-01 9.612768292427e-01 6.711464524269e-01 4.833649992943e-01 5.871509313583e-01 1.159044623375e+00 1.595742225647e+00 1.405549883842e+00 8.148251771927e-01 4.711630344391e-01 5.386080145836e-01 5.686746239662e-01 5.412964820862e-01 4.653157889843e-01 6.248684525490e-01 9.925662875175e-01 1.299336433411e+00 1.176301956177e+00 7.045331001282e-01 7.092984318733e-01 1.098150968552e+00 5.802849531174e-01 5.269753336906e-01 6.008273363113e-01 7.776655554771e-01 9.971366524696e-01 1.139921784401e+00 1.717160344124e+00 1.339967370033e+00 8.595069050789e-01 7.791907787323e-01 7.840560078621e-01 5.842683315277e-01 6.290715336800e-01 6.584665179253e-01 6.632385849953e-01 7.447296380997e-01 9.342909455299e-01 9.387477636337e-01 6.942274570465e-01 7.029274702072e-01 7.676463723183e-01
5.101226568222e-01 1.045865654945e+00 1.171712160110e+00 1.002757191658e+00 6.446593403816e-01 6.785925030708e-01 1.342725872993e+00 1.815956950188e+00 1.548671364784e+00 8.444178104401e-01 5.960643291473e-01 6.717373132706e-01 6.938397288322e-01 6.418976783752e-01 5.285985469818e-01 5.008420348167e-01 6.558985710144e-01 9.772522449493e-01 1.116571426392e+00 9.094882607460e-01 1.135293722153e+00 1.698264718056e+00 7.476567029953e-01 6.540831923485e-01 8.005421161652e-01 9.685989022255e-01 1.005287051201e+00 1.037386655807e+00 2.003507614136e+00 1.504219770432e+00 8.349905610085e-01 7.162419557571e-01 1.071321487427e+00 5.723248124123e-01 5.913220643997e-01 6.794633865356e-01 8.563175797462e-01 1.082496285439e+00 1.130179643631e+00 9.356836080551e-01 9.475903511047e-01 6.532833576202e-01 8.616244792938e-01
4.585282206535e-01 1.005821704865e+00 1.188836812973e+00 1.213870048523e+00 9.751542210579e-01 6.958075761795e-01 1.405272603035e+00 1.860492110252e+00 1.498897552490e+00 7.266673445702e-01 6.610549092293e-01 7.293924093246e-01 7.260860204697e-01 6.460247039795e-01 5.138418674469e-01 5.123063325882e-01 4.880985617638e-01 5.710515379906e-01 7.411252856255e-01 8.631792068481e-01 1.904328107834e+00 2.162069082260e+00 8.446725010872e-01 7.199351787567e-01 8.851204514503e-01 1.014411568642e+00 9.705274701118e-01 9.666315317154e-01 2.009761571884e+00 1.464663624763e+00 7.479412555695e-01 6.152431368828e-01 1.234165191650e+00 6.586852669716e-01 6.689171195030e-01 9.438030719757e-01 1.165464401245e+00 1.212966918945e+00 1.026108503342e+00 1.189451932907e+00 1.145299553871e+00 7.119566798210e-01 7.913177609444e-01
4.491002559662e-01 9.638462662697e-01 1.138188362122e+00 1.250964403152e+00 1.195829033852e+00 8.449833393097e-01 1.436408758163e+00 1.862100958824e+00 1.408277511597e+00 6.141309142113e-01 7.104517221451e-01 7.558637261391e-01 7.471691370010e-01 7.444202303886e-01 6.844818592072e-01 5.793657898903e-01 5.400363206863e-01 5.345466732979e-01 7.856208682060e-01 1.582907676697e+00 2.646765232086e+00 2.376784801483e+00 9.085614681244e-01 1.007680177689e+00 8.876794576645e-01 9.932482242584e-01 8.912211656570e-01 9.635273814201e-01 1.905091285706e+00 1.381562113762e+00 8.839188218117e-01 6.988646984100e-01 1.315185308456e+00 7.506489157677e-01 1.050713300705e+00 1.255447745323e+00 1.267838001251e+00 1.069820404053e+00 7.368116974831e-01 1.223190784454e+00 1.414905309677e+00 9.523789882660e-01 6.285841464996e-01
4.146746098995e-01 8.436565995216e-01 1.017663717270e+00 1.105488657951e+00 1.224261283875e+00 1.018277406693e+00 1.438295125961e+00 1.806561470032e+00 1.272844433784e+00 6.752139925957e-01 7.559130787849e-01 8.443305492401e-01 9.003123641014e-01 8.725829124451e-01 7.866896986961e-01 6.424398422241e-01 5.205324292183e-01 5.640327334404e-01 1.247796297073e+00 2.254017353058e+00 3.080022573471e+00 2.349894046783e+00 1.008345723152e+00 1.535313725471e+00 9.453595876694e-01 9.333125948906e-01 7.998234033585e-01 1.040419220924e+00 1.706881165504e+00 1.373150467873e+00 8.922122120857e-01 7.269958853722e-01 1.523231148720e+00 1.123236656189e+00 1.330620408058e+00 1.314077496529e+00 1.090372443199e+00 7.545305490494e-01 8.314892053604e-01 1.153898119926e+00 1.735117077827e+00 1.108122706413e+00 6.014474630356e-01
5.236405134201e-01 9.291827678680e-01 8.683725595474e-01 8.593974709511e-01 1.060162186623e+00 1.025333404541e+00 1.419026017189e+00 1.731135725975e+00 1.145677685738e+00 7.459389567375e-01 8.486858010292e-01 9.656885266304e-01 9.798108339310e-01 9.131814837456e-01 7.798716425896e-01 7.217265963554e-01 6.955433487892e-01 8.672152161598e-01 1.681091427803e+00 2.691827535629e+00 3.191790819168e+00 2.149164438248e+00 1.282278299332e+00 1.947702407837e+00 1.370994687080e+00 8.661711215973e-01 7.562514543533e-01 1.922634482384e+00 2.704073905945e+00 1.752981424332e+00 9.884536266327e-01 8.486906886101e-01 1.671413064003e+00 1.317161560059e+00 1.315440058708e+00 1.091864585876e+00 7.614387273788e-01 8.348242640495e-01 1.209368228912e+00 1.526082515717e+00 1.786396741867e+00 1.292431235313e+00 6.407064795494e-01
5.330942869186e-01 1.064799189568e+00 1.099060654640e+00 7.952714562416e-01 7.709999084473e-01 8.610318303108e-01 1.402617573738e+00 1.696872234344e+00 1.070111632347e+00 8.088853955269e-01 9.569898247719e-01 1.022306680679e+00 9.905629754066e-01 8.768668770790e-01 7.995283007622e-01 9.274308681488e-01 1.034424781799e+00 1.141651272774e+00 2.055888414383e+00 2.919043064117e+00 3.135261535645e+00 1.934487581253e+00 1.395750164986e+00 2.143511056900e+00 1.669303894043e+00 1.065572261810e+00 7.660626769066e-01 2.917259216309e+00 3.786606311798e+00 2.060364484787e+00 1.080089807510e+00 9.666720032692e-01 1.647736668587e+00 1.210662484169e+00 1.180156707764e+00 8.394836783409e-01 8.010231852531e-01 1.192677021027e+00 1.574949026108e+00 1.739233970642e+00 1.576050639153e+00 1.638282537460e+00 7.248323559761e-01
4.629135429859e-01 1.010210633278e+00 1.253953814507e+00 1.139976263046e+00 7.672477960587e-01 7.520480751991e-01 1.390429377556e+00 1.686002850533e+00 1.032656311989e+00 9.107237458229e-01 1.013983368874e+00 1.025634169579e+00 9.416979551315e-01 8.029180765152e-01 8.480699658394e-01 9.877902269363e-01 1.337988734245e+00 1.364405274391e+00 2.263384819031e+00 2.874169588089e+00 2.848674058914e+00 1.682992219925e+00 1.429652929306e+00 2.051724672318e+00 1.802252769470e+00 1.232265472412e+00 9.683847427368e-01 3.759505987167e+00 4.415934562683e+00 2.275059223175e+00 1.202220916748e+00 9.229406118393e-01 1.670257568359e+00 1.098497390747e+00 1.295027613640e+00 1.236954927444e+00 1.198073387146e+00 1.606169104576e+00 1.847352981567e+00 1.746864557266e+00 1.284469008446e+00 2.036143302917e+00 8.481969833374e-01
4.764343798161e-01 8.423553109169e-01 1.186262011528e+00 1.340915203094e+00 1.142966508865e+00 7.846658825874e-01 1.396238207817e+00 1.686366558075e+00 1.011285305023e+00 9.627448916435e-01 1.016595840454e+00 9.760181903839e-01 1.055029869080e+00 1.150090217590e+00 1.204147219658e+00 1.222449421883e+00 1.454151988029e+00 1.572221398354e+00 2.325356483459e+00 2.666636705399e+00 2.471422672272e+00 1.439141273499e+00 1.296466231346e+00 1.795184731483e+00 1.741813063622e+00 1.267741441727e+00 1.049116969109e+00 4.264320850372e+00 4.691341876984e+00 2.362457036972e+00 1.053898096085e+00 8.170311450958e-01 1.810410976410e+00 1.089993715286e+00 1.325531721115e+00 1.291089534760e+00 1.668222308159e+00 1.921074271202e+00 1.880386590958e+00 1.507251739502e+00 1.110970854759e+00 2.216240406036e+00 1.106845021248e+00
4.810449481010e-01 9.622607827187e-01 9.932327270508e-01 1.287243127823e+00 1.406215190887e+00 1.130506753922e+00 1.385882735252e+00 1.662267684937e+00 9.803255200386e-01 9.724146723747e-01 1.060012340546e+00 1.240868330002e+00 1.376901626587e+00 1.453630328178e+00 1.490457773209e+00 1.505647301674e+00 1.491946816444e+00 1.921704053879e+00 2.690987110138e+00 2.848495006561e+00 2.392627954483e+00 1.766957640648e+00 1.238337755203e+00 1.532434582710e+00 1.571812391281e+00 1.130382895470e+00 1.220800042152e+00 4.498414516449e+00 4.799776554108e+00 2.319044589996e+00 9.937726259232e-01 8.635247945786e-01 1.772041320801e+00 1.111250519753e+00 1.475321888924e+00 1.789389729500e+00 1.996289253235e+00 1.959164261818e+00 1.626388669014e+00 1.247945904732e+00 1.260099649429e+00 2.134531259537e+00 1.440430879593e+00
4.089371263981e-01 8.602111339569e-01 1.028484940529e+00 1.077666997910e+00 1.393070816994e+00 1.466400265694e+00 1.345752716064e+00 1.604323387146e+00 9.452207684517e-01 1.143181085587e+00 1.329974174500e+00 1.482984781265e+00 1.588769435883e+00 1.650445818901e+00 1.673051595688e+00 1.672492742538e+00 1.657730221748e+00 2.562190294266e+00 3.496152162552e+00 3.625603675842e+00 3.119798183441e+00 2.442234754562e+00 1.785184979439e+00 1.300800204277e+00 1.739861130714e+00 1.667492747307e+00 1.490282177925e+00 4.318841457367e+00 4.252886772156e+00 2.115000247955e+00 1.228323221207e+00 1.450691342354e+00 1.636521220207e+00 1.776258587837e+00 2.014708042145e+00 2.105600118637e+00 2.020207166672e+00 1.701789259911e+00 1.668741583824e+00 1.941133141518e+00 1.449282646179e+00 1.830417752266e+00 1.750709176064e+00
3.312820792198e-01 6.489459872246e-01 8.592934608459e-01 1.015329957008e+00 1.182633519173e+00 1.495321869850e+00 1.501327991486e+00 1.519860982895e+00 1.173490643501e+00 1.363402724266e+00 1.500199913979e+00 1.588269472122e+00 1.641822457314e+00 1.672520756721e+00 1.677012205124e+00 1.671275615692e+00 1.674425840378e+00 2.826817989349e+00 3.811607599258e+00 3.883035182953e+00 3.350790262222e+00 2.724730491638e+00 2.128105163574e+00 1.556878328323e+00 2.346368074417e+00 2.267893075943e+00 1.911349534988e+00 3.767561197281e+00 3.349029779434e+00 1.803101539612e+00 2.147852420807e+00 2.419455289841e+00 2.406267166138e+00 2.322266340256e+00 2.297206401825e+00 2.182099819183e+00 2.111754179001e+00 2.000105857849e+00 1.826660871506e+00 2.618603229523e+00 1.640772938728e+00 1.398125886917e+00 2.257550954819e+00
4.193304777145e-01 8.206490874290e-01 8.079505562782e-01 7.843843102455e-01 9.594952464104e-01 1.288089394569e+00 1.603096365929e+00 1.528553962708e+00 1.306829452515e+00 1.451897144318e+00 1.525395035744e+00 1.549919009209e+00 1.540076136589e+00 1.507053017616e+00 1.470353960991e+00 1.465716719627e+00 1.505671620369e+00 2.601256608963e+00 3.437157392502e+00 3.546238183975e+00 3.178034305573e+00 2.691122055054e+00 2.220237016678e+00 1.755182981491e+00 2.325522422791e+00 2.401374340057e+00 2.119540214539e+00 3.091902256012e+00 2.455029964447e+00 1.874932050705e+00 2.525190114975e+00 2.852880001068e+00 2.719938278198e+00 2.488082885742e+00 2.200435161591e+00 2.065363168716e+00 1.946611881256e+00 1.810208916664e+00 1.651745796204e+00 2.765357017517e+00 2.545425653458e+00 1.445746183395e+00 2.567226409912e+00
5.398313999176e-01 1.079053997993e+00 1.084002375603e+00 1.063468456268e+00 1.026921987534e+00 1.004872202873e+00 1.410894989967e+00 1.716540694237e+00 1.517415046692e+00 1.422857522964e+00 1.442350387573e+00 1.412447333336e+00 1.351132512093e+00 1.269298315048e+00 1.198480129242e+00 1.183699607849e+00 1.231674551964e+00 2.060346364975e+00 2.648229360580e+00 2.787938117981e+00 2.605087995529e+00 2.338274955750e+00 2.064329862595e+00 1.770332098007e+00 1.830239892006e+00 1.993817687035e+00 1.946429133415e+00 3.108449935913e+00 1.807803034782e+00 1.930988311768e+00 2.500224113464e+00 2.777072429657e+00 2.657810688019e+00 2.198006629944e+00 1.599950909615e+00 1.762292504311e+00 1.448653459549e+00 1.532032966614e+00 1.490972042084e+00 2.286023855209e+00 3.389415264130e+00 1.468497037888e+00 2.586113452911e+00
5.467653870583e-01 1.110301375389e+00 1.149491429329e+00 1.205378413200e+00 1.246619343758e+00 1.256468415260e+00 1.269517540932e+00 1.548141121864e+00 1.797922134399e+00 1.442470312119e+00 1.299037814140e+00 1.233881711960e+00 1.149526953697e+00 1.092984795570e+00 1.175629138947e+00 1.206690907478e+00 1.279493808746e+00 1.768195629120e+00 1.861020684242e+00 1.991552829742e+00 1.948576688766e+00 1.808508038521e+00 1.690330266953e+00 1.603072404861e+00 1.533652544022e+00 1.502710700035e+00 2.012958765030e+00 3.298618555069e+00 2.228093147278e+00 2.180257797241e+00 2.596985578537e+00 2.636113882065e+00 2.196999311447e+00 2.173704862595e+00 1.181961297989e+00 2.087328672409e+00 1.926087379456e+00 1.783969521523e+00 1.530050277710e+00 1.607746958733e+00 3.846695661545e+00 2.114488124847e+00 2.298867940903e+00
6.114118695259e-01 1.056101083755e+00 1.043772101402e+00 1.092524766922e+00 1.149368166924e+00 1.266572117805e+00 1.341986775398e+00 1.408553242683e+00 1.660220861435e+00 1.754687309265e+00 1.456925392151e+00 1.438755869865e+00 1.451198339462e+00 1.315267682076e+00 1.216318607330e+00 1.329808235168e+00 1.453282237053e+00 1.822906017303e+00 1.838212728500e+00 1.522087812424e+00 1.336348295212e+00 1.573968887329e+00 1.961004495621e+00 2.035283565521e+00 1.837135791779e+00 1.503321528435e+00 2.230588674545e+00 3.367008686066e+00 2.242993593216e+00 2.357112169266e+00 2.478780269623e+00 2.539479732513e+00 2.713336467743e+00 2.424978733063e+00 1.520087599754e+00 2.345602512360e+00 2.147297382355e+00 1.777559399605e+00 1.339021563530e+00 1.564507126808e+00 3.695599317551e+00 3.235101222992e+00 1.776287913322e+00
6.996959447861e-01 1.289626121521e+00 1.391027688980e+00 1.201911091805e+00 1.098849058151e+00 1.187213301659e+00 1.211313962936e+00 1.165988445282e+00 1.275364995003e+00 1.620526194572e+00 1.780466914177e+00 1.829849481583e+00 1.796134114265e+00 1.652310252190e+00 1.573180198669e+00 1.515932679176e+00 1.470716357231e+00 1.829222917557e+00 1.917940139771e+00 1.687300562859e+00 1.370771408081e+00 1.258350253105e+00 1.386504650116e+00 1.542812228203e+00 1.580025196075e+00 1.595382094383e+00 1.955001115799e+00 3.244089365005e+00 2.314987421036e+00 2.003626108170e+00 2.293711423874e+00 2.634643793106e+00 2.929334402084e+00 2.488103389740e+00 1.751937747002e+00 2.586672306061e+00 2.063798427582e+00 1.604071259499e+00 1.217249512672e+00 1.430114626884e+00 2.980224847794e+00 4.373042583466e+00 1.953616976738e+00
6.883791089058e-01 1.350744605064e+00 1.607885599136e+00 1.516562104225e+00 1.149916052818e+00 8.876688480377e-01 1.074753522873e+00 1.216230750084e+00 1.303234577179e+00 1.314967036247e+00 1.759689331055e+00 1.949079036713e+00 1.832855463028e+00 1.836774468422e+00 1.857669472694e+00 1.831837177277e+00 1.624157190323e+00 1.816507458687e+00 1.984642505646e+00 1.803647518158e+00 1.343974947929e+00 1.633783340454e+00 1.537051916122e+00 1.590785622597e+00 1.414199948311e+00 1.396750926971e+00 1.469152450562e+00 3.013381004333e+00 2.742819070816e+00 2.159823894501e+00 2.102943420410e+00 2.234988212585e+00 2.757720470428e+00 2.458003282547e+00 1.982144594193e+00 2.495563030243e+00 1.805591583252e+00 1.444946050644e+00 1.369291424751e+00 1.274666666985e+00 2.041020393372e+00 5.115643024445e+00 2.044357299805e+00
