VariationalSeries/SI/f75_max.grd
DSAA
101	101
32.816463539100	34.260883539100
35.556306596100	36.727886596100
1.812285976484e-03	3.327923583984e+02
[rows 57 to 75 of 101, columns 43 to 85 of 101]
1.304553031921e+00 1.557955980301e+00 8.174206614494e-01 9.169284105301e-01 9.032190442085e-01 1.415077686310e+00 1.542484998703e+00 2.311702013016e+00 1.822010636330e+00 9.888371229172e-01 7.168920636177e-01 5.959029197693e-01 4.456950426102e-01 7.596451640129e-01 3.486441373825e+00 1.158153438568e+01 2.361680603027e+01 2.367621612549e+01 4.159072113037e+01 1.142001438141e+01 3.249265909195e+00 2.569936037064e+00 4.472622394562e+00 8.245634078979e+00 1.410858535767e+01 1.286899757385e+01 1.405427646637e+01 1.128504467010e+01 1.419793319702e+01 1.341544532776e+01 1.403394699097e+01 1.047977256775e+01 1.071716690063e+01 1.513132286072e+01 9.424154281616e+00 5.949054718018e+00 6.905763149261e+00 9.488743782043e+00 1.189360904694e+01 8.628135681152e+00 3.618379116058e+00 3.324125766754e+00 3.204902172089e+00
1.036932349205e+00 2.454748153687e+00 6.618794798851e-01 7.079662084579e-01 6.982153654099e-01 1.033504486084e+00 1.939509034157e+00 6.140888690948e+00 4.857268810272e+00 1.065001249313e+00 6.753543019295e-01 4.661282598972e-01 3.599663078785e-01 3.575710058212e-01 7.343741655350e-01 7.002137660980e+00 8.066284179688e+00 7.991099834442e+00 6.543561458588e+00 6.533603191376e+00 4.577798843384e+00 3.471713066101e+00 2.681283950806e+00 1.724650621414e+00 4.410686969757e+00 8.552165031433e+00 1.517413711548e+01 1.573925304413e+01 1.710773849487e+01 9.196961402893e+00 1.218047332764e+01 1.098386573792e+01 9.432430267334e+00 8.563749313354e+00 8.689976692200e+00 6.464862346649e+00 6.364977836609e+00 7.452192306519e+00 7.271499633789e+00 6.616983890533e+00 6.835349559784e+00 7.141284942627e+00 6.661831855774e+00
8.950368762016e-01 9.818131923676e-01 5.985944271088e-01 6.412049531937e-01 6.489149928093e-01 9.368698000908e-01 2.769207239151e+00 1.419921970367e+01 1.162769126892e+01 1.718343138695e+00 7.034938931465e-01 4.002559781075e-01 2.794667482376e-01 2.538789808750e-01 2.647473216057e-01 3.253877460957e-01 4.216737151146e-01 5.875224471092e-01 1.137598156929e+00 9.518672823906e-01 1.126369118690e+00 1.293581724167e+00 8.608168363571e-01 8.686321377754e-01 2.155866622925e+00 9.962491035461e+00 1.711266517639e+01 1.978610420227e+01 1.899420356750e+01 1.907538414001e+01 1.232286643982e+01 1.066491413116e+01 8.987535476685e+00 8.491404533386e+00 1.187536525726e+01 1.025969028473e+01 8.528711318970e+00 5.341854572296e+00 5.542337417603e+00 4.628966331482e+00 4.162569522858e+00 3.789823055267e+00 3.293371677399e+00
8.218625783920e-01 7.350854277611e-01 5.772947072983e-01 6.465834379196e-01 7.224429249763e-01 9.460573196411e-01 1.867211723328e+01 8.277725219727e+00 9.165280342102e+00 1.300662517548e+00 6.151645183563e-01 3.834143579006e-01 2.528003156185e-01 2.062327563763e-01 1.974446922541e-01 2.091449946165e-01 2.508817017078e-01 3.305430412292e-01 4.495588839054e-01 5.514006018639e-01 6.105701923370e-01 1.235075116158e+00 6.379003524780e-01 5.915433168411e-01 1.799596786499e+00 3.945794343948e+00 1.413154697418e+01 1.645045089722e+01 1.682172393799e+01 1.809404563904e+01 1.542268180847e+01 1.172420406342e+01 8.236569404602e+00 1.043084430695e+01 7.164141178131e+00 6.305796146393e+00 5.228376388550e+00 4.314531803131e+00 4.046142578125e+00 4.048379898071e+00 4.175075054169e+00 6.129804611206e+00 8.336313247681e+00
6.929434537888e-01 5.363289117813e-01 5.652432441711e-01 6.825773119926e-01 1.150116682053e+00 1.811337947845e+00 5.304821014404e+00 1.231154918671e+01 4.400330543518e+00 7.021104693413e-01 4.450767338276e-01 3.258073925972e-01 2.300467789173e-01 1.727162897587e-01 1.584526151419e-01 1.588234156370e-01 1.739208549261e-01 2.321754544973e-01 3.199036121368e-01 3.663174211979e-01 3.710605800152e-01 7.602204680443e-01 4.628835320473e-01 5.250929594040e-01 1.114293813705e+00 3.714312076569e+00 1.005395507812e+01 1.351065921783e+01 1.439315986633e+01 1.118670558929e+01 8.500071525574e+00 1.213903427124e+01 8.312040328979e+00 5.734999179840e+00 6.479675292969e+00 8.479388237000e+00 7.647358417511e+00 5.160832405090e+00 4.796082019806e+00 4.656963825226e+00 4.557425975800e+00 5.306405544281e+00 6.375960826874e+00
5.003185272217e-01 4.154441058636e-01 5.177438855171e-01 1.150820255280e+00 3.349908351898e+00 7.239168643951e+00 9.444938659668e+00 5.799173831940e+00 6.278341412544e-01 4.261516034603e-01 3.137005865574e-01 2.588258385658e-01 2.024156302214e-01 1.639697104692e-01 1.442727893591e-01 1.499006301165e-01 1.572852879763e-01 1.914016306400e-01 2.763008773327e-01 3.404114842415e-01 3.620524704456e-01 3.729220032692e-01 3.754848539829e-01 5.615735650063e-01 1.344487190247e+00 3.490065813065e+00 4.271282196045e+00 4.212867736816e+00 8.444521903992e+00 9.766826629639e+00 1.148012161255e+01 7.331821441650e+00 9.383531570435e+00 6.892128944397e+00 7.948090553284e+00 9.315245628357e+00 1.848547744751e+01 1.163056564331e+01 6.848498821259e+00 5.364507198334e+00 5.508795738220e+00 5.403810024261e+00 5.213297367096e+00
3.264851272106e-01 3.384822010994e-01 4.273892641068e-01 5.383723378181e-01 1.326097965240e+00 7.607130527496e+00 4.675898551941e+00 6.363675594330e-01 3.723843395710e-01 3.318386375904e-01 2.796389758587e-01 2.361319065094e-01 1.863136142492e-01 1.572815924883e-01 1.397193074226e-01 1.533792763948e-01 1.611002087593e-01 1.568109542131e-01 2.265252619982e-01 2.895295023918e-01 3.276905119419e-01 3.262205123901e-01 3.962740302086e-01 6.395854353905e-01 1.980858564377e+00 3.940109252930e+00 2.358439683914e+00 3.092783689499e+00 2.935708761215e+00 1.476777076721e+01 2.139132881165e+01 1.177368354797e+01 6.502172470093e+00 8.735734939575e+00 3.540814161301e+00 3.689418554306e+00 1.344795036316e+01 6.494945526123e+00 5.213822841644e+00 3.940445423126e+00 4.043315410614e+00 4.504044532776e+00 4.921538352966e+00
2.679251432419e-01 2.930836379528e-01 3.444348871708e-01 4.349311292171e-01 4.800769090652e-01 6.759694814682e-01 7.473717927933e-01 5.114352107048e-01 2.732824087143e-01 2.811534404755e-01 2.461248934269e-01 2.260920703411e-01 1.848831027746e-01 1.507478356361e-01 1.522964984179e-01 1.548126041889e-01 1.643707007170e-01 1.655681133270e-01 1.902116835117e-01 2.447087168694e-01 2.887994647026e-01 3.092865645885e-01 3.331295549870e-01 5.220036506653e-01 1.457308411598e+00 9.146746993065e-01 9.101458191872e-01 1.423201560974e+00 3.259886026382e+00 6.399131298065e+00 6.774577140808e+00 8.592419624329e+00 1.351814174652e+01 7.337370872498e+00 7.010807037354e+00 5.343010425568e+00 5.512570381165e+00 4.665837764740e+00 2.577265739441e+00 3.128105640411e+00 3.051025867462e+00 3.226375341415e+00 4.076923370361e+00
2.107590287924e-01 2.371797114611e-01 2.835127711296e-01 3.477146625519e-01 3.732442855835e-01 4.129188954830e-01 4.355125427246e-01 2.752611637115e-01 2.367166280746e-01 2.481703460217e-01 2.306665629148e-01 1.994576156139e-01 1.678518652916e-01 1.518557518721e-01 1.481807082891e-01 1.691418737173e-01 1.670128405094e-01 1.434039622545e-01 1.676112711430e-01 2.132031023502e-01 2.528897225857e-01 2.945024669170e-01 4.028556942940e-01 4.264592230320e-01 4.320073127747e-01 6.027548909187e-01 5.771820545197e-01 1.411936402321e+00 1.987998485565e+00 2.653507471085e+00 5.535750389099e+00 9.571043968201e+00 7.287242889404e+00 1.330356597900e+01 8.528896331787e+00 4.832209587097e+00 4.065772533417e+00 3.630454540253e+00 4.301193237305e+00 4.075417995453e+00 5.088215351105e+00 4.948011398315e+00 5.786480426788e+00
1.939149647951e-01 1.957662403584e-01 2.196367681026e-01 2.450230121613e-01 2.638674676418e-01 2.593844532967e-01 2.488226443529e-01 2.417201548815e-01 2.614411115646e-01 2.581430673599e-01 2.404725253582e-01 2.101459056139e-01 1.727320700884e-01 1.555147320032e-01 1.403174847364e-01 1.368105113506e-01 1.535831689835e-01 1.553630083799e-01 1.582624614239e-01 1.915319710970e-01 2.223015129566e-01 2.641814947128e-01 3.850064575672e-01 4.340055882931e-01 4.666694998741e-01 9.740937352180e-01 1.334401488304e+00 1.706395745277e+00 2.383051633835e+00 2.591723442078e+00 5.656191349030e+00 1.060813522339e+01 5.056164264679e+00 5.438584327698e+00 9.742371559143e+00 8.427941322327e+00 5.740909099579e+00 4.945290565491e+00 5.952557563782e+00 3.097204685211e+00 4.147308349609e+00 4.845110416412e+00 5.757142066956e+00
1.600317656994e-01 1.835019141436e-01 1.922502219677e-01 1.901395916939e-01 2.130432277918e-01 2.361141741276e-01 2.544198930264e-01 2.258476614952e-01 2.138245850801e-01 2.203417122364e-01 2.362942695618e-01 2.354974299669e-01 2.037984579802e-01 1.757136285305e-01 1.665820628405e-01 1.530157774687e-01 1.319516003132e-01 1.427760422230e-01 1.622801870108e-01 1.800177842379e-01 1.982252597809e-01 2.308074235916e-01 3.280105888844e-01 3.232239484787e-01 3.702141344547e-01 8.748612999916e-01 1.861809492111e+00 2.509496450424e+00 3.517918586731e+00 1.850677728653e+00 5.540321350098e+00 2.785787820816e+00 2.961225032806e+00 3.528091192245e+00 5.716969490051e+00 6.169373989105e+00 7.902952671051e+00 7.314177513123e+00 5.270753860474e+00 4.483502388000e+00 3.487510204315e+00 3.750304222107e+00 2.904782772064e+00
1.583148688078e-01 1.746042519808e-01 1.734358519316e-01 1.727997064590e-01 1.847468316555e-01 2.116425186396e-01 2.291903197765e-01 2.048934400082e-01 1.649195402861e-01 1.766710877419e-01 1.911192387342e-01 2.140330374241e-01 2.230352908373e-01 1.868135631084e-01 1.783481240273e-01 2.188952118158e-01 1.943624913692e-01 1.545154154301e-01 1.687738448381e-01 1.763631552458e-01 2.141954153776e-01 2.376442104578e-01 2.580905854702e-01 3.328648507595e-01 3.870229721069e-01 6.445972323418e-01 1.333462953568e+00 1.597795367241e+00 2.188439607620e+00 1.245049953461e+00 2.705323457718e+00 2.121892690659e+00 3.461771011353e+00 2.149564504623e+00 4.281260490417e+00 3.088146924973e+00 4.808870315552e+00 5.981637954712e+00 5.392640113831e+00 7.365694522858e+00 6.788151741028e+00 5.465677261353e+00 4.726566314697e+00
1.519584804773e-01 1.638336777687e-01 1.573057919741e-01 1.569067239761e-01 1.576922535896e-01 1.582453548908e-01 1.753771454096e-01 1.659851670265e-01 2.023722082376e-01 2.188031375408e-01 1.999684274197e-01 1.976918429136e-01 2.122276127338e-01 2.222239524126e-01 2.092646956444e-01 2.701597213745e-01 2.409949451685e-01 1.833383888006e-01 1.845162957907e-01 1.811887472868e-01 2.080972641706e-01 2.254403680563e-01 2.584773004055e-01 3.428368568420e-01 4.038026630878e-01 5.766538381577e-01 8.675500154495e-01 9.894223809242e-01 1.077827453613e+00 1.364736676216e+00 2.389491796494e+00 3.592737436295e+00 2.373777627945e+00 5.866943359375e+00 1.996583342552e+00 2.652012109756e+00 5.148970127106e+00 7.266516685486e+00 3.590658187866e+00 4.045156478882e+00 2.688069581985e+00 4.864530086517e+00 4.336963176727e+00
1.352371424437e-01 1.456917375326e-01 1.398262232542e-01 1.347777992487e-01 1.252007037401e-01 1.283420473337e-01 1.353389322758e-01 1.852766275406e-01 2.297794669867e-01 2.360930591822e-01 2.086175382137e-01 2.198702394962e-01 2.431944906712e-01 2.389210909605e-01 2.388215214014e-01 2.528868019581e-01 2.693606317043e-01 3.155729770660e-01 2.823210060596e-01 2.540329396725e-01 2.543433606625e-01 2.737334370613e-01 3.264085352421e-01 3.497381508350e-01 4.122589528561e-01 4.946535825729e-01 8.309027552605e-01 8.063136339188e-01 1.597512006760e+00 3.174472093582e+00 3.869972944260e+00 1.873826742172e+00 1.887243747711e+00 5.807466030121e+00 3.028639078140e+00 3.744091987610e+00 3.346926689148e+00 4.284710884094e+00 3.121565341949e+00 1.218606710434e+00 1.165354967117e+00 1.573000907898e+00 3.026745319366e+00
1.239201575518e-01 1.238747984171e-01 1.228371486068e-01 1.208188161254e-01 1.237652003765e-01 1.323005259037e-01 1.389356106520e-01 1.722000986338e-01 1.930958032608e-01 1.848503649235e-01 2.187847644091e-01 2.347640395164e-01 2.273403108120e-01 2.376673668623e-01 3.218123018742e-01 4.465562105179e-01 5.060843825340e-01 6.373074054718e-01 6.335304379463e-01 6.890457272530e-01 4.897513389587e-01 4.564718902111e-01 5.282256603241e-01 4.429036676884e-01 5.076832175255e-01 7.009966373444e-01 2.066182374954e+00 1.927178025246e+00 2.067316532135e+00 2.753603935242e+00 1.418480873108e+00 1.493265509605e+00 2.034880638123e+00 1.185079097748e+00 6.221835613251e+00 8.557524681091e+00 7.615003585815e+00 1.821554064751e+00 8.672733902931e-01 7.254742980003e-01 7.089186310768e-01 8.345008492470e-01 8.789961934090e-01
1.148373186588e-01 1.189257949591e-01 1.142883375287e-01 1.226212531328e-01 1.336623877287e-01 1.530700623989e-01 1.533684432507e-01 1.754023134708e-01 1.973634809256e-01 2.310699224472e-01 2.405422776937e-01 2.845269739628e-01 2.972312867641e-01 2.743120789528e-01 6.856821179390e-01 2.460840463638e+00 1.946891903877e+00 1.090116620064e+00 1.224716424942e+00 1.533770680428e+00 1.137616276741e+00 5.855894088745e-01 6.798974275589e-01 8.500887751579e-01 8.299584984779e-01 1.555729508400e+00 2.177061080933e+00 1.895018577576e+00 1.579369544983e+00 1.394861936569e+00 1.588084697723e+00 1.511471629143e+00 1.136507391930e+00 9.577826261520e-01 1.609665274620e+00 7.290617465973e+00 7.564660549164e+00 1.564279317856e+00 5.744270682335e-01 5.862478613853e-01 5.389072299004e-01 5.182908177376e-01 8.427063822746e-01
1.147644519806e-01 1.234161108732e-01 1.540853977203e-01 1.720285117626e-01 1.573058664799e-01 2.602931857109e-01 3.056539297104e-01 3.137859106064e-01 2.704997360706e-01 2.730350792408e-01 3.003327846527e-01 3.760464787483e-01 3.741129338741e-01 1.357307314873e+00 9.722194671631e+00 1.237136840820e+01 5.834045886993e+00 3.096801042557e+00 2.501751422882e+00 1.975128531456e+00 9.650055170059e-01 9.357668161392e-01 2.010655641556e+00 4.283283710480e+00 3.517349958420e+00 1.875955700874e+00 2.207410335541e+00 1.804296970367e+00 1.905987024307e+00 1.333944559097e+00 3.357646226883e+00 1.345671415329e+00 1.006870269775e+00 7.163077592850e-01 4.904665350914e-01 1.512713789940e+00 1.662783265114e+00 4.093556702137e-01 2.859255671501e-01 3.366605639458e-01 4.166095554829e-01 4.664616882801e-01 4.368455410004e-01
1.381062418222e-01 2.164682894945e-01 2.943803668022e-01 3.196885883808e-01 4.137324988842e-01 5.495219230652e-01 5.396567583084e-01 4.757439196110e-01 4.085334539413e-01 3.150043785572e-01 4.038391113281e-01 4.459387362003e-01 2.388084173203e+00 1.329115962982e+01 1.837464523315e+01 6.487550735474e+00 1.934992432594e+00 1.197504520416e+00 1.252676725388e+00 1.103153824806e+00 1.028473734856e+00 2.335426807404e+00 4.606853008270e+00 6.070016860962e+00 4.880649566650e+00 2.499897956848e+00 1.755970120430e+00 1.255532860756e+00 1.167905449867e+00 1.018081903458e+00 1.429495930672e+00 6.356371045113e-01 7.288884520531e-01 5.925303101540e-01 3.741464018822e-01 2.231161445379e-01 1.866613924503e-01 1.842591613531e-01 1.916164457798e-01 2.388029247522e-01 3.208391368389e-01 4.065200090408e-01 4.166931807995e-01
2.275045216084e-01 3.389727175236e-01 4.493493437767e-01 6.479145288467e-01 1.250111937523e+00 1.220456600189e+00 1.692808985710e+00 1.325859069824e+00 1.509068846703e+00 8.975406885147e-01 4.843103289604e-01 3.083192586899e+00 1.250021934509e+01 1.253216362000e+01 3.308380365372e+00 9.673554301262e-01 1.772039175034e+00 2.340386152267e+00 1.702788233757e+00 1.954143881798e+00 2.355529069901e+00 2.395937204361e+00 3.475070714951e+00 2.853499889374e+00 1.904641270638e+00 1.500266551971e+00 9.371749758720e-01 3.685443401337e-01 3.859007060528e-01 3.639283776283e-01 4.671355485916e-01 3.428081274033e-01 3.061462938786e-01 2.139102667570e-01 2.189982533455e-01 2.235809862614e-01 2.311799377203e-01 2.431663274765e-01 2.591346502304e-01 2.798188924789e-01 2.840684652328e-01 3.403035700321e-01 4.426749646664e-01
