VariationalSeries/SI/f75_max.grd
DSAA
101	101
32.816463539100	34.260883539100
35.556306596100	36.727886596100
1.812285976484e-03	3.327923583984e+02
[rows 38 to 56 of 101, columns 0 to 42 of 101]
7.236015200615e-01 1.526289343834e+00 1.650052666664e+00 1.718133568764e+00 2.136679649353e+00 2.619413137436e+00 3.024823665619e+00 3.365057468414e+00 3.691190958023e+00 3.375331163406e+00 2.776556968689e+00 2.283767461777e+00 2.332803010941e+00 2.302165031433e+00 2.401133298874e+00 2.689096689224e+00 3.040419578552e+00 5.566488742828e+00 8.989321708679e+00 9.614478111267e+00 7.703264236450e+00 6.244061470032e+00 4.369903564453e+00 5.133751392365e+00 9.857374191284e+00 1.287118816376e+01 1.247868919373e+01 8.990457534790e+00 6.721254825592e+00 7.320163726807e+00 7.553577899933e+00 9.415740966797e+00 1.278710651398e+01 1.255212020874e+01 1.182409381866e+01 7.250839710236e+00 1.003276920319e+01 1.127543640137e+01 1.082630443573e+01 1.668197631836e+01 1.826344490051e+01 2.640706634521e+01 2.175827789307e+01
1.120198488235e+00 1.993455171585e+00 1.672651410103e+00 1.599087119102e+00 2.274912834167e+00 2.758323907852e+00 3.610576391220e+00 4.535539150238e+00 5.048678398132e+00 4.726884365082e+00 3.450269222260e+00 2.605550527573e+00 2.287238121033e+00 2.322925806046e+00 2.494627475739e+00 2.697774410248e+00 2.874665021896e+00 3.031834363937e+00 4.894313335419e+00 6.842921257019e+00 6.977591037750e+00 6.497884750366e+00 6.808348178864e+00 5.701862335205e+00 5.432621002197e+00 6.138358116150e+00 7.992007732391e+00 1.505766391754e+01 2.022926902771e+01 2.053703689575e+01 1.609114646912e+01 7.941248416901e+00 9.251720428467e+00 7.840838432312e+00 1.543208122253e+01 1.377363681793e+01 9.102934837341e+00 1.103504848480e+01 1.348112201691e+01 1.521957206726e+01 2.057166862488e+01 2.466586875916e+01 2.840482139587e+01
1.231615066528e+00 2.453051805496e+00 2.323807001114e+00 2.041520357132e+00 2.693962574005e+00 3.309419631958e+00 4.007247924805e+00 5.261520862579e+00 5.697327613831e+00 5.667257308960e+00 3.876792907715e+00 2.582769870758e+00 2.585682153702e+00 2.227173328400e+00 1.886685132980e+00 2.080538034439e+00 2.574419498444e+00 2.716160297394e+00 2.966916799545e+00 3.793439149857e+00 5.665262699127e+00 8.031637191772e+00 9.369389533997e+00 9.607906341553e+00 9.675011634827e+00 6.491301059723e+00 4.872284889221e+00 5.114811420441e+00 5.331390380859e+00 6.471900939941e+00 1.353796100616e+01 2.146975517273e+01 2.542576599121e+01 2.127270317078e+01 1.097273063660e+01 1.095802974701e+01 1.901773643494e+01 1.577081298828e+01 1.663764572144e+01 1.649006080627e+01 1.483088397980e+01 2.073658180237e+01 3.109078216553e+01
1.763654351234e+00 3.003954410553e+00 3.483747720718e+00 3.575854301453e+00 3.221783638000e+00 3.865401268005e+00 3.860253810883e+00 3.668455839157e+00 3.669209003448e+00 4.529294490814e+00 4.861975193024e+00 4.195768356323e+00 3.090537548065e+00 2.783693790436e+00 3.038213968277e+00 3.752535343170e+00 4.348948478699e+00 4.858952999115e+00 4.739180564880e+00 3.442704439163e+00 3.785221815109e+00 4.981412410736e+00 5.533398151398e+00 7.406662464142e+00 9.189988136292e+00 1.091430568695e+01 1.217545795441e+01 1.182326984406e+01 1.249603271484e+01 1.364399242401e+01 1.509390544891e+01 1.411278629303e+01 2.189563560486e+01 2.479320526123e+01 1.773461151123e+01 2.269829940796e+01 2.523189544678e+01 2.146468162537e+01 2.443663597107e+01 2.000942993164e+01 1.384269428253e+01 2.412997436523e+01 1.997024536133e+01
1.799358367920e+00 3.450861930847e+00 3.873271465302e+00 3.283557653427e+00 3.784357309341e+00 4.771441459656e+00 4.735226631165e+00 3.889518737793e+00 4.691015243530e+00 3.911768436432e+00 3.729017257690e+00 5.176351070404e+00 5.349689006805e+00 4.002182006836e+00 3.725106477737e+00 3.430464982986e+00 3.742925643921e+00 5.002886772156e+00 6.728130817413e+00 6.830929756165e+00 4.307185173035e+00 4.652256965637e+00 6.081262588501e+00 5.032490253448e+00 5.855811119080e+00 7.117281913757e+00 9.446827888489e+00 1.428329563141e+01 1.917620658875e+01 1.756220626831e+01 1.678436088562e+01 1.236163425446e+01 1.230328941345e+01 2.359709739685e+01 2.221034049988e+01 2.798229789734e+01 1.848585319519e+01 2.628437232971e+01 2.313583755493e+01 3.339631271362e+01 3.457515335083e+01 2.766682624817e+01 3.071887397766e+01
3.573479413986e+00 6.936730861664e+00 5.187346935272e+00 4.428464889526e+00 4.333282947540e+00 3.897639513016e+00 4.120439529419e+00 5.015428543091e+00 4.945832729340e+00 3.966882705688e+00 4.749642372131e+00 3.242943048477e+00 4.165916442871e+00 5.816546440125e+00 5.024990081787e+00 4.278038501740e+00 5.358587741852e+00 1.154000663757e+01 1.355261611938e+01 7.966456413269e+00 8.526754379272e+00 4.824687480927e+00 5.545131206512e+00 7.898997306824e+00 5.271070003510e+00 5.004942417145e+00 5.437513828278e+00 5.691983699799e+00 7.252672672272e+00 8.239409446716e+00 8.790372848511e+00 1.002692890167e+01 1.361683177948e+01 2.135365295410e+01 1.434994125366e+01 1.330591964722e+01 1.907989883423e+01 2.227113533020e+01 1.516929149628e+01 3.124448776245e+01 3.189649581909e+01 3.467780685425e+01 4.239960098267e+01
5.526310443878e+00 1.014873218536e+01 8.238726615906e+00 6.506571769714e+00 5.998934745789e+00 4.698405742645e+00 6.459420204163e+00 5.662164688110e+00 6.176436424255e+00 4.816727161407e+00 3.708735466003e+00 4.488554000854e+00 4.049112319946e+00 2.742430925369e+00 4.943776607513e+00 5.787018299103e+00 4.179994106293e+00 3.506810665131e+00 6.394478797913e+00 4.540132999420e+00 7.878447055817e+00 8.795166969299e+00 8.787857055664e+00 7.705409049988e+00 1.066943645477e+01 6.613185882568e+00 6.467327594757e+00 8.375370979309e+00 9.828640937805e+00 7.552250862122e+00 9.237763404846e+00 1.139132499695e+01 1.351979160309e+01 1.590252971649e+01 2.027182006836e+01 1.540434169769e+01 1.709854316711e+01 1.910674667358e+01 1.813241386414e+01 2.575642776489e+01 2.521254158020e+01 3.625212097168e+01 3.604208755493e+01
2.293143510818e+00 4.788222789764e+00 5.661732673645e+00 6.633190631866e+00 6.740203857422e+00 7.482220172882e+00 7.890636920929e+00 6.785670757294e+00 6.053054809570e+00 5.753628253937e+00 5.642611503601e+00 5.097261905670e+00 4.757031440735e+00 4.421137332916e+00 4.778571128845e+00 4.088574409485e+00 2.955949544907e+00 3.448395490646e+00 3.640905380249e+00 4.862854003906e+00 4.639919281006e+00 8.053125381470e+00 8.206329345703e+00 8.788564682007e+00 1.041877555847e+01 1.185548782349e+01 1.270431613922e+01 1.325967884064e+01 1.361487483978e+01 1.469274330139e+01 1.495418453217e+01 1.574692153931e+01 1.679222488403e+01 1.404622936249e+01 1.240030765533e+01 1.714686393738e+01 2.104799270630e+01 3.188546752930e+01 3.857261657715e+01 3.600418090820e+01 3.461995315552e+01 3.549345779419e+01 3.041323089600e+01
2.225878238678e+00 4.698737621307e+00 5.392297744751e+00 6.013459205627e+00 6.376343250275e+00 6.498064041138e+00 5.968550682068e+00 5.029685497284e+00 4.649582862854e+00 5.838198661804e+00 6.862838745117e+00 6.496720314026e+00 4.874065399170e+00 3.159765958786e+00 3.308495759964e+00 1.924044370651e+00 1.133613467216e+00 1.224633812904e+00 1.616405725479e+00 2.032977581024e+00 5.698391437531e+00 1.022854804993e+01 9.129715919495e+00 1.093617343903e+01 1.040093803406e+01 1.287436962128e+01 1.334812450409e+01 1.268404483795e+01 1.187288761139e+01 1.443474864960e+01 1.525234794617e+01 1.880930328369e+01 2.409931564331e+01 2.630901336670e+01 2.255347633362e+01 1.904563140869e+01 2.124730491638e+01 1.570862483978e+01 2.384776306152e+01 2.450135612488e+01 3.847893524170e+01 3.534635543823e+01 3.824851608276e+01
5.952098369598e-01 1.175536036491e+00 1.245352864265e+00 1.346441507339e+00 1.918616771698e+00 2.656614542007e+00 3.480323076248e+00 3.792676687241e+00 3.734081029892e+00 3.477516412735e+00 3.414592504501e+00 4.332344532013e+00 4.301018238068e+00 3.466581106186e+00 2.206517457962e+00 1.742159128189e+00 8.949437141418e-01 7.537941336632e-01 8.532379269600e-01 1.794762611389e+00 4.116678237915e+00 8.478853225708e+00 2.139223861694e+01 2.021140861511e+01 1.819916534424e+01 1.711501693726e+01 1.651800155640e+01 1.608787918091e+01 1.621702384949e+01 1.877211380005e+01 2.220392608643e+01 2.520187950134e+01 4.224190902710e+01 2.432959556580e+01 5.385018157959e+01 3.651930618286e+01 2.909242630005e+01 3.185697746277e+01 3.963690185547e+01 4.627247619629e+01 4.916506958008e+01 4.647691726685e+01 4.678256607056e+01
5.455535054207e-01 1.054824113846e+00 1.151121020317e+00 1.154421567917e+00 1.841724395752e+00 2.706562280655e+00 2.806588888168e+00 2.302581071854e+00 1.703034400940e+00 1.402277588844e+00 1.763563990593e+00 2.187224626541e+00 2.091137170792e+00 1.678023934364e+00 1.237039327621e+00 8.954547643661e-01 6.836369037628e-01 4.942520260811e-01 4.855655729771e-01 1.605070829391e+00 5.139657974243e+00 8.936388969421e+00 8.938068389893e+00 1.784062004089e+01 4.362849426270e+01 2.237429237366e+01 1.404472827911e+01 1.275454711914e+01 1.337561130524e+01 1.463251209259e+01 2.538972663879e+01 3.513385391235e+01 1.856299972534e+01 2.794575691223e+01 5.215145111084e+01 9.094635772705e+01 3.741941452026e+01 3.148820495605e+01 2.708385848999e+01 2.988094329834e+01 2.567114448547e+01 4.849450683594e+01 5.748452758789e+01
2.833892703056e-01 5.892045497894e-01 7.079822421074e-01 7.867218852043e-01 9.717049598694e-01 1.554010868073e+00 1.779802799225e+00 1.556452631950e+00 1.202278852463e+00 9.040820598602e-01 7.499440908432e-01 7.181001305580e-01 5.779496431351e-01 5.164995193481e-01 6.187744140625e-01 4.765186309814e-01 4.266712367535e-01 3.578449785709e-01 4.444294571877e-01 6.735763549805e-01 1.107146859169e+00 2.975891113281e+00 3.164564609528e+00 4.332313537598e+00 1.622565078735e+01 1.704894828796e+01 6.345262050629e+00 3.635294198990e+00 3.822401523590e+00 1.166809368134e+01 1.544312953949e+01 1.685048103333e+01 1.782052612305e+01 1.480982494354e+01 2.203746795654e+01 6.075191497803e+01 3.503754043579e+01 2.038444709778e+01 1.474328422546e+01 1.312393188477e+01 1.250633335114e+01 3.202769470215e+01 4.482753372192e+01
1.259243190289e-01 2.484368830919e-01 2.592141628265e-01 2.909210920334e-01 3.664011955261e-01 4.620369672775e-01 5.481643676758e-01 5.961195826530e-01 5.779794454575e-01 5.001165866852e-01 4.242217838764e-01 4.700659215450e-01 4.842965006828e-01 4.464961588383e-01 4.488852322102e-01 5.163859724998e-01 3.968500196934e-01 3.090901970863e-01 3.684444725513e-01 5.133761167526e-01 5.872021913528e-01 1.084868907928e+00 1.881148338318e+00 4.079301357269e+00 9.841499328613e+00 6.317082881927e+00 3.909744262695e+00 3.130108356476e+00 2.975491285324e+00 9.639161825180e-01 8.466304540634e-01 9.292311668396e-01 1.457512736320e+00 3.064743518829e+00 7.210164070129e+00 1.187086181641e+02 2.256778106689e+02 3.120819282532e+01 2.154767036438e+01 1.114460182190e+01 7.827716827393e+00 8.383399963379e+00 1.640503883362e+01
1.018488481641e-01 1.850385814905e-01 2.058541178703e-01 2.062222808599e-01 2.069472372532e-01 2.650458514690e-01 3.470048606396e-01 4.258924722672e-01 4.727434515953e-01 4.635888040066e-01 3.912864327431e-01 3.526374995708e-01 3.823581635952e-01 3.687560260296e-01 3.267476558685e-01 3.936101496220e-01 4.619117975235e-01 3.730346858501e-01 2.975323796272e-01 1.097035646439e+00 1.245007634163e+00 8.119226098061e-01 1.075024604797e+00 1.896487951279e+00 3.573020458221e+00 3.607151412964e+01 8.237475395203e+00 6.720723628998e+00 2.863582849503e+00 5.700356960297e-01 4.995704293251e-01 5.242680907249e-01 6.289040446281e-01 7.807121872902e-01 1.044423818588e+00 5.419738769531e+00 3.797027969360e+01 9.459040069580e+01 2.571560096741e+01 1.487949848175e+01 4.051229953766e+00 2.661253690720e+00 2.789461612701e+00
9.288959205151e-02 2.199124842882e-01 2.963106036186e-01 3.415080308914e-01 3.553651571274e-01 3.277999162674e-01 2.913828790188e-01 2.691032290459e-01 3.370436131954e-01 3.862863779068e-01 3.858749270439e-01 3.351777493954e-01 2.847498655319e-01 3.548390567303e-01 3.696186542511e-01 3.293551504612e-01 3.778760433197e-01 4.949002861977e-01 3.955776989460e-01 8.029586672783e-01 9.266273379326e-01 7.687435150146e-01 8.457787036896e-01 9.073640704155e-01 2.071422338486e+00 8.679524421692e+00 7.415196895599e+00 1.874667286873e+00 8.831228017807e-01 5.478767752647e-01 4.113392829895e-01 3.518583774567e-01 3.475388586521e-01 4.462533295155e-01 5.829774141312e-01 1.933074831963e+00 9.668437957764e+00 3.662727355957e+01 4.332400894165e+01 6.681254863739e+00 3.057677507401e+00 1.837594985962e+00 1.727729916573e+00
1.411102414131e-01 3.304627239704e-01 4.203000962734e-01 4.709843993187e-01 4.831934571266e-01 4.617481529713e-01 4.332571923733e-01 3.900180160999e-01 3.373796641827e-01 2.763879299164e-01 3.081846237183e-01 3.245736658573e-01 3.113169074059e-01 3.615666627884e-01 4.136800467968e-01 3.895201981068e-01 3.217616677284e-01 5.173794627190e-01 5.408512949944e-01 1.463679432869e+00 9.383694529533e-01 6.822356581688e-01 4.665230214596e-01 4.866124987602e-01 9.096645712852e-01 8.428093910217e+00 8.903385162354e+00 1.689629673958e+00 1.116430521011e+00 5.695173144341e-01 3.565328717232e-01 2.558224201202e-01 2.275250703096e-01 2.314631789923e-01 3.611088097095e-01 6.144728064537e-01 4.011259078979e+00 1.296441364288e+01 3.362666702271e+01 1.716692161560e+01 8.282280921936e+00 1.513473391533e+00 1.335968852043e+00
9.508692473173e-02 2.075316309929e-01 2.573981583118e-01 2.813166379929e-01 2.724701762199e-01 2.714161574841e-01 3.024991750717e-01 3.369861245155e-01 3.692893087864e-01 3.693919777870e-01 3.186199963093e-01 2.487481087446e-01 2.931018471718e-01 3.208997249603e-01 3.240247964859e-01 3.250324130058e-01 3.284160494804e-01 5.438149571419e-01 7.480923533440e-01 1.243020176888e+00 9.664651155472e-01 7.604907155037e-01 3.798983991146e-01 3.861098289490e-01 7.699043154716e-01 3.750654459000e+00 2.802374839783e+00 1.315980076790e+00 1.046023249626e+00 5.897001028061e-01 3.258465826511e-01 2.784234881401e-01 2.456601858139e-01 2.404389083385e-01 2.994005084038e-01 5.276170372963e-01 1.117590308189e+00 5.521433830261e+00 6.578343868256e+00 4.010973453522e+00 2.519992828369e+00 1.147071361542e+00 1.074233770370e+00
8.917474001646e-02 1.646766811609e-01 2.410666197538e-01 3.044521212578e-01 3.610444366932e-01 4.250721037388e-01 4.953089058399e-01 5.710207819939e-01 6.411186456680e-01 6.615354418755e-01 5.928699970245e-01 4.430078864098e-01 2.877820730209e-01 3.000521659851e-01 3.717142045498e-01 4.048663973808e-01 4.927431941032e-01 5.745030641556e-01 6.825952529907e-01 1.171087145805e+00 9.420450329781e-01 5.614617466927e-01 3.038404881954e-01 2.990547418594e-01 5.561096072197e-01 1.144959926605e+00 3.116462707520e+01 9.015588164330e-01 8.387819528580e-01 5.110048055649e-01 3.094238936901e-01 2.496562749147e-01 2.382142990828e-01 2.520018815994e-01 3.199106752872e-01 4.363478124142e-01 7.507294416428e-01 9.242804646492e-01 1.901558995247e+00 2.466043710709e+00 1.538522005081e+00 9.352878928185e-01 1.270045995712e+00
8.844741433859e-02 1.603829413652e-01 2.231010049582e-01 2.730869054794e-01 3.238319456577e-01 3.863483369350e-01 4.521967172623e-01 5.182738304138e-01 5.804497599602e-01 6.150132417679e-01 5.849483609200e-01 6.523070931435e-01 6.768719553947e-01 6.624392271042e-01 6.344140172005e-01 5.773503780365e-01 6.762023568153e-01 5.029614567757e-01 6.636889576912e-01 2.111330509186e+00 7.785745859146e-01 3.997710347176e-01 2.849537730217e-01 2.398946285248e-01 3.301375806332e-01 2.333276510239e+00 7.132367610931e+00 7.316274642944e-01 8.899492621422e-01 3.806443214417e-01 2.921269536018e-01 2.243585884571e-01 2.270282506943e-01 2.602359056473e-01 3.369866907597e-01 4.016004800797e-01 4.620505273342e-01 7.280219793320e-01 1.583955407143e+00 1.841098427773e+00 1.193899989128e+00 8.969241380692e-01 1.103860378265e+00
