VariationalSeries/SI/f76_max.grd
DSAA
101	101
32.816463539100	34.260883539100
35.556306596100	36.727886596100
1.718672574498e-03	3.143396301270e+02
[rows 57 to 75 of 101, columns 0 to 42 of 101]
9.694480895996e-02 1.591396331787e-01 1.746087968349e-01 1.749575138092e-01 1.773440390825e-01 2.169521003962e-01 2.435211837292e-01 2.675429284573e-01 2.900592386723e-01 2.970041036606e-01 2.975253760815e-01 4.167681634426e-01 7.124585509300e-01 3.895747065544e-01 2.775429487228e-01 4.162325859070e-01 3.733390569687e-01 4.358246624470e-01 5.280207395554e-01 5.331088900566e-01 5.459026694298e-01 4.256282150745e-01 2.931259274483e-01 2.580863833427e-01 2.806839942932e-01 3.882658183575e-01 6.161700487137e-01 7.603538632393e-01 5.758044719696e-01 3.446447253227e-01 2.748278379440e-01 2.169589996338e-01 2.270336002111e-01 2.800729870796e-01 3.286190629005e-01 4.155963659286e-01 4.812347292900e-01 5.136070847511e-01 8.401467800140e-01 1.128897190094e+00 9.819833636284e-01 8.811109066010e-01 9.925134181976e-01
1.235064417124e-01 2.020374834538e-01 2.304842472076e-01 2.340545058250e-01 2.319389730692e-01 2.260929346085e-01 2.235804945230e-01 2.346934825182e-01 2.449965476990e-01 3.991110622883e-01 1.290730834007e+00 1.493880510330e+00 5.584095120430e-01 2.892826199532e-01 2.905634939671e-01 2.651483416557e-01 2.904188036919e-01 2.885834276676e-01 3.419280350208e-01 4.325561523438e-01 5.257878303528e-01 5.631678700447e-01 3.956983685493e-01 2.466126680374e-01 2.846449911594e-01 4.326919913292e-01 6.495952606201e-01 6.936523318291e-01 7.064182758331e-01 4.519611001015e-01 2.727905511856e-01 2.497424185276e-01 2.380466908216e-01 2.898920178413e-01 3.426101207733e-01 3.551667034626e-01 3.645353317261e-01 3.737470209599e-01 3.736999034882e-01 4.034075438976e-01 5.002664327621e-01 6.913347840309e-01 8.008907437325e-01
1.644477844238e-01 2.701109349728e-01 3.186284899712e-01 4.544424116611e-01 5.715564489365e-01 7.156288623810e-01 9.344597458839e-01 1.361749768257e+00 2.513727903366e+00 3.567351818085e+00 2.378152608871e+00 6.053786277771e-01 4.165098071098e-01 3.652206957340e-01 2.665415406227e-01 2.729734778404e-01 2.878480851650e-01 2.823203504086e-01 2.782737910748e-01 3.011846840382e-01 5.072904229164e-01 5.757805109024e-01 4.102759957314e-01 2.381587624550e-01 1.846145242453e-01 2.834883034229e-01 4.002050161362e-01 4.244298934937e-01 4.294505715370e-01 3.525299429893e-01 2.501224279404e-01 2.603890597820e-01 2.481862008572e-01 2.792457938194e-01 3.368160426617e-01 3.493461310863e-01 3.329002261162e-01 3.053021430969e-01 2.745837569237e-01 3.076897561550e-01 3.984082937241e-01 5.047444105148e-01 6.824079751968e-01
1.607162654400e-01 3.224944770336e-01 5.369216799736e-01 7.387803792953e-01 9.138488173485e-01 1.193347454071e+00 1.721259832382e+00 2.566938638687e+00 2.586901664734e+00 1.200652241707e+00 2.989778816700e-01 3.480691611767e-01 3.776227235794e-01 3.352664113045e-01 2.934873402119e-01 3.077186346054e-01 3.075392246246e-01 2.944572865963e-01 2.372053861618e-01 2.357597649097e-01 3.652899861336e-01 4.079718291759e-01 3.042506873608e-01 1.920590996742e-01 1.488169282675e-01 1.611471027136e-01 2.156335711479e-01 2.666197717190e-01 3.007491827011e-01 2.680219709873e-01 2.455224692822e-01 2.275639772415e-01 2.435301691294e-01 2.700801193714e-01 3.236472904682e-01 3.319702744484e-01 3.007987439632e-01 2.576462328434e-01 2.374759018421e-01 2.631212174892e-01 3.819981813431e-01 4.691516757011e-01 6.251066923141e-01
9.794228523970e-02 1.705853641033e-01 2.081787735224e-01 2.189473956823e-01 2.194822579622e-01 2.188794016838e-01 2.173738777637e-01 2.131499201059e-01 2.096537798643e-01 2.057005316019e-01 1.935334503651e-01 2.037887573242e-01 2.152756154537e-01 2.752508223057e-01 3.091078102589e-01 3.224253654480e-01 3.096891343594e-01 2.745019495487e-01 2.031145393848e-01 1.668567359447e-01 2.045025378466e-01 2.123206704855e-01 1.683132797480e-01 1.256906241179e-01 1.113216951489e-01 1.189297288656e-01 1.510194689035e-01 1.818117946386e-01 2.221088111401e-01 2.394954711199e-01 2.270378321409e-01 2.031709998846e-01 2.331604808569e-01 2.821229994297e-01 3.362450301647e-01 3.257587850094e-01 2.711720466614e-01 2.168801128864e-01 2.400784790516e-01 2.678797245026e-01 3.825052678585e-01 4.751800000668e-01 5.867881774902e-01
4.647978767753e-02 8.652784675360e-02 1.119595989585e-01 1.234744563699e-01 1.280441433191e-01 1.319553703070e-01 1.357064992189e-01 1.385480761528e-01 1.430084556341e-01 1.474991291761e-01 1.447456926107e-01 1.361871212721e-01 1.335120946169e-01 1.769136339426e-01 2.077030539513e-01 2.183222472668e-01 1.982797384262e-01 1.762946993113e-01 1.490659564734e-01 1.303133964539e-01 1.092475056648e-01 1.019436269999e-01 8.453105390072e-02 9.349155426025e-02 1.101745367050e-01 1.158344820142e-01 1.249045282602e-01 1.513125598431e-01 1.877073794603e-01 2.057340592146e-01 2.031055688858e-01 1.920740902424e-01 2.316833287477e-01 3.105477988720e-01 3.607070446014e-01 3.263737559319e-01 2.455555498600e-01 2.151805758476e-01 2.454209923744e-01 2.781161963940e-01 3.694142401218e-01 4.377671480179e-01 5.031716823578e-01
3.143633157015e-02 5.294777825475e-02 6.611559540033e-02 7.613164931536e-02 8.189961314201e-02 8.703565597534e-02 9.195247292519e-02 9.610015898943e-02 1.011433452368e-01 1.062897965312e-01 1.070101335645e-01 1.035823449492e-01 9.965690970421e-02 9.609481692314e-02 9.594722837210e-02 1.087665557861e-01 1.146822199225e-01 1.131411865354e-01 1.038594916463e-01 9.876474738121e-02 8.881262689829e-02 8.326084166765e-02 7.281102985144e-02 9.486624598503e-02 1.168171837926e-01 1.278981715441e-01 1.271768808365e-01 1.267134696245e-01 1.548347324133e-01 1.725592762232e-01 1.770892739296e-01 1.762558817863e-01 2.341601401567e-01 3.268185555935e-01 3.608930706978e-01 3.024672865868e-01 2.146891206503e-01 2.155542820692e-01 2.557500004768e-01 2.861661314964e-01 3.340773582458e-01 3.837651610374e-01 3.925799727440e-01
2.568776533008e-02 4.327963665128e-02 5.452022701502e-02 6.088777631521e-02 6.387687474489e-02 6.718172132969e-02 6.964030861855e-02 7.045152783394e-02 7.393676042557e-02 7.689694315195e-02 7.754021137953e-02 7.625685632229e-02 7.497974485159e-02 7.324551045895e-02 7.528251409531e-02 8.645809441805e-02 9.190014004707e-02 9.072443842888e-02 8.395257592201e-02 7.809054851532e-02 8.594989031553e-02 8.333648741245e-02 7.174304127693e-02 9.445811808109e-02 1.190160810947e-01 1.340171098709e-01 1.357710361481e-01 1.315239816904e-01 1.361306160688e-01 1.494954973459e-01 1.559581607580e-01 1.620524674654e-01 2.319356948137e-01 3.184112012386e-01 3.285548686981e-01 2.598464488983e-01 2.026307731867e-01 2.194607704878e-01 2.668129801750e-01 2.808571457863e-01 2.952030301094e-01 3.185015618801e-01 2.917363345623e-01
2.531507052481e-02 4.053498432040e-02 5.135314539075e-02 5.626339837909e-02 5.833665654063e-02 6.019347533584e-02 6.091592460871e-02 5.973377823830e-02 5.832255631685e-02 5.912674963474e-02 5.895407497883e-02 6.114840507507e-02 6.297956407070e-02 6.448171287775e-02 6.627428531647e-02 7.000654935837e-02 7.487431913614e-02 7.488724589348e-02 7.564431428909e-02 7.462227344513e-02 7.874631136656e-02 8.211050927639e-02 7.284121960402e-02 8.932615816593e-02 1.126726567745e-01 1.281992495060e-01 1.308793425560e-01 1.291354596615e-01 1.366162300110e-01 1.408453434706e-01 1.437152475119e-01 1.507000625134e-01 2.167579382658e-01 2.850231528282e-01 2.776952683926e-01 2.227188646793e-01 1.947639882565e-01 2.343935817480e-01 2.691629230976e-01 2.618123590946e-01 2.561004757881e-01 2.573660612106e-01 2.350596636534e-01
2.363452501595e-02 3.750451281667e-02 4.699781164527e-02 5.113559216261e-02 5.288441479206e-02 5.424775928259e-02 5.446708202362e-02 5.336075648665e-02 5.192888900638e-02 5.492895469069e-02 5.828179046512e-02 6.132949516177e-02 6.403873115778e-02 6.632827222347e-02 6.842364370823e-02 7.046444714069e-02 7.197750359774e-02 7.224181294441e-02 7.083509862423e-02 7.088050991297e-02 7.092271000147e-02 7.899487763643e-02 7.461699843407e-02 8.094920217991e-02 1.006549373269e-01 1.143279895186e-01 1.329143196344e-01 1.454632431269e-01 1.463522613049e-01 1.418700814247e-01 1.389401853085e-01 1.403157562017e-01 1.900033652782e-01 2.370095551014e-01 2.276218682528e-01 1.978420764208e-01 2.094968259335e-01 2.375950962305e-01 2.537416219711e-01 2.295483350754e-01 2.139605730772e-01 2.027678787708e-01 2.007782906294e-01
2.172948233783e-02 3.442108631134e-02 4.306133091450e-02 4.700450599194e-02 4.866423457861e-02 4.943726584315e-02 4.914715886116e-02 4.821798577905e-02 4.783327877522e-02 5.194247514009e-02 5.567371472716e-02 5.919482558966e-02 6.244162097573e-02 6.517457962036e-02 6.731533259153e-02 6.873344630003e-02 6.954457610846e-02 7.654435932636e-02 7.802466303110e-02 7.227304577827e-02 6.630373746157e-02 7.232058048248e-02 7.370553165674e-02 7.268965244293e-02 8.844872564077e-02 9.972006827593e-02 1.210726648569e-01 1.409404426813e-01 1.458378881216e-01 1.412851065397e-01 1.358085870743e-01 1.361798197031e-01 1.514514535666e-01 1.836402565241e-01 1.806408315897e-01 1.673332154751e-01 1.806464642286e-01 2.007653117180e-01 2.074685841799e-01 1.802054792643e-01 1.674947142601e-01 1.553867459297e-01 1.517699807882e-01
2.012247778475e-02 3.192445263267e-02 4.010140895844e-02 4.402983933687e-02 4.546830058098e-02 4.560107737780e-02 4.493992403150e-02 4.427452385426e-02 4.517498612404e-02 4.674123600125e-02 5.057370662689e-02 5.421663075686e-02 5.760056897998e-02 6.046211346984e-02 6.255360692739e-02 6.701061129570e-02 7.345342636108e-02 8.261259645224e-02 8.658687025309e-02 8.413174748421e-02 7.690153270960e-02 6.828757375479e-02 6.951852887869e-02 7.038421928883e-02 7.867190986872e-02 8.767004311085e-02 9.022089093924e-02 1.094960868359e-01 1.240627318621e-01 1.286508589983e-01 1.273576915264e-01 1.310207694769e-01 1.348643898964e-01 1.380934715271e-01 1.340322196484e-01 1.298498958349e-01 1.407298147678e-01 1.601869910955e-01 1.715492159128e-01 1.422651261091e-01 1.256146430969e-01 1.121236905456e-01 1.255227327347e-01
1.894733682275e-02 3.014970570803e-02 3.802584856749e-02 4.174656048417e-02 4.273534193635e-02 4.242812842131e-02 4.175592213869e-02 4.154880717397e-02 4.194041341543e-02 4.332798719406e-02 4.393073171377e-02 4.745947197080e-02 5.071317031980e-02 5.351084843278e-02 5.741355940700e-02 6.361868232489e-02 7.440104335546e-02 8.485534787178e-02 9.188911318779e-02 9.393935650587e-02 9.125652164221e-02 8.567568659782e-02 7.895126938820e-02 7.275211811066e-02 7.109796255827e-02 7.849866151810e-02 7.980093359947e-02 7.821407914162e-02 9.587981551886e-02 1.100815236568e-01 1.194638684392e-01 1.263156831264e-01 1.303152292967e-01 1.251995414495e-01 1.139270663261e-01 1.117744892836e-01 1.247306019068e-01 1.515721678734e-01 1.767824441195e-01 1.602039635181e-01 1.187236756086e-01 1.057078018785e-01 1.200349479914e-01
1.849007792771e-02 2.937347628176e-02 3.690586611629e-02 4.017419368029e-02 4.068254306912e-02 4.014141112566e-02 4.000860825181e-02 4.050148278475e-02 4.046817868948e-02 4.102269560099e-02 4.067775234580e-02 4.444029182196e-02 4.887573048472e-02 5.346732959151e-02 5.751124396920e-02 6.472063809633e-02 7.530520856380e-02 8.596951514482e-02 9.551524370909e-02 1.013836562634e-01 1.022966727614e-01 9.962427616119e-02 9.513902664185e-02 9.056115150452e-02 8.785898983479e-02 8.617565035820e-02 8.306896686554e-02 8.023346960545e-02 9.474049508572e-02 1.063201799989e-01 1.149573326111e-01 1.227336376905e-01 1.266940534115e-01 1.181823164225e-01 1.134424433112e-01 1.113710030913e-01 1.255312114954e-01 1.461745053530e-01 1.698575615883e-01 1.553426980972e-01 1.206660643220e-01 1.050104796886e-01 1.192859932780e-01
1.875060796738e-02 2.962376363575e-02 3.687630593777e-02 3.971578553319e-02 3.987414017320e-02 3.911023214459e-02 3.935744985938e-02 3.906997293234e-02 3.935156762600e-02 3.944453224540e-02 4.161906987429e-02 4.579348862171e-02 4.987398535013e-02 5.374635383487e-02 5.685453489423e-02 6.628484278917e-02 7.820234447718e-02 8.941823244095e-02 1.002233475447e-01 1.080449596047e-01 1.105484738946e-01 1.088152676821e-01 1.046570017934e-01 9.949811547995e-02 9.526673704386e-02 9.115731716156e-02 8.438729494810e-02 8.068305999041e-02 9.264273941517e-02 1.027064174414e-01 1.113154664636e-01 1.195189431310e-01 1.221182793379e-01 1.121484488249e-01 1.148169636726e-01 1.194477751851e-01 1.281536966562e-01 1.414747387171e-01 1.532037258148e-01 1.356219202280e-01 1.142938509583e-01 9.729368239641e-02 1.104011684656e-01
1.918723247945e-02 3.021495044231e-02 3.732769191265e-02 3.991358727217e-02 3.987086191773e-02 3.888960182667e-02 3.997874259949e-02 4.109706357121e-02 4.173468425870e-02 4.183834046125e-02 4.148649424314e-02 4.399142414331e-02 4.970743507147e-02 5.558101460338e-02 5.742777884007e-02 6.466343253851e-02 7.963632792234e-02 9.249550104141e-02 1.026874482632e-01 1.091451570392e-01 1.105966046453e-01 1.076097637415e-01 1.019904091954e-01 9.537626802921e-02 8.917352557182e-02 8.298905193806e-02 7.434598356485e-02 8.046361804008e-02 9.071797132492e-02 9.976068884134e-02 1.079612076283e-01 1.147416904569e-01 1.146979779005e-01 1.070037782192e-01 1.152610704303e-01 1.392720341682e-01 1.311537176371e-01 1.434716433287e-01 1.375626623631e-01 1.174027100205e-01 1.031257212162e-01 8.889964222908e-02 9.991332143545e-02
1.889304071665e-02 2.965465746820e-02 3.642040118575e-02 3.880357369781e-02 3.874768316746e-02 3.850239142776e-02 3.949504718184e-02 3.999168425798e-02 4.011946171522e-02 3.988490253687e-02 4.102899506688e-02 4.610371217132e-02 5.366967245936e-02 6.009093672037e-02 6.196460500360e-02 6.053833663464e-02 7.587891072035e-02 8.896500617266e-02 9.635395556688e-02 9.903833270073e-02 9.774753451347e-02 9.248176217079e-02 8.539605140686e-02 7.921264320612e-02 7.418762892485e-02 6.987998634577e-02 7.077150046825e-02 7.968177646399e-02 8.871518075466e-02 9.681253880262e-02 1.038512438536e-01 1.077349707484e-01 1.047228723764e-01 1.024881973863e-01 1.176756024361e-01 1.287701278925e-01 1.298672407866e-01 1.439148634672e-01 1.389817595482e-01 1.137514486909e-01 9.772112965584e-02 8.987719565630e-02 9.671694785357e-02
1.731563173234e-02 2.700199000537e-02 3.296459838748e-02 3.503704071045e-02 3.829574957490e-02 3.987887874246e-02 3.911607712507e-02 3.698455542326e-02 3.479272872210e-02 3.813593834639e-02 4.172267764807e-02 4.828680306673e-02 5.709888786077e-02 6.375382840633e-02 6.557492166758e-02 6.439527869225e-02 6.933683902025e-02 8.045537769794e-02 8.461968600750e-02 8.378186821938e-02 7.972660660744e-02 7.238521426916e-02 7.020213454962e-02 8.331523090601e-02 8.473137021065e-02 8.148452639580e-02 8.005109429359e-02 8.052848279476e-02 8.609680086374e-02 9.310887753963e-02 9.799704700708e-02 9.816820919514e-02 9.225244075060e-02 9.453643858433e-02 1.073984131217e-01 1.497991681099e-01 1.317783147097e-01 1.843234747648e-01 1.638666987419e-01 1.381353437901e-01 1.172189563513e-01 9.665686637163e-02 1.085131838918e-01
1.834716834128e-02 2.702920511365e-02 3.314470872283e-02 3.845486417413e-02 4.228276014328e-02 4.313957318664e-02 4.185571894050e-02 3.950133547187e-02 3.677692636847e-02 3.841009363532e-02 4.265611618757e-02 5.058649182320e-02 6.031284481287e-02 6.707622110844e-02 6.886443495750e-02 6.770055741072e-02 6.359092146158e-02 7.323137670755e-02 7.606077939272e-02 7.968924939632e-02 1.077146902680e-01 9.851240366697e-02 7.618239521980e-02 8.683785796165e-02 8.453208953142e-02 7.811672985554e-02 7.440071552992e-02 7.582545280457e-02 8.300066739321e-02 8.838611841202e-02 9.026671200991e-02 8.679534494877e-02 7.902191579342e-02 8.482271432877e-02 9.365677833557e-02 1.326378732920e-01 1.693556010723e-01 2.664687931538e-01 2.467955350876e-01 1.631378233433e-01 1.279027909040e-01 1.150013655424e-01 1.385754197836e-01
