VariationalSeries/SI/f76_max.grd
DSAA
101	101
32.816463539100	34.260883539100
35.556306596100	36.727886596100
1.718672574498e-03	3.143396301270e+02
[rows 76 to 94 of 101, columns 43 to 85 of 101]
4.724052548409e-01 4.016147851944e-01 7.238378524780e-01 1.867413163185e+00 2.018731355667e+00 4.089142799377e+00 6.597693920135e+00 7.451557159424e+00 4.608337402344e+00 1.274303674698e+00 4.134515285492e+00 9.332097053528e+00 7.026782035828e+00 1.870154500008e+00 8.172560930252e-01 1.162914395332e+00 1.317559838295e+00 7.364629507065e-01 6.687375903130e-01 8.232201933861e-01 2.860759735107e+00 6.327268600464e+00 1.461605191231e+00 9.926766157150e-01 7.265968322754e-01 4.883863329887e-01 2.515599131584e-01 2.163473069668e-01 2.105150818825e-01 1.984977275133e-01 1.840038746595e-01 1.922537833452e-01 2.028318196535e-01 2.155669927597e-01 2.180731594563e-01 2.033344656229e-01 1.868100762367e-01 1.749131977558e-01 1.668007075787e-01 1.622193306684e-01 1.826383918524e-01 2.905833721161e-01 3.932335376740e-01
7.393817305565e-01 1.006713390350e+00 1.270993113518e+00 1.373024225235e+00 1.826554894447e+00 2.631885051727e+00 3.460378170013e+00 3.029294252396e+00 4.703610897064e+00 6.878143787384e+00 6.851136207581e+00 3.312110185623e+00 2.384824991226e+00 1.918211102486e+00 1.243565201759e+00 1.649239063263e+00 4.898508191109e-01 2.446095496416e-01 2.958304286003e-01 3.299854695797e-01 2.514370381832e-01 3.012597858906e-01 4.757660925388e-01 4.985822737217e-01 4.541659057140e-01 2.791645824909e-01 1.375701129436e-01 1.233336552978e-01 1.393458545208e-01 1.608226597309e-01 1.719187498093e-01 1.761247664690e-01 1.754541844130e-01 1.679894477129e-01 1.463676095009e-01 1.177311763167e-01 9.485610574484e-02 9.162360429764e-02 9.655489027500e-02 1.167004331946e-01 1.551796942949e-01 2.637308537960e-01 3.500644266605e-01
1.605066180229e+00 2.431327104568e+00 1.554910898209e+00 6.989981532097e-01 8.860827088356e-01 2.947322368622e+00 8.277850151062e+00 1.106156730652e+01 8.374964714050e+00 4.174944877625e+00 2.282374382019e+00 1.537589430809e+00 9.959922432899e-01 1.548767805099e+00 1.701762080193e+00 5.296138525009e-01 1.767395436764e-01 1.626201122999e-01 1.677026003599e-01 2.207161635160e-01 1.655408591032e-01 1.514589786530e-01 1.749352067709e-01 2.018377333879e-01 1.831153929234e-01 1.707121133804e-01 1.366960257292e-01 1.425713002682e-01 1.197050213814e-01 1.341480761766e-01 1.406271010637e-01 1.313117295504e-01 1.287676692009e-01 1.247379109263e-01 8.822455257177e-02 8.402410894632e-02 8.919529616833e-02 8.881354331970e-02 8.693985641003e-02 9.385448694229e-02 1.147164851427e-01 2.317820638418e-01 3.373284041882e-01
2.219812631607e+00 2.604218959808e+00 8.931896090508e-01 9.440406560898e-01 3.011531591415e+00 5.404242515564e+00 5.590849399567e+00 4.866088390350e+00 4.440018177032e+00 1.972963213921e+00 1.868252277374e+00 2.202441453934e+00 1.450463771820e+00 1.067913532257e+00 3.271326124668e-01 1.959550082684e-01 1.259815692902e-01 1.215602681041e-01 1.168733611703e-01 1.390112340450e-01 1.281453073025e-01 1.281467378139e-01 1.192565411329e-01 1.164348199964e-01 1.142625734210e-01 1.167579591274e-01 1.131311058998e-01 1.152331009507e-01 1.236762031913e-01 1.187212616205e-01 1.203772798181e-01 9.915751963854e-02 1.099412292242e-01 1.154282242060e-01 9.213661402464e-02 6.982491910458e-02 8.342287689447e-02 8.868445456028e-02 8.901436626911e-02 8.747872710228e-02 9.168927371502e-02 1.249848529696e-01 2.088283002377e-01
9.636839628220e-01 1.908232212067e+00 2.707912921906e+00 3.120810985565e+00 3.102895498276e+00 2.564150333405e+00 3.142493724823e+00 3.907766342163e+00 5.625128746033e+00 2.219878435135e+00 2.261227607727e+00 1.369565963745e+00 5.800055265427e-01 2.208138406277e-01 1.522850990295e-01 1.240610331297e-01 1.115873456001e-01 1.007396280766e-01 9.227716177702e-02 8.627954125404e-02 9.469045698643e-02 7.510902732611e-02 7.617841660976e-02 7.595158368349e-02 7.958689332008e-02 8.374787122011e-02 8.472329378128e-02 7.780938595533e-02 6.549837440252e-02 7.871691137552e-02 7.903047651052e-02 7.693795114756e-02 8.655843138695e-02 9.630039334297e-02 8.856009691954e-02 6.958274543285e-02 7.755865901709e-02 8.698937296867e-02 8.928731828928e-02 9.205137193203e-02 1.067381650209e-01 1.282338052988e-01 1.581880301237e-01
1.220131397247e+00 3.306385755539e+00 6.139518737793e+00 3.702796220779e+00 2.503857612610e+00 3.944068908691e+00 5.377860546112e+00 7.316412925720e+00 3.422715187073e+00 1.933904170990e+00 8.987271785736e-01 5.515971779823e-01 2.303968816996e-01 1.297662705183e-01 9.352838248014e-02 7.730522006750e-02 7.118748128414e-02 6.619149446487e-02 6.788566708565e-02 7.229469716549e-02 7.286535203457e-02 6.792369484901e-02 6.739866733551e-02 7.169142365456e-02 8.570572733879e-02 9.999298304319e-02 1.096176579595e-01 1.068197041750e-01 8.460676670074e-02 6.393845379353e-02 6.372585892677e-02 5.893811210990e-02 6.244227662683e-02 7.774271816015e-02 8.026049286127e-02 7.471179962158e-02 7.057259976864e-02 8.257567882538e-02 8.713807910681e-02 8.802625536919e-02 1.023565307260e-01 1.416091024876e-01 1.912855803967e-01
2.038668870926e+00 6.310524463654e+00 4.796190261841e+00 3.811813354492e+00 4.248723506927e+00 4.136883735657e+00 2.833444118500e+00 2.749172687531e+00 2.145413875580e+00 1.100828528404e+00 4.748810827732e-01 3.205482363701e-01 1.356292217970e-01 8.836816251278e-02 7.241814583540e-02 5.906577780843e-02 5.846440419555e-02 6.256037205458e-02 6.128050386906e-02 5.737464874983e-02 6.238497048616e-02 6.303054839373e-02 6.245637312531e-02 6.271683424711e-02 7.816526293755e-02 9.608843922615e-02 1.093451529741e-01 1.093601211905e-01 8.907472342253e-02 5.892972648144e-02 6.172537803650e-02 6.406742334366e-02 5.255487561226e-02 5.762802436948e-02 6.849334388971e-02 7.623810321093e-02 7.680655270815e-02 7.559742778540e-02 8.259783685207e-02 8.623474091291e-02 8.537581562996e-02 9.668396413326e-02 1.242397949100e-01
2.627609729767e+00 4.435209274292e+00 2.627715110779e+00 1.582075119019e+00 1.075834870338e+00 1.416813969612e+00 1.312126994133e+00 1.565738201141e+00 1.161251306534e+00 4.584684967995e-01 3.685109317303e-01 2.306103706360e-01 1.455514281988e-01 1.086574792862e-01 6.823427230120e-02 5.617888271809e-02 6.013235822320e-02 6.078421697021e-02 5.551850795746e-02 5.146010592580e-02 5.969234183431e-02 6.543835252523e-02 6.861675530672e-02 6.646458804607e-02 6.107118353248e-02 7.307517528534e-02 8.171292394400e-02 8.119741827250e-02 6.734310835600e-02 5.321448296309e-02 5.473582819104e-02 6.019597500563e-02 5.765051394701e-02 5.064783617854e-02 5.114396288991e-02 6.276328861713e-02 6.955449283123e-02 6.703252345324e-02 7.624324411154e-02 8.281985670328e-02 8.443738520145e-02 9.086892753839e-02 9.995412826538e-02
3.752807140350e+00 3.116841077805e+00 9.987179636955e-01 7.795860171318e-01 8.308034539223e-01 4.854989647865e-01 8.020311594009e-01 1.102408170700e+00 7.373766899109e-01 3.669601678848e-01 3.286272585392e-01 1.661083847284e-01 1.529767215252e-01 1.458650082350e-01 9.186080843210e-02 7.215345650911e-02 6.140381470323e-02 5.852278694510e-02 5.063378810883e-02 4.966631159186e-02 6.008939072490e-02 7.210022211075e-02 7.943363487720e-02 7.445861399174e-02 6.382202357054e-02 5.490339547396e-02 5.991400405765e-02 6.429035216570e-02 6.415233761072e-02 6.643535941839e-02 5.985074862838e-02 5.514085665345e-02 5.519784241915e-02 5.026092007756e-02 4.857676103711e-02 5.814120545983e-02 6.372056156397e-02 6.221955642104e-02 6.863016635180e-02 7.723291218281e-02 8.106012642384e-02 9.085004776716e-02 1.138585358858e-01
5.876060009003e+00 2.588855028152e+00 5.483313798904e-01 3.745920658112e-01 2.851104438305e-01 3.456073403358e-01 3.696133494377e-01 8.338204026222e-01 8.520299196243e-01 5.245581269264e-01 2.638029754162e-01 1.521202623844e-01 1.325168162584e-01 1.394258141518e-01 1.150796189904e-01 7.105825841427e-02 6.066501513124e-02 5.636133998632e-02 4.700735583901e-02 4.914657771587e-02 6.161240860820e-02 8.055055141449e-02 8.804693818092e-02 7.839149236679e-02 6.600073724985e-02 5.826203525066e-02 6.225247308612e-02 6.946393102407e-02 7.256203889847e-02 6.930825859308e-02 6.433936208487e-02 5.361597985029e-02 6.128962710500e-02 5.021649226546e-02 4.650671035051e-02 5.107005685568e-02 6.431537121534e-02 7.095246016979e-02 7.573574036360e-02 8.626856654882e-02 9.926845133305e-02 1.031234115362e-01 1.001879796386e-01
5.091712951660e+00 1.554631352425e+00 4.109273850918e-01 2.312565743923e-01 2.095824927092e-01 2.362237870693e-01 4.257390797138e-01 5.469091534615e-01 6.491364240646e-01 4.534708857536e-01 3.022156953812e-01 1.766497343779e-01 1.117514595389e-01 1.011466532946e-01 9.744867682457e-02 8.261687308550e-02 6.786072254181e-02 7.481595873833e-02 6.260402500629e-02 5.425054952502e-02 6.777123361826e-02 9.071962535381e-02 9.464102983475e-02 7.966107130051e-02 6.779638677835e-02 6.192173808813e-02 6.535413116217e-02 7.337573915720e-02 7.896544039249e-02 7.358209043741e-02 6.330479681492e-02 5.255992338061e-02 6.267701089382e-02 4.838462173939e-02 4.621986299753e-02 4.385479539633e-02 4.826236516237e-02 6.368481367826e-02 8.126831799746e-02 1.048248931766e-01 1.281312108040e-01 1.372374296188e-01 1.386745423079e-01
2.661747217178e+00 5.105804800987e-01 2.413717061281e-01 2.123303562403e-01 1.765766590834e-01 1.702959090471e-01 2.738521397114e-01 1.526943296194e-01 3.935683071613e-01 5.947391986847e-01 4.328352212906e-01 3.310948312283e-01 1.633789688349e-01 1.017751619220e-01 8.726985007524e-02 8.807931095362e-02 9.360943734646e-02 8.437167853117e-02 7.479022443295e-02 6.601413339376e-02 8.091042190790e-02 9.970626980066e-02 9.628909081221e-02 8.127294480801e-02 7.269788533449e-02 6.856811791658e-02 6.921471655369e-02 7.710830122232e-02 8.333759009838e-02 7.952245324850e-02 6.646531820297e-02 5.261115729809e-02 5.931736156344e-02 5.351833254099e-02 4.566946625710e-02 4.558950290084e-02 4.409717023373e-02 4.621301963925e-02 5.872460827231e-02 8.986791968346e-02 1.227213591337e-01 1.428943276405e-01 1.544115841389e-01
7.182669639587e-01 2.921079099178e-01 1.923265904188e-01 1.827346682549e-01 1.367819160223e-01 1.261625438929e-01 1.234715506434e-01 1.215782016516e-01 1.430635303259e-01 4.896006882191e-01 5.435489416122e-01 7.968961596489e-01 5.113851428032e-01 1.858551800251e-01 1.163751110435e-01 9.736437350512e-02 1.067605242133e-01 1.260146349669e-01 1.176707670093e-01 9.470909833908e-02 9.200755506754e-02 1.034399569035e-01 9.335207939148e-02 8.082295954227e-02 7.623431086540e-02 7.566557079554e-02 7.727281004190e-02 7.879824191332e-02 8.515349030495e-02 8.498835563660e-02 7.309591025114e-02 5.643048882484e-02 5.586366355419e-02 5.563734844327e-02 5.222839489579e-02 5.358681082726e-02 5.313820391893e-02 5.234344676137e-02 5.183127149940e-02 5.202496051788e-02 6.971278041601e-02 9.262976795435e-02 1.090999692678e-01
2.708738446236e-01 1.623709946871e-01 1.718347519636e-01 1.488774418831e-01 1.165853962302e-01 1.058441326022e-01 9.251628816128e-02 9.385851025581e-02 1.085678935051e-01 2.027742564678e-01 8.124885559082e-01 1.992010354996e+00 1.368203878403e+00 4.381132125854e-01 1.940483599901e-01 1.215859949589e-01 1.117288693786e-01 1.337394118309e-01 1.298411488533e-01 1.359027028084e-01 1.310591250658e-01 1.082395687699e-01 9.705401957035e-02 8.734497427940e-02 8.485977351665e-02 8.569142222404e-02 8.573307096958e-02 8.373370021582e-02 8.512596040964e-02 8.910951763391e-02 8.022128790617e-02 5.875705555081e-02 5.472258850932e-02 5.379834771156e-02 5.621220916510e-02 6.045217067003e-02 6.335204839706e-02 6.435453891754e-02 6.403008103371e-02 6.193900480866e-02 6.054130569100e-02 6.372942775488e-02 6.579329073429e-02
2.331119179726e-01 1.411422193050e-01 1.524882316589e-01 1.159395948052e-01 9.116380661726e-02 8.611740171909e-02 7.558402419090e-02 8.021377772093e-02 8.030557632446e-02 1.426155865192e-01 6.157501339912e-01 1.658450603485e+00 1.499076128006e+00 9.669891595840e-01 2.359760403633e-01 1.348164677620e-01 1.029087752104e-01 1.467806398869e-01 1.747381240129e-01 1.643369495869e-01 1.346878111362e-01 1.055079996586e-01 1.048727557063e-01 9.893301129341e-02 9.585540741682e-02 9.388493746519e-02 9.010175615549e-02 8.242811262608e-02 8.545189350843e-02 8.967872709036e-02 7.882578670979e-02 6.198027729988e-02 6.411978602409e-02 6.207392737269e-02 5.892603099346e-02 5.635430663824e-02 6.028699874878e-02 6.270042061806e-02 6.219825521111e-02 5.840865150094e-02 6.326477974653e-02 7.473073899746e-02 8.289156109095e-02
2.867810726166e-01 1.504133939743e-01 1.330074667931e-01 9.827119112015e-02 7.474870234728e-02 7.049264013767e-02 7.214844971895e-02 7.143089175224e-02 6.928940862417e-02 8.953208476305e-02 2.347364276648e-01 8.509424328804e-01 3.094179153442e+00 2.390212297440e+00 4.036149978638e-01 1.571888923645e-01 1.718973219395e-01 1.838210225105e-01 1.639157682657e-01 1.308136135340e-01 1.065355017781e-01 1.089388951659e-01 1.159252896905e-01 1.126516908407e-01 1.053337156773e-01 9.585736691952e-02 8.315481245518e-02 7.569394260645e-02 8.783711493015e-02 8.986286073923e-02 8.214432746172e-02 9.141418337822e-02 9.179996699095e-02 8.698742836714e-02 7.829408347607e-02 6.103029102087e-02 4.985466226935e-02 4.971943795681e-02 5.022030696273e-02 5.412137135863e-02 6.360130012035e-02 7.925682514906e-02 9.821841120720e-02
3.033554852009e-01 1.704245507717e-01 1.281195431948e-01 8.578613400459e-02 6.719611585140e-02 7.037485390902e-02 6.945479661226e-02 6.696262955666e-02 6.045712158084e-02 6.851547211409e-02 1.331306397915e-01 4.339436292648e-01 1.508088231087e+00 1.333504438400e+00 4.504149854183e-01 2.589606046677e-01 2.135426253080e-01 1.661613583565e-01 1.283612102270e-01 1.027876287699e-01 1.029044613242e-01 1.102527081966e-01 1.176540255547e-01 1.123187988997e-01 9.738112986088e-02 7.924104481936e-02 6.518671661615e-02 7.072126865387e-02 8.787426352501e-02 9.192949533463e-02 9.730622917414e-02 1.071255356073e-01 1.066148057580e-01 9.956365823746e-02 8.476716279984e-02 6.192041561007e-02 6.363425403833e-02 6.617206335068e-02 7.004012912512e-02 7.329042255878e-02 7.400641590357e-02 8.136583864689e-02 1.049606204033e-01
2.834635376930e-01 1.523909866810e-01 1.078424528241e-01 6.746086478233e-02 6.440483778715e-02 6.935387849808e-02 6.696901470423e-02 5.796861276031e-02 4.613456875086e-02 6.157803907990e-02 1.132088080049e-01 1.925535202026e-01 5.350512266159e-01 6.396397352219e-01 4.663362503052e-01 2.870596051216e-01 1.822149902582e-01 1.298486739397e-01 1.206001639366e-01 1.175956353545e-01 1.063945963979e-01 1.009761393070e-01 9.798640757799e-02 8.640416711569e-02 6.841184943914e-02 6.063545495272e-02 5.967028811574e-02 6.341451406479e-02 8.152622729540e-02 9.075710922480e-02 6.882908940315e-02 7.522718608379e-02 7.542517036200e-02 7.070091366768e-02 6.664128601551e-02 7.312881201506e-02 7.930926978588e-02 8.733715116978e-02 9.583522379398e-02 1.004970371723e-01 9.862651675940e-02 9.161292016506e-02 1.028312593699e-01
2.531137168407e-01 1.171429157257e-01 7.767144590616e-02 4.998894035816e-02 6.021568551660e-02 6.669025123119e-02 6.386234611273e-02 5.274904146791e-02 3.904351964593e-02 5.526595562696e-02 1.016588434577e-01 1.577404737473e-01 3.726836740971e-01 4.810379445553e-01 3.762005269527e-01 2.238528132439e-01 1.390849351883e-01 1.296429932117e-01 1.279557943344e-01 1.077143698931e-01 8.603160083294e-02 7.211744040251e-02 6.330857425928e-02 5.322803929448e-02 5.016000196338e-02 4.910673201084e-02 4.896975308657e-02 5.381704121828e-02 7.079385966063e-02 8.251019567251e-02 6.447202712297e-02 5.104929208755e-02 4.771393537521e-02 6.117601320148e-02 7.266670465469e-02 8.289750665426e-02 9.473971277475e-02 1.093486919999e-01 1.229145303369e-01 1.283449679613e-01 1.218903213739e-01 1.072097495198e-01 1.011882796884e-01
