VariationalSeries/SI/f76_max.grd
DSAA
101	101
32.816463539100	34.260883539100
35.556306596100	36.727886596100
1.718672574498e-03	3.143396301270e+02
[rows 19 to 37 of 101, columns 43 to 85 of 101]
2.871094942093e+00 3.630488157272e+00 4.719686031342e+00 4.814167976379e+00 3.123914003372e+00 4.923252582550e+00 2.331426620483e+00 2.593142032623e+00 2.636718988419e+00 2.673882722855e+00 2.440095901489e+00 3.734983444214e+00 4.515546321869e+00 4.604763031006e+00 3.061315536499e+00 3.743923902512e+00 4.879613399506e+00 4.595829010010e+00 2.552623987198e+00 4.108061790466e+00 1.861985802650e+00 2.614101648331e+00 3.498007535934e+00 1.741052150726e+00 1.752040743828e+00 1.932766079903e+00 1.652590274811e+00 2.145707845688e+00 1.988333344460e+00 1.568993091583e+00 1.685469627380e+00 2.158797025681e+00 2.432553529739e+00 1.882442116737e+00 1.815606117249e+00 1.388880968094e+00 9.558277130127e-01 1.124722599983e+00 1.244650602341e+00 1.035238981247e+00 8.783996105194e-01 8.295917510986e-01 9.018938541412e-01
2.551277160645e+00 3.557228326797e+00 5.041007041931e+00 5.815640449524e+00 4.220802307129e+00 4.353581428528e+00 2.401446342468e+00 2.750719308853e+00 2.296181917191e+00 2.872918605804e+00 3.004478216171e+00 3.504359006882e+00 4.848802089691e+00 4.907122135162e+00 3.760944604874e+00 4.056169509888e+00 4.773541927338e+00 5.199031829834e+00 3.015686988831e+00 3.977885961533e+00 2.131938695908e+00 3.967720508575e+00 4.921313285828e+00 2.201686382294e+00 2.044851779938e+00 1.980375647545e+00 2.101543188095e+00 2.219637393951e+00 1.728741049767e+00 1.669146418571e+00 2.185089826584e+00 2.843327283859e+00 2.535225152969e+00 2.184565067291e+00 1.688247561455e+00 1.392138481140e+00 1.074262380600e+00 1.314168572426e+00 1.020011901855e+00 7.916336059570e-01 8.444982171059e-01 7.931180596352e-01 8.255310058594e-01
2.736417055130e+00 3.957479238510e+00 4.656851291656e+00 6.087076187134e+00 5.196264743805e+00 3.724952697754e+00 2.508538246155e+00 2.918345689774e+00 2.192343235016e+00 2.699797153473e+00 2.845233440399e+00 3.322353839874e+00 4.627101898193e+00 5.281497955322e+00 4.541170120239e+00 4.332846164703e+00 4.581298828125e+00 5.691129684448e+00 3.442245006561e+00 3.691518545151e+00 2.400801181793e+00 4.925918102264e+00 5.398953437805e+00 2.476862668991e+00 1.999418377876e+00 2.361543655396e+00 2.371126890182e+00 1.922020912170e+00 1.548765420914e+00 2.178385972977e+00 3.039765834808e+00 2.939913034439e+00 1.984163761139e+00 2.493497371674e+00 1.674237132072e+00 1.283052563667e+00 1.275322318077e+00 1.351085543633e+00 1.043901681900e+00 8.028751015663e-01 8.059090375900e-01 6.253449320793e-01 6.166292428970e-01
2.605749845505e+00 3.740918636322e+00 3.954005956650e+00 5.814257621765e+00 5.751160144806e+00 3.826861143112e+00 3.191808700562e+00 3.095535993576e+00 2.161973476410e+00 2.373304605484e+00 2.948233842850e+00 3.371513843536e+00 3.861242294312e+00 5.648573875427e+00 5.070602416992e+00 4.217399597168e+00 4.245061874390e+00 6.114830493927e+00 3.796150207520e+00 3.313194990158e+00 2.669558286667e+00 4.903309822083e+00 4.715989589691e+00 2.293141603470e+00 2.123273611069e+00 2.590184688568e+00 2.153302431107e+00 1.660472869873e+00 2.295212268829e+00 3.220332622528e+00 3.157884120941e+00 2.192028045654e+00 1.716126561165e+00 2.592951297760e+00 1.231598377228e+00 1.270670056343e+00 1.572965741158e+00 1.186059594154e+00 1.197208285332e+00 7.781327366829e-01 8.598107695580e-01 7.228175401688e-01 6.517506837845e-01
2.118477344513e+00 2.593947649002e+00 3.992884635925e+00 5.156533718109e+00 5.802473068237e+00 3.863045454025e+00 3.981799840927e+00 3.341188192368e+00 2.344046831131e+00 2.150129556656e+00 3.075086116791e+00 3.295730590820e+00 4.032957553864e+00 6.077445507050e+00 5.153083324432e+00 4.001258850098e+00 3.827732086182e+00 6.380154609680e+00 4.054656028748e+00 3.833390712738e+00 3.146192789078e+00 4.043485164642e+00 3.529131889343e+00 2.087877750397e+00 2.703231096268e+00 2.505620718002e+00 1.743835330009e+00 2.449878692627e+00 3.494389772415e+00 3.388306617737e+00 2.298418283463e+00 1.399357438087e+00 1.951558113098e+00 2.435121774673e+00 1.319633483887e+00 1.363625168800e+00 1.656923174858e+00 1.164699196815e+00 1.313880801201e+00 8.031858801842e-01 8.179685473442e-01 7.016874551773e-01 7.176797986031e-01
2.870644092560e+00 2.740980148315e+00 4.519840240479e+00 4.370950698853e+00 5.529074192047e+00 4.321214199066e+00 3.829802274704e+00 4.242202758789e+00 3.687786817551e+00 2.818720340729e+00 3.105959653854e+00 3.117376089096e+00 4.405462265015e+00 6.512660026550e+00 4.651274681091e+00 3.845957040787e+00 3.269006252289e+00 6.537650108337e+00 4.912469863892e+00 4.249133110046e+00 3.724815130234e+00 3.953743696213e+00 2.391492605209e+00 2.614207744598e+00 2.774218797684e+00 1.865995407104e+00 2.664320468903e+00 3.773816823959e+00 3.584553480148e+00 2.400473594666e+00 1.284501910210e+00 1.112376689911e+00 2.610325336456e+00 2.038597345352e+00 1.246999382973e+00 1.766278982162e+00 1.500028014183e+00 1.174614071846e+00 1.396517992020e+00 9.952303171158e-01 7.605471014977e-01 7.241228818893e-01 6.348251104355e-01
4.495708942413e+00 2.797640085220e+00 2.739406347275e+00 4.679730415344e+00 5.109622955322e+00 4.576039314270e+00 3.550316572189e+00 3.895839929581e+00 4.429280757904e+00 4.353012084961e+00 3.712310791016e+00 4.469784259796e+00 4.798214435577e+00 6.782115936279e+00 4.045801639557e+00 3.496315479279e+00 4.466116905212e+00 6.599151134491e+00 5.566978931427e+00 4.086810112000e+00 4.020169734955e+00 4.265779972076e+00 2.683262586594e+00 2.846786499023e+00 2.233980417252e+00 2.794544219971e+00 4.116937160492e+00 3.847895622253e+00 2.500843048096e+00 1.716654419899e+00 2.417973518372e+00 1.546512842178e+00 3.046224117279e+00 1.782294988632e+00 1.472541928291e+00 1.887995123863e+00 1.801475167274e+00 1.252652287483e+00 1.442549109459e+00 1.100267648697e+00 6.883196830750e-01 6.625752449036e-01 7.680124044418e-01
6.004523277283e+00 2.881182670593e+00 2.768328428268e+00 4.328633308411e+00 4.619016647339e+00 4.700849056244e+00 3.839134216309e+00 3.972983121872e+00 3.698489189148e+00 4.791028499603e+00 5.228907108307e+00 4.561543464661e+00 5.193039894104e+00 6.884894847870e+00 3.527563571930e+00 5.258420944214e+00 6.264813423157e+00 6.624726772308e+00 5.419608116150e+00 3.248274803162e+00 3.824340820312e+00 3.909790754318e+00 2.738969087601e+00 2.352487564087e+00 2.824609041214e+00 4.387725353241e+00 4.222054958344e+00 2.641048669815e+00 2.375878095627e+00 3.361601352692e+00 3.054287195206e+00 2.768259525299e+00 2.968910455704e+00 1.991053223610e+00 1.893232345581e+00 1.564678311348e+00 1.961024165154e+00 1.328308343887e+00 1.448480606079e+00 1.095734953880e+00 6.967269778252e-01 8.419488668442e-01 1.083586215973e+00
6.555474281311e+00 2.963886737823e+00 3.355370998383e+00 2.893327474594e+00 4.902710914612e+00 4.771505355835e+00 4.090276241302e+00 4.228126049042e+00 3.741964101791e+00 4.971789360046e+00 5.063037872314e+00 4.409982681274e+00 5.550650596619e+00 6.647560119629e+00 5.757765769958e+00 6.962206840515e+00 6.690241813660e+00 6.456754684448e+00 3.698325395584e+00 3.336793899536e+00 3.920135736465e+00 3.946370601654e+00 2.566560506821e+00 2.710937500000e+00 4.584779262543e+00 4.669732570648e+00 2.923394203186e+00 2.495743274689e+00 3.656263589859e+00 3.031290531158e+00 2.432909965515e+00 2.800657033920e+00 2.303437948227e+00 2.098627328873e+00 1.874530196190e+00 1.240800619125e+00 1.917790055275e+00 1.437389969826e+00 1.421098113060e+00 9.944355487823e-01 9.167716503143e-01 1.204026460648e+00 1.360406279564e+00
5.762588500977e+00 4.314780712128e+00 3.894808769226e+00 2.818040609360e+00 3.711827993393e+00 4.793321132660e+00 4.904043674469e+00 4.503868103027e+00 5.163456439972e+00 7.634333133698e+00 4.449973583221e+00 3.990116596222e+00 5.792798042297e+00 6.131972789764e+00 7.464077472687e+00 7.183634281158e+00 6.231455802917e+00 6.263698101044e+00 4.034719467163e+00 4.492208957672e+00 4.079960823059e+00 3.937087774277e+00 2.483161211014e+00 4.662464141846e+00 5.156329631805e+00 3.329392910004e+00 2.856480836868e+00 3.881649732590e+00 3.415803194046e+00 2.219339132309e+00 3.231267213821e+00 2.937231302261e+00 1.636882662773e+00 2.000252246857e+00 1.582625508308e+00 1.700985074043e+00 1.742839694023e+00 1.549237132072e+00 1.389579534531e+00 1.279916524887e+00 1.495084047318e+00 1.676958560944e+00 1.413817882538e+00
3.902239084244e+00 6.477123737335e+00 4.276006698608e+00 3.467516183853e+00 4.139580726624e+00 4.763767719269e+00 4.558308601379e+00 4.831363201141e+00 6.774281501770e+00 9.483167648315e+00 6.404819011688e+00 4.354996681213e+00 5.850412368774e+00 7.143591880798e+00 7.607132911682e+00 9.906126022339e+00 5.297868251801e+00 5.830464839935e+00 4.406165599823e+00 4.554373264313e+00 4.089574337006e+00 3.744871854782e+00 4.627684116364e+00 5.484106540680e+00 3.761193037033e+00 3.216427803040e+00 3.830449581146e+00 3.797231912613e+00 3.198857784271e+00 3.245750665665e+00 3.440739393234e+00 2.013863563538e+00 1.906081438065e+00 1.710386157036e+00 1.384546756744e+00 1.292180657387e+00 2.310540199280e+00 1.821529030800e+00 1.660738229752e+00 1.993787407875e+00 1.985414505005e+00 1.456914901733e+00 9.155642390251e-01
4.257346630096e+00 7.167807102203e+00 4.432127475739e+00 3.839549064636e+00 4.891250133514e+00 4.583839893341e+00 4.755591869354e+00 5.914489269257e+00 7.825662136078e+00 9.564085960388e+00 7.678875446320e+00 7.479144096375e+00 6.602928161621e+00 7.837373733521e+00 8.736734390259e+00 1.263477230072e+01 5.544947147369e+00 5.970649242401e+00 5.929615974426e+00 4.861495494843e+00 3.860834836960e+00 4.627705097198e+00 5.781277656555e+00 4.149965763092e+00 3.602584838867e+00 3.774950027466e+00 3.637694597244e+00 3.950274467468e+00 3.853923797607e+00 3.915055274963e+00 2.953720808029e+00 1.675971865654e+00 2.274675130844e+00 1.311271786690e+00 1.391125798225e+00 1.394814252853e+00 3.187022447586e+00 2.191985607147e+00 2.296159744263e+00 1.848690271378e+00 1.123714566231e+00 6.082344055176e-01 5.938310027122e-01
8.467267990112e+00 5.677385330200e+00 6.233513355255e+00 4.085157394409e+00 5.896375656128e+00 4.570937633514e+00 5.148035526276e+00 6.855427265167e+00 8.262983322144e+00 8.139935493469e+00 7.420650005341e+00 7.382936000824e+00 7.448417663574e+00 6.017293453217e+00 6.058937549591e+00 8.139921188354e+00 4.817356586456e+00 5.914604663849e+00 6.465002059937e+00 5.403665065765e+00 4.824511528015e+00 6.065011501312e+00 4.533027172089e+00 3.964187145233e+00 3.685728311539e+00 3.394922733307e+00 3.567751169205e+00 4.234350681305e+00 4.259222984314e+00 3.864914417267e+00 2.390953540802e+00 1.583015799522e+00 2.419507741928e+00 1.907433748245e+00 2.294960975647e+00 2.436554431915e+00 3.597849607468e+00 2.085228204727e+00 1.655970096588e+00 1.116938710213e+00 1.002812623978e+00 8.012087345123e-01 8.084438443184e-01
1.383042716980e+01 6.025345802307e+00 6.968895435333e+00 5.114302635193e+00 6.564969062805e+00 5.604446887970e+00 5.644625186920e+00 7.893859863281e+00 8.522541046143e+00 6.795947551727e+00 8.891032218933e+00 1.088352775574e+01 6.450270175934e+00 7.543190479279e+00 4.558726787567e+00 5.431791305542e+00 4.992353916168e+00 5.780269145966e+00 5.578868389130e+00 5.080771923065e+00 6.455460548401e+00 4.906820774078e+00 4.203756809235e+00 3.720208644867e+00 3.982579469681e+00 3.898687362671e+00 3.775778055191e+00 4.708848476410e+00 4.737010955811e+00 4.232187271118e+00 2.916717052460e+00 2.655008554459e+00 2.631037950516e+00 2.297127723694e+00 2.224037647247e+00 3.454135894775e+00 2.965284109116e+00 1.382819414139e+00 1.495536804199e+00 1.530086278915e+00 1.419784307480e+00 1.098957180977e+00 8.743522167206e-01
1.529265117645e+01 1.586400318146e+01 6.905691623688e+00 6.691327571869e+00 7.261922836304e+00 6.806032657623e+00 9.512123107910e+00 8.872024536133e+00 8.437752723694e+00 6.352541446686e+00 9.728587150574e+00 1.220448589325e+01 7.315343379974e+00 7.345465660095e+00 5.565719604492e+00 5.653326511383e+00 6.056753635406e+00 5.717763423920e+00 5.552444458008e+00 6.931052684784e+00 5.388475418091e+00 4.826548099518e+00 4.127252578735e+00 3.226069450378e+00 4.098435401917e+00 4.327328205109e+00 4.096647262573e+00 5.085041522980e+00 5.298360347748e+00 4.646987438202e+00 3.463367462158e+00 2.542051553726e+00 2.261565923691e+00 1.921714663506e+00 3.138545513153e+00 3.585174798965e+00 1.597683668137e+00 1.573929905891e+00 1.642789602280e+00 1.667192220688e+00 1.576953411102e+00 1.319532513618e+00 9.175035953522e-01
7.414438724518e+00 2.158594894409e+01 1.568756198883e+01 6.720941066742e+00 7.687033653259e+00 8.506295204163e+00 9.203193664551e+00 9.347119331360e+00 7.518652439117e+00 6.669476032257e+00 1.111256790161e+01 1.201839447021e+01 9.480482101440e+00 6.421104907990e+00 5.813632011414e+00 6.577856540680e+00 1.064876651764e+01 6.656439781189e+00 7.710871696472e+00 5.932003021240e+00 4.472612380981e+00 4.354493141174e+00 3.595624685287e+00 4.555486679077e+00 4.532814502716e+00 5.018557071686e+00 5.474876403809e+00 4.372180938721e+00 5.088507652283e+00 5.085004329681e+00 3.954910516739e+00 2.188089132309e+00 2.149172306061e+00 3.326725721359e+00 3.599622488022e+00 2.102781295776e+00 1.396645069122e+00 1.412377238274e+00 1.408178448677e+00 1.430757164955e+00 1.426515698433e+00 1.322134733200e+00 1.119732499123e+00
1.363817596436e+01 1.041950511932e+01 2.524164009094e+01 1.170070743561e+01 7.811867713928e+00 1.049812316895e+01 7.832081317902e+00 8.766754150391e+00 1.162629699707e+01 8.784850120544e+00 1.209834575653e+01 9.623809814453e+00 1.015099906921e+01 8.533152580261e+00 6.958951950073e+00 6.501496315002e+00 1.546258544922e+01 9.278268814087e+00 7.207520484924e+00 9.054522514343e+00 5.406158447266e+00 4.459064006805e+00 4.756779193878e+00 5.003301620483e+00 4.821430683136e+00 4.905766487122e+00 6.912063121796e+00 4.298092842102e+00 5.308955669403e+00 5.545012474060e+00 4.498065471649e+00 2.900326013565e+00 3.673181533813e+00 3.393149614334e+00 1.939375042915e+00 1.678265213966e+00 1.584577798843e+00 1.483244061470e+00 1.378241419792e+00 1.282618403435e+00 1.231053471565e+00 1.272703051567e+00 1.157604575157e+00
1.853557014465e+01 2.417099380493e+01 1.462003517151e+01 2.487226295471e+01 9.476751327515e+00 1.276195049286e+01 1.085364532471e+01 1.157793903351e+01 1.627806663513e+01 1.313116836548e+01 1.496312808990e+01 9.135778427124e+00 9.265146255493e+00 9.682016372681e+00 8.705100059509e+00 6.841868877411e+00 1.810118293762e+01 1.019160175323e+01 1.066733169556e+01 7.417194366455e+00 4.105308055878e+00 4.446075439453e+00 5.621295928955e+00 5.079146862030e+00 4.639469623566e+00 4.284274101257e+00 6.753312110901e+00 4.735512733459e+00 5.981792449951e+00 5.902646064758e+00 4.681891918182e+00 3.716473340988e+00 2.783568143845e+00 1.528202533722e+00 1.415187716484e+00 1.432379722595e+00 1.447885274887e+00 1.546426892281e+00 1.517174839973e+00 1.438054084778e+00 1.561126470566e+00 1.811842322350e+00 1.889426946640e+00
3.592125320435e+01 2.441114997864e+01 2.583369636536e+01 2.124099540710e+01 1.921298599243e+01 1.440759563446e+01 1.570635986328e+01 1.400951480865e+01 1.398603248596e+01 1.548694515228e+01 1.770617103577e+01 1.061243915558e+01 9.190338134766e+00 9.893911361694e+00 1.086381626129e+01 1.027272891998e+01 1.391654109955e+01 1.020147037506e+01 1.016418838501e+01 8.109050750732e+00 6.661550045013e+00 7.862541675568e+00 7.886762142181e+00 6.524324893951e+00 4.766534328461e+00 4.149418354034e+00 5.311048984528e+00 5.849776268005e+00 6.212534904480e+00 5.192546844482e+00 3.645571231842e+00 2.227942705154e+00 1.948567748070e+00 2.139325618744e+00 2.524987936020e+00 2.763837575912e+00 2.885878086090e+00 2.867823362350e+00 2.718322992325e+00 2.484359741211e+00 2.257163524628e+00 2.204063653946e+00 1.950362443924e+00
