VariationalSeries/SI/f76_max.grd
DSAA
101	101
32.816463539100	34.260883539100
35.556306596100	36.727886596100
1.718672574498e-03	3.143396301270e+02
[rows 0 to 18 of 101, columns 43 to 85 of 101]
4.270665049553e-01 7.273708581924e-01 8.388631939888e-01 6.664444208145e-01 4.652291536331e-01 4.812078773975e-01 4.161780178547e-01 3.754609823227e-01 2.483863830566e-01 3.500719368458e-01 4.646634459496e-01 5.493291020393e-01 6.951565146446e-01 9.863735437393e-01 4.485799372196e-01 5.599240660667e-01 7.105386853218e-01 7.597847580910e-01 5.142662525177e-01 3.642199337482e-01 4.115864634514e-01 5.026519894600e-01 5.220667123795e-01 5.560340285301e-01 5.588159561157e-01 4.014655947685e-01 2.694815695286e-01 2.750395238400e-01 5.224342942238e-01 7.780236601830e-01 6.195474267006e-01 3.040403723717e-01 3.797943592072e-01 2.646749317646e-01 2.605032920837e-01 2.311309129000e-01 1.882520169020e-01 1.697627305984e-01 1.281422674656e-01 1.294434815645e-01 1.660894155502e-01 2.769498825073e-01 2.755137979984e-01
7.408688068390e-01 1.318266749382e+00 1.647021412849e+00 1.460347175598e+00 1.096507310867e+00 1.070219397545e+00 8.686893582344e-01 7.280474305153e-01 6.778091192245e-01 7.706180810928e-01 8.591102361679e-01 1.029633998871e+00 1.378704786301e+00 1.974929928780e+00 8.569085597992e-01 1.066083312035e+00 1.345200896263e+00 1.425857305527e+00 9.810283184052e-01 7.042484879494e-01 7.731308341026e-01 9.601436853409e-01 1.034991264343e+00 9.756630063057e-01 9.991803169250e-01 8.399770259857e-01 4.959994554520e-01 5.594610571861e-01 1.184658050537e+00 1.871946454048e+00 1.105287671089e+00 5.044903755188e-01 7.437626719475e-01 4.885946810246e-01 4.932212829590e-01 4.107635915279e-01 3.370330333710e-01 2.998717725277e-01 2.470002919436e-01 2.478327602148e-01 3.674933314323e-01 5.615682005882e-01 5.239378213882e-01
9.297738671303e-01 1.348348855972e+00 1.841816425323e+00 1.813431382179e+00 1.476086735725e+00 1.554014682770e+00 1.029010891914e+00 8.945555090904e-01 1.202586054802e+00 1.203942179680e+00 8.572948575020e-01 1.142352819443e+00 1.472330331802e+00 2.069456577301e+00 9.809558987617e-01 1.215599894524e+00 1.507955670357e+00 1.636357188225e+00 1.133345007896e+00 8.606321215630e-01 8.884109854698e-01 9.652070403099e-01 1.166113138199e+00 1.225002050400e+00 1.479507803917e+00 1.134878754616e+00 6.462044119835e-01 7.016574144363e-01 1.558180212975e+00 2.423483848572e+00 1.136314272881e+00 5.931003093719e-01 8.575699329376e-01 5.412287712097e-01 5.510443449020e-01 4.819065332413e-01 4.278030097485e-01 3.396304845810e-01 2.833852469921e-01 3.521752059460e-01 4.659729599953e-01 6.225014328957e-01 5.371890664101e-01
1.072340011597e+00 1.218433380127e+00 1.650841474533e+00 1.794889450073e+00 1.602015376091e+00 2.077010154724e+00 1.077429652214e+00 1.219707369804e+00 1.715540409088e+00 1.768688082695e+00 1.175674915314e+00 1.196144342422e+00 1.509954810143e+00 2.090755939484e+00 1.030732750893e+00 1.312079787254e+00 1.548225522041e+00 1.707378983498e+00 1.189634799957e+00 1.132245421410e+00 9.545186161995e-01 1.176605343819e+00 1.421949148178e+00 1.399079203606e+00 1.967905879021e+00 1.402629971504e+00 7.287114858627e-01 8.369763493538e-01 1.818887352943e+00 2.630535840988e+00 1.079017519951e+00 6.462219953537e-01 9.097420573235e-01 5.134500861168e-01 5.639937520027e-01 6.165343523026e-01 5.200849175453e-01 3.913434445858e-01 3.446663618088e-01 4.348825812340e-01 5.565513968468e-01 6.491602659225e-01 5.155012607574e-01
1.056287527084e+00 1.462217807770e+00 1.305563926697e+00 1.520815849304e+00 1.480139970779e+00 2.634536504745e+00 1.035749554634e+00 1.504141926765e+00 2.189785480499e+00 2.353310823441e+00 1.656831383705e+00 1.243673324585e+00 1.553913474083e+00 2.103527307510e+00 1.070556163788e+00 1.438408732414e+00 1.567546844482e+00 1.765876054764e+00 1.312421321869e+00 1.393376946449e+00 1.103585004807e+00 1.490756392479e+00 1.808309078217e+00 1.755460619926e+00 2.449380874634e+00 1.623228669167e+00 8.838897347450e-01 8.980541825294e-01 1.927230119705e+00 2.541636228561e+00 1.163183093071e+00 7.695351243019e-01 9.413690567017e-01 6.082631349564e-01 6.998284459114e-01 7.256600856781e-01 5.795163512230e-01 4.095032215118e-01 4.372879564762e-01 4.736988842487e-01 6.499683260918e-01 6.593321561813e-01 4.939829111099e-01
9.178408980370e-01 1.554566860199e+00 1.168956279755e+00 1.207858085632e+00 1.289387106895e+00 3.189796447754e+00 1.149030327797e+00 1.711005806923e+00 2.610092639923e+00 2.933248519897e+00 2.161963224411e+00 1.312011241913e+00 1.612927794456e+00 2.114619731903e+00 1.136910557747e+00 1.543931484222e+00 1.564636230469e+00 1.817765235901e+00 1.344907045364e+00 1.618376493454e+00 1.340883851051e+00 1.807718157768e+00 2.154920339584e+00 2.057606220245e+00 2.881124973297e+00 1.751492738724e+00 9.731402993202e-01 1.071390867233e+00 1.845547199249e+00 2.061534881592e+00 1.154227614403e+00 8.893827795982e-01 9.506845474243e-01 6.799402236938e-01 8.200429677963e-01 8.074122071266e-01 6.084300279617e-01 4.379639029503e-01 4.922035932541e-01 5.125008821487e-01 7.435196638107e-01 6.717475652695e-01 4.745094180107e-01
8.517522215843e-01 1.490364074707e+00 1.174787878990e+00 9.510156512260e-01 1.244240045547e+00 3.700974225998e+00 1.329228043556e+00 1.810441493988e+00 2.901421308517e+00 3.378416061401e+00 2.623709678650e+00 1.386558651924e+00 1.665616273880e+00 2.117012977600e+00 1.172473192215e+00 1.646887063980e+00 1.538924813271e+00 1.854272365570e+00 1.343380928040e+00 1.713623404503e+00 1.537439703941e+00 2.034009933472e+00 2.390779018402e+00 2.226156949997e+00 3.200021743774e+00 1.765859842300e+00 9.403233528137e-01 1.199900269508e+00 1.582294821739e+00 1.433359622955e+00 1.469513058662e+00 1.127977013588e+00 9.442615509033e-01 7.296569347382e-01 9.154867529869e-01 8.553910255432e-01 6.060951948166e-01 5.145727992058e-01 4.849680364132e-01 6.966334581375e-01 8.502701520920e-01 6.895694136620e-01 4.436551630497e-01
9.792742729187e-01 1.424549579620e+00 1.136555552483e+00 1.074631929398e+00 1.399358987808e+00 4.187239646912e+00 1.518043398857e+00 1.753570675850e+00 2.935580968857e+00 3.571773767471e+00 2.988882541656e+00 1.817185640335e+00 1.733156204224e+00 2.131099939346e+00 1.241819977760e+00 1.743826389313e+00 1.494117140770e+00 1.879040479660e+00 1.385883450508e+00 1.624996304512e+00 1.656076908112e+00 2.141867876053e+00 2.449663639069e+00 2.226889610291e+00 3.385672330856e+00 1.702330231667e+00 1.100324273109e+00 1.430051803589e+00 1.539138913155e+00 1.832216262817e+00 1.954161047935e+00 1.519819259644e+00 9.183719158173e-01 8.746544122696e-01 9.763438105583e-01 8.619616627693e-01 5.733734369278e-01 5.283514857292e-01 5.867602229118e-01 9.372671842575e-01 9.313749670982e-01 6.570884585381e-01 3.764399290085e-01
1.097885847092e+00 1.429792642593e+00 1.128560900688e+00 1.161735653877e+00 1.548161864281e+00 4.639588356018e+00 1.715854763985e+00 1.544801831245e+00 2.687663555145e+00 3.485849857330e+00 3.208189010620e+00 2.219821929932e+00 1.804314017296e+00 2.342926263809e+00 1.311181664467e+00 1.840496897697e+00 1.453504920006e+00 1.896855831146e+00 1.415540695190e+00 1.439606904984e+00 1.732115507126e+00 2.101670742035e+00 2.326906919479e+00 2.299896717072e+00 3.368061780930e+00 1.506909370422e+00 1.352449536324e+00 1.675968885422e+00 1.860665559769e+00 2.245085716248e+00 2.453793525696e+00 1.964812874794e+00 1.102361083031e+00 1.086846113205e+00 1.111256480217e+00 8.226255774498e-01 5.713568329811e-01 4.944905042648e-01 9.315395951271e-01 1.133287310600e+00 9.007467031479e-01 5.221878290176e-01 4.468736052513e-01
1.176256895065e+00 1.457435965538e+00 1.118540883064e+00 1.137508988380e+00 1.690050244331e+00 5.003351211548e+00 1.888993859291e+00 1.272712230682e+00 2.296075344086e+00 3.189642190933e+00 3.236992597580e+00 2.540000200272e+00 1.869325041771e+00 2.529525995255e+00 1.649362206459e+00 1.947658658028e+00 1.892394542694e+00 1.926836252213e+00 1.431666374207e+00 1.718004226685e+00 1.697967410088e+00 1.948069214821e+00 2.053663015366e+00 2.569072008133e+00 3.132023572922e+00 1.310227990150e+00 1.586265444756e+00 1.921310424805e+00 2.117308139801e+00 2.581249237061e+00 2.873647212982e+00 2.373007059097e+00 1.375476241112e+00 1.153016924858e+00 1.205467104912e+00 7.434724569321e-01 6.008994579315e-01 8.866738677025e-01 1.249409914017e+00 1.143860340118e+00 6.970128417015e-01 4.869274795055e-01 4.467029869556e-01
1.190853238106e+00 1.509282350540e+00 1.110828042030e+00 1.219182014465e+00 1.817597270012e+00 5.294715404510e+00 2.047394514084e+00 1.250505208969e+00 1.844925642014e+00 2.702042102814e+00 3.007352352142e+00 2.708837032318e+00 2.182503938675e+00 2.519559621811e+00 2.089477539062e+00 2.052901744843e+00 2.673440217972e+00 1.995820522308e+00 1.429007291794e+00 2.278359174728e+00 1.860461950302e+00 1.727306962013e+00 2.439957380295e+00 2.738634586334e+00 2.729513883591e+00 1.501360177994e+00 1.755984902382e+00 2.092265129089e+00 2.189686059952e+00 2.764652967453e+00 3.231751918793e+00 2.749167203903e+00 1.614601969719e+00 1.003858804703e+00 1.141754865646e+00 7.407406568527e-01 8.083927035332e-01 1.308941483498e+00 1.338252425194e+00 8.890575170517e-01 5.920503735542e-01 5.629643797874e-01 5.266115665436e-01
1.155671000481e+00 1.567409276962e+00 1.454583287239e+00 1.381179571152e+00 1.932330965996e+00 5.480557918549e+00 2.147674083710e+00 1.299578547478e+00 1.528131127357e+00 2.105800151825e+00 2.574831485748e+00 2.667371273041e+00 2.435354709625e+00 2.670613050461e+00 2.531989574432e+00 2.148764848709e+00 3.579047679901e+00 2.632973670959e+00 1.423411250114e+00 2.772088527679e+00 2.077637434006e+00 2.172919750214e+00 3.215053319931e+00 2.778987407684e+00 2.213338851929e+00 1.646885991096e+00 1.799693346024e+00 2.139364004135e+00 2.085538864136e+00 2.729635238647e+00 3.404354572296e+00 3.033201217651e+00 1.798743844032e+00 8.641570210457e-01 1.061131238937e+00 8.819172382355e-01 1.295739650726e+00 1.507427692413e+00 1.072443008423e+00 6.824257969856e-01 6.571148633957e-01 6.237688660622e-01 5.882025361061e-01
1.162711739540e+00 1.625408887863e+00 1.839923620224e+00 1.271234869957e+00 2.040596723557e+00 5.631470203400e+00 2.193356513977e+00 1.342839479446e+00 1.531764626503e+00 1.968945503235e+00 1.985243797302e+00 2.371803045273e+00 2.496600866318e+00 2.978514194489e+00 2.724048137665e+00 2.340464830399e+00 4.467353820801e+00 3.215636491776e+00 1.409101843834e+00 3.160087585449e+00 2.183554649353e+00 2.640134334564e+00 3.797109603882e+00 2.594723224640e+00 1.634436726570e+00 1.691253423691e+00 1.726889371872e+00 2.025102376938e+00 1.876776218414e+00 2.483152627945e+00 3.272963762283e+00 3.090769290924e+00 1.891735792160e+00 8.339439630508e-01 1.018151521683e+00 1.198118209839e+00 1.633894681931e+00 1.294402360916e+00 7.340417504311e-01 7.100316286087e-01 6.933428645134e-01 6.688352823257e-01 6.373994350433e-01
1.041178345680e+00 1.684624314308e+00 1.998206615448e+00 1.341198325157e+00 2.151095390320e+00 5.802092552185e+00 2.223035812378e+00 1.428328394890e+00 1.400445342064e+00 1.900040030479e+00 1.561273217201e+00 1.909801602364e+00 2.792731046677e+00 3.197873115540e+00 2.535088539124e+00 2.897570848465e+00 5.174345493317e+00 3.685090541840e+00 1.640954732895e+00 3.429352760315e+00 2.263106584549e+00 2.876222610474e+00 3.984249114990e+00 2.161594629288e+00 1.622438073158e+00 1.881170988083e+00 1.941211223602e+00 1.802978754044e+00 1.503519535065e+00 2.063286304474e+00 2.873347997665e+00 2.904304504395e+00 1.875702381134e+00 8.263579010963e-01 1.030142426491e+00 1.674418330193e+00 1.553076148033e+00 8.383108377457e-01 7.182489633560e-01 6.861599683762e-01 6.748008728027e-01 7.173436284065e-01 6.677632331848e-01
1.366707324982e+00 1.753918051720e+00 2.003993511200e+00 2.184556007385e+00 2.264867067337e+00 5.902924060822e+00 2.214517354965e+00 1.705874323845e+00 1.187368035316e+00 1.791593551636e+00 1.461284995079e+00 2.111012697220e+00 2.943720817566e+00 3.418089628220e+00 2.742604970932e+00 3.444288492203e+00 5.756733894348e+00 3.961338758469e+00 1.996019959450e+00 3.658559083939e+00 2.488608837128e+00 2.809408664703e+00 3.832971572876e+00 1.693355202675e+00 1.513645887375e+00 2.259347200394e+00 2.469593763351e+00 1.546105742455e+00 1.229539275169e+00 1.586501002312e+00 2.364023208618e+00 2.585044622421e+00 1.764776468277e+00 8.249037861824e-01 1.597196936607e+00 1.797485232353e+00 1.084778070450e+00 7.597533464432e-01 6.562870740891e-01 6.391264200211e-01 6.334486603737e-01 7.765150070190e-01 9.162863492966e-01
1.805955767632e+00 1.836297631264e+00 1.976535797119e+00 2.683285951614e+00 2.349999904633e+00 5.931937694550e+00 2.150764942169e+00 1.955601215363e+00 1.257491827011e+00 1.837643861771e+00 1.558430552483e+00 2.262969017029e+00 3.083546400070e+00 3.633291244507e+00 2.650996208191e+00 3.895374536514e+00 5.870199680328e+00 3.756276130676e+00 2.367158889771e+00 3.852054595947e+00 2.497267007828e+00 2.573864221573e+00 3.322247982025e+00 1.696128726006e+00 1.639791846275e+00 2.603917598724e+00 2.664014577866e+00 1.393376231194e+00 1.332608699799e+00 1.148760080338e+00 1.830016970634e+00 2.164419174194e+00 1.563860297203e+00 1.439673542976e+00 1.934557914734e+00 1.390790224075e+00 7.890795469284e-01 6.277144551277e-01 6.181205511093e-01 5.564968585968e-01 8.296354413033e-01 1.077945232391e+00 1.072290062904e+00
2.156810760498e+00 2.383125543594e+00 2.256552934647e+00 2.483945131302e+00 2.395759344101e+00 5.881194591522e+00 2.132222890854e+00 2.150878429413e+00 1.321513414383e+00 1.866956233978e+00 1.724840521812e+00 2.342960834503e+00 3.248481512070e+00 3.846292257309e+00 2.439751625061e+00 4.183644294739e+00 5.534153461456e+00 3.333096981049e+00 2.608243942261e+00 3.998653411865e+00 2.237353086472e+00 2.061032533646e+00 2.586900472641e+00 1.570593357086e+00 1.931240797043e+00 2.611203908920e+00 2.462205648422e+00 1.468433618546e+00 1.540000200272e+00 1.302863240242e+00 1.748073577881e+00 1.699769020081e+00 1.286682009697e+00 1.940944194794e+00 1.706354379654e+00 1.209869623184e+00 6.768578886986e-01 5.612004995346e-01 7.045336961746e-01 7.954071760178e-01 1.155238032341e+00 1.183492064476e+00 9.852664470673e-01
2.827670812607e+00 2.862725019455e+00 3.099668264389e+00 2.423133611679e+00 2.759955406189e+00 5.693232059479e+00 2.433702468872e+00 2.295364618301e+00 1.714509725571e+00 1.872114777565e+00 1.923271417618e+00 2.911141872406e+00 3.385991334915e+00 4.083619594574e+00 2.679838895798e+00 4.205751895905e+00 4.922271251678e+00 3.224012613297e+00 2.696600675583e+00 4.109370231628e+00 2.038440704346e+00 1.766998410225e+00 1.971274018288e+00 1.672560691833e+00 2.101312875748e+00 2.340093135834e+00 1.824526309967e+00 1.627835869789e+00 1.796914577484e+00 1.486298084259e+00 1.807065486908e+00 1.204721093178e+00 1.838963270187e+00 1.929151535034e+00 1.737260460854e+00 1.097140431404e+00 7.376329302788e-01 6.976792812347e-01 8.428869843483e-01 1.150682449341e+00 1.283232331276e+00 1.032730340958e+00 7.663656473160e-01
3.142885684967e+00 3.179837942123e+00 3.869113683701e+00 3.606948852539e+00 2.382542848587e+00 5.370183467865e+00 2.271497011185e+00 2.545210361481e+00 2.374855279922e+00 1.970163583755e+00 2.093795299530e+00 3.515394210815e+00 3.714008569717e+00 4.346605300903e+00 2.992117166519e+00 3.958879709244e+00 4.873782157898e+00 3.934167861938e+00 2.635706901550e+00 4.130294799805e+00 2.049242019653e+00 1.906412243843e+00 1.993439078331e+00 1.859705328941e+00 1.971676588058e+00 1.726752400398e+00 1.692291617393e+00 1.898568391800e+00 1.969425559044e+00 1.542635679245e+00 1.791895985603e+00 1.730866312981e+00 2.048665761948e+00 1.797837376595e+00 1.853021860123e+00 1.269966483116e+00 9.076350927353e-01 8.999705314636e-01 1.093972563744e+00 1.288042426109e+00 1.062956333160e+00 7.950885891914e-01 7.695546746254e-01
