VariationalSeries/SI/f77.grd
DSAA
101	101
32.816463539100	34.260883539100
35.556306596100	36.727886596100
1.274910522625e-03	2.317842102051e+02
[rows 57 to 75 of 101, columns 0 to 42 of 101]
7.183675467968e-02 1.179277151823e-01 1.293289065361e-01 1.295796632767e-01 1.312938779593e-01 1.610544919968e-01 1.807439774275e-01 1.985449045897e-01 2.152294665575e-01 2.203567922115e-01 2.202545553446e-01 3.085618615150e-01 5.275529026985e-01 2.884643673897e-01 2.057088166475e-01 3.086406588554e-01 2.768223881721e-01 3.224624395370e-01 3.906266987324e-01 3.950545489788e-01 4.047192633152e-01 3.147816061974e-01 2.167172878981e-01 1.909419894218e-01 2.076280564070e-01 2.872264087200e-01 4.559953510761e-01 5.628595352173e-01 4.269780218601e-01 2.552247643471e-01 2.033271193504e-01 1.604748368263e-01 1.679396629333e-01 2.068826705217e-01 2.427053451538e-01 3.073444664478e-01 3.557867407799e-01 3.799457848072e-01 6.218914389610e-01 8.344426155090e-01 7.252651453018e-01 6.503394246101e-01 7.322947978973e-01
9.148883819580e-02 1.496678739786e-01 1.707541793585e-01 1.733932942152e-01 1.718075871468e-01 1.674567759037e-01 1.656700223684e-01 1.738826036453e-01 1.814947873354e-01 2.956517636776e-01 9.563376903534e-01 1.106899738312e+00 4.137482941151e-01 2.143647372723e-01 2.153126597404e-01 1.966919302940e-01 2.152670174837e-01 2.139340639114e-01 2.529729306698e-01 3.200408220291e-01 3.889907598495e-01 4.165753424168e-01 2.926183342934e-01 1.824479550123e-01 2.105561345816e-01 3.201339840889e-01 4.807729423046e-01 5.134715437889e-01 5.227445960045e-01 3.343318700790e-01 2.018168717623e-01 1.846759915352e-01 1.759214550257e-01 2.142073065042e-01 2.531517148018e-01 2.624193429947e-01 2.693810462952e-01 2.762324213982e-01 2.764930129051e-01 2.984697222710e-01 3.695697188377e-01 5.104176402092e-01 5.910990238190e-01
1.218464970589e-01 2.001486569643e-01 2.351368963718e-01 3.360854387283e-01 4.232913553715e-01 5.305014848709e-01 6.931357979774e-01 1.010270953178e+00 1.864429593086e+00 2.645219087601e+00 1.763199090958e+00 4.488343894482e-01 3.084681332111e-01 2.704473733902e-01 1.973329484463e-01 2.023929059505e-01 2.134449928999e-01 2.093776911497e-01 2.059988826513e-01 2.228249162436e-01 3.752969503403e-01 4.259253442287e-01 3.034175336361e-01 1.760403364897e-01 1.365346014500e-01 2.097096890211e-01 2.961251735687e-01 3.136238455772e-01 3.178397417068e-01 2.607697546482e-01 1.848499178886e-01 1.925686448812e-01 1.834764629602e-01 2.064104527235e-01 2.489772140980e-01 2.582401633263e-01 2.461018711329e-01 2.257213741541e-01 2.032398730516e-01 2.277313619852e-01 2.946417331696e-01 3.735012710094e-01 5.044030547142e-01
1.190802529454e-01 2.371846437454e-01 3.960180282593e-01 5.462257266045e-01 6.767137646675e-01 8.845658302307e-01 1.276761054993e+00 1.904477834702e+00 1.919117212296e+00 8.905644416809e-01 2.213591188192e-01 2.577305436134e-01 2.796547710896e-01 2.482987195253e-01 2.176572829485e-01 2.282231450081e-01 2.281184941530e-01 2.184325307608e-01 1.756263375282e-01 1.744163185358e-01 2.702477872372e-01 3.018028140068e-01 2.250140309334e-01 1.419745236635e-01 1.099629923701e-01 1.190619468689e-01 1.593369841576e-01 1.970190256834e-01 2.226852774620e-01 1.981154382229e-01 1.814705282450e-01 1.682945042849e-01 1.800779849291e-01 1.996988952160e-01 2.393308877945e-01 2.454889118671e-01 2.224428504705e-01 1.905453652143e-01 1.755138188601e-01 1.945042163134e-01 2.826308310032e-01 3.476139605045e-01 4.620357453823e-01
7.254388183355e-02 1.263561397791e-01 1.542188972235e-01 1.622050255537e-01 1.625956445932e-01 1.621334850788e-01 1.610004305840e-01 1.578533798456e-01 1.552392840385e-01 1.522835493088e-01 1.432545036077e-01 1.508366018534e-01 1.596674770117e-01 2.041578441858e-01 2.292864769697e-01 2.391774654388e-01 2.297498583794e-01 2.036484777927e-01 1.506631672382e-01 1.235646605492e-01 1.513006687164e-01 1.570757925510e-01 1.244863271713e-01 9.292712062597e-02 8.228036761284e-02 8.789154142141e-02 1.118280813098e-01 1.346212923527e-01 1.642089933157e-01 1.770479232073e-01 1.678237020969e-01 1.501702070236e-01 1.724520176649e-01 2.086748182774e-01 2.487331330776e-01 2.409733384848e-01 2.005873918533e-01 1.603009402752e-01 1.774649173021e-01 1.980563402176e-01 2.835081219673e-01 3.521912693977e-01 4.338071644306e-01
3.440595045686e-02 6.405603885651e-02 8.289513736963e-02 9.142949432135e-02 9.481244534254e-02 9.770102798939e-02 1.004707589746e-01 1.025656089187e-01 1.058535650373e-01 1.091632172465e-01 1.071173176169e-01 1.007791459560e-01 9.901328384876e-02 1.312137246132e-01 1.540666073561e-01 1.619544774294e-01 1.470982581377e-01 1.307890415192e-01 1.105762794614e-01 9.650873392820e-02 8.082382380962e-02 7.541678100824e-02 6.251861900091e-02 6.914660334587e-02 8.148923516273e-02 8.567790687084e-02 9.250489622355e-02 1.118901446462e-01 1.387882977724e-01 1.521021127701e-01 1.501433551311e-01 1.419777721167e-01 1.714124083519e-01 2.297875583172e-01 2.669167518616e-01 2.414922565222e-01 1.816752552986e-01 1.590376347303e-01 1.814440339804e-01 2.056622356176e-01 2.738818228245e-01 3.236822187901e-01 3.721044361591e-01
2.329414524138e-02 3.923410177231e-02 4.893778264523e-02 5.635835975409e-02 6.062905862927e-02 6.442765891552e-02 6.806436926126e-02 7.113055139780e-02 7.485565543175e-02 7.865792512894e-02 7.918894290924e-02 7.665184885263e-02 7.374591380358e-02 7.111085206270e-02 7.104060798883e-02 8.053328096867e-02 8.491355180740e-02 8.377170562744e-02 7.689762860537e-02 7.314535230398e-02 6.563097983599e-02 6.153000518680e-02 5.381231382489e-02 7.017757743597e-02 8.642031252384e-02 9.462129324675e-02 9.408897906542e-02 9.370952099562e-02 1.144915744662e-01 1.275842338800e-01 1.309203058481e-01 1.302960515022e-01 1.732953935862e-01 2.419082522392e-01 2.671251595020e-01 2.238377332687e-01 1.588509976864e-01 1.593470424414e-01 1.891202926636e-01 2.116581350565e-01 2.470553368330e-01 2.838202118874e-01 2.903940379620e-01
1.899609714746e-02 3.207144141197e-02 4.040286689997e-02 4.503750056028e-02 4.732582345605e-02 4.978458955884e-02 5.160486698151e-02 5.215089023113e-02 5.472586676478e-02 5.691249668598e-02 5.738731101155e-02 5.643709376454e-02 5.549104511738e-02 5.420837178826e-02 5.574668198824e-02 6.402338296175e-02 6.805278360844e-02 6.718000024557e-02 6.216328963637e-02 5.778352543712e-02 6.352777779102e-02 6.159948930144e-02 5.303372070193e-02 6.988650560379e-02 8.806160837412e-02 9.916515648365e-02 1.004651859403e-01 9.732259809971e-02 1.006690263748e-01 1.105408146977e-01 1.153101846576e-01 1.199059933424e-01 1.716960668564e-01 2.357475459576e-01 2.432345449924e-01 1.923159062862e-01 1.497852504253e-01 1.623005270958e-01 1.973479092121e-01 2.077788412571e-01 2.183479070663e-01 2.356061041355e-01 2.158284485340e-01
1.872408390045e-02 2.998216822743e-02 3.798738494515e-02 4.162490367889e-02 4.316272586584e-02 4.453638195992e-02 4.506832361221e-02 4.419052973390e-02 4.321991279721e-02 4.381294548512e-02 4.368275031447e-02 4.533460736275e-02 4.668971523643e-02 4.780068993568e-02 4.912618547678e-02 5.184968933463e-02 5.545376241207e-02 5.550116300583e-02 5.606065317988e-02 5.522016435862e-02 5.821185186505e-02 6.070473417640e-02 5.385444313288e-02 6.609749048948e-02 8.337929844856e-02 9.487388283014e-02 9.686058014631e-02 9.552393853664e-02 1.010409444571e-01 1.041582450271e-01 1.062730997801e-01 1.115429177880e-01 1.604987382889e-01 2.110679298639e-01 2.056122422218e-01 1.648627221584e-01 1.440645307302e-01 1.733848303556e-01 1.991301327944e-01 1.937300413847e-01 1.894581466913e-01 1.904269754887e-01 1.739574670792e-01
1.748448237777e-02 2.774589322507e-02 3.477205336094e-02 3.783792257309e-02 3.913459926844e-02 4.014210030437e-02 4.030139744282e-02 3.947980701923e-02 3.841632232070e-02 4.072871804237e-02 4.321333020926e-02 4.547073692083e-02 4.747686162591e-02 4.917166009545e-02 5.072195082903e-02 5.223141610622e-02 5.335037410259e-02 5.354480445385e-02 5.250100791454e-02 5.245426297188e-02 5.249064788222e-02 5.841137468815e-02 5.517658591270e-02 5.990460142493e-02 7.449451088905e-02 8.461938798428e-02 9.834810346365e-02 1.076172962785e-01 1.082601398230e-01 1.049341857433e-01 1.027586311102e-01 1.037670224905e-01 1.407137811184e-01 1.755357980728e-01 1.685603708029e-01 1.464809775352e-01 1.550015658140e-01 1.757952421904e-01 1.877584457397e-01 1.698826551437e-01 1.583143174648e-01 1.500544995070e-01 1.486023217440e-01
1.607806608081e-02 2.546945586801e-02 3.186549991369e-02 3.478721156716e-02 3.601715341210e-02 3.658740222454e-02 3.636969253421e-02 3.567920625210e-02 3.546956181526e-02 3.851644322276e-02 4.128180816770e-02 4.389040172100e-02 4.629522934556e-02 4.831895232201e-02 4.990322515368e-02 5.095161125064e-02 5.147658661008e-02 5.666166543961e-02 5.776309594512e-02 5.351091921329e-02 4.907355085015e-02 5.348375812173e-02 5.451184138656e-02 5.379678681493e-02 6.546743214130e-02 7.381632179022e-02 8.959370851517e-02 1.042851209641e-01 1.078979372978e-01 1.045199558139e-01 1.004584133625e-01 1.006656512618e-01 1.121760904789e-01 1.360228955746e-01 1.337870508432e-01 1.239151358604e-01 1.336800903082e-01 1.485709995031e-01 1.535405814648e-01 1.333778351545e-01 1.239489763975e-01 1.149798259139e-01 1.123142838478e-01
1.489172503352e-02 2.362655475736e-02 2.968061529100e-02 3.259114921093e-02 3.365685790777e-02 3.375338390470e-02 3.326138481498e-02 3.276605159044e-02 3.348797187209e-02 3.466150909662e-02 3.750214725733e-02 4.020136222243e-02 4.270819574594e-02 4.482757300138e-02 4.637577757239e-02 4.960319399834e-02 5.438119918108e-02 6.116494536400e-02 6.411192566156e-02 6.229895353317e-02 5.694975703955e-02 5.057604238391e-02 5.151299014688e-02 5.215617269278e-02 5.823704600334e-02 6.490416824818e-02 6.679770350456e-02 8.102789521217e-02 9.180069714785e-02 9.518758207560e-02 9.422038495541e-02 9.686650335789e-02 9.971538931131e-02 1.021398752928e-01 9.927166998386e-02 9.616415202618e-02 1.040662601590e-01 1.186050027609e-01 1.269700378180e-01 1.052434220910e-01 9.297478944063e-02 8.299105614424e-02 9.283966571093e-02
1.402469445020e-02 2.231720648706e-02 2.814923785627e-02 3.090591542423e-02 3.163867816329e-02 3.140983730555e-02 3.090987727046e-02 3.075080923736e-02 3.103869035840e-02 3.211876377463e-02 3.257740288973e-02 3.519230708480e-02 3.760300949216e-02 3.967552632093e-02 4.250663891435e-02 4.711242765188e-02 5.509569495916e-02 6.283879280090e-02 6.805100291967e-02 6.957354396582e-02 6.759163737297e-02 6.346434354782e-02 5.849104374647e-02 5.390651151538e-02 5.263658612967e-02 5.811234563589e-02 5.909050256014e-02 5.784016847610e-02 7.090011239052e-02 8.139796555042e-02 8.833348006010e-02 9.340158849955e-02 9.636664390564e-02 9.260965883732e-02 8.422075212002e-02 8.262632042170e-02 9.223467856646e-02 1.122430115938e-01 1.308617442846e-01 1.185294017196e-01 8.780699968338e-02 7.819863408804e-02 8.880048990250e-02
1.368846744299e-02 2.174621820450e-02 2.732473239303e-02 2.974691428244e-02 3.012406267226e-02 2.972204796970e-02 2.961054258049e-02 2.997755818069e-02 2.995227091014e-02 3.035663254559e-02 3.009526617825e-02 3.295481950045e-02 3.624461218715e-02 3.965070098639e-02 4.265133291483e-02 4.794208332896e-02 5.578005313873e-02 6.367966532707e-02 7.075306773186e-02 7.510377466679e-02 7.578501105309e-02 7.381147891283e-02 7.049619406462e-02 6.711246818304e-02 6.511595845222e-02 6.387010961771e-02 6.156588345766e-02 5.933912470937e-02 7.006476074457e-02 7.862563431263e-02 8.501192182302e-02 9.076567739248e-02 9.370181709528e-02 8.741299808025e-02 8.387127518654e-02 8.252024650574e-02 9.283217787743e-02 1.082583069801e-01 1.257535219193e-01 1.149523109198e-01 8.926439285278e-02 7.769396156073e-02 8.826217055321e-02
1.388327404857e-02 2.193495444953e-02 2.730762585998e-02 2.941293269396e-02 2.953081205487e-02 2.896338328719e-02 2.912994660437e-02 2.891975454986e-02 2.912835963070e-02 2.919085323811e-02 3.086335770786e-02 3.395972400904e-02 3.698654100299e-02 3.985960409045e-02 4.216671362519e-02 4.911512136459e-02 5.794314667583e-02 6.625384092331e-02 7.426185160875e-02 8.005960285664e-02 8.191770315170e-02 8.063757419586e-02 7.756166160107e-02 7.374487072229e-02 7.061379402876e-02 6.756955385208e-02 6.254970282316e-02 5.967726930976e-02 6.852022558451e-02 7.596144825220e-02 8.232858777046e-02 8.839926123619e-02 9.032734483480e-02 8.295632153749e-02 8.489604294300e-02 8.825767785311e-02 9.477843344212e-02 1.047882214189e-01 1.134366840124e-01 1.003791168332e-01 8.445435017347e-02 7.196024060249e-02 8.170066773891e-02
1.420848164707e-02 2.237596735358e-02 2.764621563256e-02 2.956413105130e-02 2.953283488750e-02 2.880383841693e-02 2.965969219804e-02 3.049037605524e-02 3.096411377192e-02 3.104132786393e-02 3.078005835414e-02 3.262411057949e-02 3.682080656290e-02 4.117329046130e-02 4.254412651062e-02 4.792540520430e-02 5.902161821723e-02 6.855386495590e-02 7.610911875963e-02 8.089467138052e-02 8.196987956762e-02 7.975706458092e-02 7.559470832348e-02 7.069630920887e-02 6.610249727964e-02 6.151968240738e-02 5.511118471622e-02 5.952037870884e-02 6.710341572762e-02 7.379098236561e-02 7.985702902079e-02 8.487466722727e-02 8.484525978565e-02 7.910948991776e-02 8.523157238960e-02 1.032017022371e-01 9.721240401268e-02 1.061490327120e-01 1.018004491925e-01 8.682271093130e-02 7.621488720179e-02 6.570919603109e-02 7.394998520613e-02
1.399185042828e-02 2.196295186877e-02 2.697657421231e-02 2.874428965151e-02 2.870303206146e-02 2.853956073523e-02 2.930298820138e-02 2.967244200408e-02 2.976785600185e-02 2.959407307208e-02 3.039740584791e-02 3.415515273809e-02 3.975982964039e-02 4.451779648662e-02 4.590820893645e-02 4.485515132546e-02 5.624744296074e-02 6.595046818256e-02 7.142874598503e-02 7.341565191746e-02 7.245516777039e-02 6.855069100857e-02 6.329980492592e-02 5.871911346912e-02 5.499700456858e-02 5.174194648862e-02 5.239381641150e-02 5.894728004932e-02 6.562880426645e-02 7.161854952574e-02 7.682601362467e-02 7.969976961613e-02 7.747177779675e-02 7.577637583017e-02 8.715210109949e-02 9.525250643492e-02 9.613279253244e-02 1.064836010337e-01 1.028550639749e-01 8.419177681208e-02 7.232123613358e-02 6.651359796524e-02 7.159561663866e-02
1.282346248627e-02 1.999812386930e-02 2.441663853824e-02 2.595379017293e-02 2.831095643342e-02 2.948489971459e-02 2.892293035984e-02 2.734717540443e-02 2.581605128944e-02 2.825958281755e-02 3.091442957520e-02 3.577643632889e-02 4.230506718159e-02 4.723612219095e-02 4.858724400401e-02 4.771699383855e-02 5.140309780836e-02 5.964764952660e-02 6.273523718119e-02 6.211038306355e-02 5.909952521324e-02 5.365592986345e-02 5.200879648328e-02 6.171554699540e-02 6.275444477797e-02 6.033889576793e-02 5.926784873009e-02 5.961373448372e-02 6.369853019714e-02 6.888672709465e-02 7.250365614891e-02 7.262947410345e-02 6.825041025877e-02 6.990236043930e-02 7.953724265099e-02 1.110873669386e-01 9.757749736309e-02 1.365001201630e-01 1.213391497731e-01 1.022601276636e-01 8.677060157061e-02 7.154285907745e-02 8.034419268370e-02
1.356502994895e-02 1.998481340706e-02 2.450762689114e-02 2.842746116221e-02 3.126100078225e-02 3.189737349749e-02 3.094947896898e-02 2.920843102038e-02 2.719291672111e-02 2.846640907228e-02 3.161003440619e-02 3.748523443937e-02 4.469222575426e-02 4.970423877239e-02 5.103114619851e-02 5.017245188355e-02 4.714597016573e-02 5.429371818900e-02 5.639075487852e-02 5.910658091307e-02 7.991396635771e-02 7.309549301863e-02 5.644131824374e-02 6.432816386223e-02 6.261055171490e-02 5.784854292870e-02 5.508746951818e-02 5.610416829586e-02 6.141394004226e-02 6.539942324162e-02 6.679078191519e-02 6.421998143196e-02 5.846429988742e-02 6.272473186255e-02 6.926945596933e-02 9.838517755270e-02 1.254320740700e-01 1.973818093538e-01 1.827957630157e-01 1.207912266254e-01 9.447263181210e-02 8.501983433962e-02 1.027124896646e-01
