VariationalSeries/SI/f77.grd
DSAA
101	101
32.816463539100	34.260883539100
35.556306596100	36.727886596100
1.274910522625e-03	2.317842102051e+02
[rows 38 to 56 of 101, columns 43 to 85 of 101]
1.356678962708e+01 2.088510513306e+01 2.287524986267e+01 1.288300037384e+01 2.252136421204e+01 1.110953521729e+01 1.110512638092e+01 1.547364044189e+01 1.292830657959e+01 1.043070316315e+01 1.516342163086e+01 7.935431957245e+00 8.874356269836e+00 7.584767341614e+00 1.156918334961e+01 8.533696174622e+00 8.958932876587e+00 5.307666778564e+00 7.071575641632e+00 1.065288639069e+01 1.078949737549e+01 8.233960151672e+00 5.669099330902e+00 4.492598533630e+00 3.879201412201e+00 3.425211906433e+00 3.321838855743e+00 3.402225732803e+00 3.029697179794e+00 2.276751756668e+00 2.241794109344e+00 2.650927543640e+00 3.026968002319e+00 3.110709667206e+00 3.151329278946e+00 3.154781103134e+00 3.103325843811e+00 2.864035606384e+00 2.540378093719e+00 2.260773420334e+00 2.033993959427e+00 1.981769919395e+00 1.721544981003e+00
1.340764141083e+01 2.787958145142e+01 1.846755027771e+01 2.575150871277e+01 1.837957954407e+01 2.522401237488e+01 2.202975082397e+01 1.356765651703e+01 1.353955268860e+01 1.048036766052e+01 1.732990837097e+01 1.148383140564e+01 7.069567203522e+00 8.520359039307e+00 1.544060611725e+01 9.046066284180e+00 1.052872753143e+01 1.637016105652e+01 1.460127544403e+01 9.840266227722e+00 6.605697631836e+00 4.512512683868e+00 4.216707229614e+00 3.729152679443e+00 3.704874277115e+00 3.550734519958e+00 3.115643501282e+00 2.719306945801e+00 2.447837829590e+00 2.419267892838e+00 2.652371644974e+00 2.488905668259e+00 2.040648221970e+00 1.788396716118e+00 1.729565739632e+00 1.492407917976e+00 1.536704897881e+00 1.689969182014e+00 1.858504414558e+00 2.054683923721e+00 2.223686695099e+00 2.875315904617e+00 2.975274324417e+00
1.940534019470e+01 1.392350769043e+01 2.457597160339e+01 1.899666595459e+01 2.074250030518e+01 2.681372261047e+01 1.648457908630e+01 1.507135105133e+01 1.088470840454e+01 1.122487354279e+01 1.868027496338e+01 1.040763187408e+01 1.055296993256e+01 1.031859970093e+01 1.259438991547e+01 2.029398155212e+01 1.380710315704e+01 7.058438777924e+00 6.567243576050e+00 4.374547958374e+00 3.374572277069e+00 4.717557430267e+00 6.210602760315e+00 5.571431636810e+00 4.043176174164e+00 3.484675884247e+00 3.411916971207e+00 3.147763490677e+00 2.718232631683e+00 2.524412155151e+00 2.369723558426e+00 2.460177659988e+00 2.353602647781e+00 2.187239408493e+00 2.153038501740e+00 2.261057376862e+00 2.230085134506e+00 2.024182081223e+00 2.540457963943e+00 3.472681283951e+00 2.868388652802e+00 2.091920137405e+00 1.810694694519e+00
2.198142623901e+01 1.988702964783e+01 3.223941421509e+01 2.719202232361e+01 2.624899101257e+01 2.860608100891e+01 2.645658111572e+01 1.446090221405e+01 1.621140098572e+01 1.576010227203e+01 1.794777870178e+01 1.486020851135e+01 1.361122417450e+01 2.320537376404e+01 1.494359016418e+01 1.081399917603e+01 9.349465370178e+00 7.539723396301e+00 5.530980587006e+00 8.513235092163e+00 9.184389114380e+00 4.968385696411e+00 7.784883499146e+00 6.043480873108e+00 5.429183483124e+00 4.778853893280e+00 4.213788509369e+00 3.762033224106e+00 3.383247375488e+00 3.171142339706e+00 5.880257606506e+00 2.490346670151e+00 2.384279966354e+00 2.250177621841e+00 2.970567226410e+00 3.674511194229e+00 3.227333545685e+00 3.704727649689e+00 3.095966815948e+00 3.389768600464e+00 3.415976285934e+00 3.337427854538e+00 3.062474966049e+00
2.115744972229e+01 2.871947669983e+01 2.529787635803e+01 2.519620704651e+01 2.324976921082e+01 3.066966056824e+01 4.568218231201e+01 2.071855926514e+01 2.314319229126e+01 2.372654151917e+01 2.080610466003e+01 2.036804389954e+01 2.494136047363e+01 1.399391174316e+01 1.500656223297e+01 8.478966712952e+00 1.106696605682e+01 1.479278659821e+01 1.167059898376e+01 1.156776237488e+01 1.196432971954e+01 7.983045101166e+00 4.879426956177e+00 4.731207370758e+00 4.380192279816e+00 4.309836387634e+00 4.998649120331e+00 8.596870422363e+00 1.026676940918e+01 9.059419631958e+00 4.453444004059e+00 3.224700927734e+00 3.053254127502e+00 3.534158945084e+00 4.237679004669e+00 4.289391517639e+00 3.910982131958e+00 3.503540277481e+00 2.542707920074e+00 3.156817436218e+00 3.765369415283e+00 3.756110191345e+00 3.611040353775e+00
2.496795082092e+01 3.642109298706e+01 5.902207565308e+01 3.718609237671e+01 5.790872192383e+01 3.152685356140e+01 7.238510131836e+01 2.064319992065e+01 3.819588470459e+01 2.986562919617e+01 2.510162544250e+01 2.576587486267e+01 1.402368259430e+01 1.730611038208e+01 1.896529960632e+01 1.857901382446e+01 1.159564399719e+01 6.948767185211e+00 1.495072937012e+01 1.292213726044e+01 7.120656490326e+00 6.479317188263e+00 6.017348766327e+00 1.090030288696e+01 1.335046291351e+01 1.175516796112e+01 7.817111492157e+00 5.771042346954e+00 6.254689693451e+00 3.987429141998e+00 3.040083169937e+00 4.556325435638e+00 5.668402194977e+00 5.101473331451e+00 4.528140544891e+00 6.013249397278e+00 7.131489753723e+00 6.379537582397e+00 4.577880859375e+00 3.292310953140e+00 4.108847618103e+00 4.510546207428e+00 4.754863262177e+00
3.107028579712e+01 3.894949722290e+01 4.614294433594e+01 6.035117721558e+01 5.050259399414e+01 5.230214309692e+01 8.610092926025e+01 3.426342010498e+01 4.041274642944e+01 3.203516006470e+01 3.106974792480e+01 1.853133773804e+01 1.921043395996e+01 2.394426727295e+01 1.882566642761e+01 1.370588874817e+01 1.960951995850e+01 1.826529884338e+01 1.422198200226e+01 1.798279762268e+01 1.816807365417e+01 1.570887756348e+01 1.120137119293e+01 6.235644817352e+00 6.822764873505e+00 6.136690616608e+00 4.958549022675e+00 5.094129085541e+00 5.312387943268e+00 5.704309463501e+00 5.557510852814e+00 4.752975463867e+00 4.567089080811e+00 3.843796014786e+00 6.910603046417e+00 8.448603630066e+00 7.924547672272e+00 5.841923713684e+00 3.546365261078e+00 2.266005277634e+00 3.106494426727e+00 3.568589925766e+00 3.291424751282e+00
2.899445533752e+01 4.222283172607e+01 5.080234146118e+01 4.915916442871e+01 7.276590728760e+01 5.565016937256e+01 8.885691833496e+01 4.821692276001e+01 4.167091751099e+01 4.592018127441e+01 3.553812408447e+01 2.249195861816e+01 2.304747772217e+01 2.428801918030e+01 1.439962100983e+01 2.067339897156e+01 2.661199760437e+01 1.850628471375e+01 1.070531177521e+01 1.054479217529e+01 9.284973144531e+00 7.421299457550e+00 7.133544445038e+00 7.739352226257e+00 7.743401527405e+00 6.847240447998e+00 5.999835014343e+00 5.864900588989e+00 4.859824657440e+00 5.448362350464e+00 5.068855285645e+00 4.630623340607e+00 3.230822324753e+00 5.807294368744e+00 6.937395572662e+00 6.581785202026e+00 4.605257034302e+00 2.536514997482e+00 3.493825197220e+00 3.297784328461e+00 2.480150222778e+00 2.215559482574e+00 2.394922494888e+00
4.363103485107e+01 5.991429901123e+01 6.158279800415e+01 6.876759338379e+01 7.544979858398e+01 9.485237121582e+01 9.004549407959e+01 1.678354034424e+02 6.255093383789e+01 3.957796096802e+01 3.623841857910e+01 3.338428497314e+01 2.805815887451e+01 4.252344894409e+01 3.713212203979e+01 2.174030876160e+01 1.964233970642e+01 2.026936912537e+01 1.477817344666e+01 1.345497703552e+01 1.330627822876e+01 1.263443374634e+01 1.316951465607e+01 9.785058021545e+00 1.288741302490e+01 1.140919017792e+01 7.163998603821e+00 6.519878387451e+00 6.579122066498e+00 6.118493556976e+00 5.224496841431e+00 5.042846679688e+00 5.197288990021e+00 5.992632389069e+00 5.574312686920e+00 4.285291671753e+00 3.348292589188e+00 3.012030363083e+00 2.933432340622e+00 2.899112701416e+00 2.831153392792e+00 2.724438428879e+00 2.611185073853e+00
2.864103507996e+01 7.891326141357e+01 5.613436126709e+01 6.945024108887e+01 1.107202758789e+02 9.343672943115e+01 1.099831237793e+02 1.257778930664e+02 6.239088439941e+01 5.891667556763e+01 7.581891632080e+01 4.762132263184e+01 5.886861801147e+01 4.600307083130e+01 3.825268554688e+01 3.316006851196e+01 2.804967117310e+01 2.416953468323e+01 2.124790954590e+01 2.982030296326e+01 3.460839843750e+01 1.436612415314e+01 9.239759445190e+00 9.148209571838e+00 1.282411289215e+01 8.290458679199e+00 7.206681728363e+00 7.006635189056e+00 6.331591129303e+00 6.014268875122e+00 5.766832351685e+00 5.952082157135e+00 6.296821594238e+00 5.385143756866e+00 4.124849796295e+00 3.940466642380e+00 3.723070383072e+00 2.963008880615e+00 2.926211118698e+00 2.850170850754e+00 2.631558895111e+00 2.696211099625e+00 2.829385995865e+00
7.309519195557e+01 8.758688354492e+01 9.898638916016e+01 1.051587905884e+02 1.257289657593e+02 1.742214660645e+02 2.317842102051e+02 1.014162902832e+02 8.262100219727e+01 6.021859359741e+01 8.559095001221e+01 8.570088958740e+01 3.152491760254e+01 4.982247543335e+01 5.484225082397e+01 2.754930686951e+01 2.483515930176e+01 2.605925941467e+01 2.843299293518e+01 3.306634902954e+01 2.522229385376e+01 1.152344322205e+01 1.207063198090e+01 1.031964778900e+01 9.433927536011e+00 8.090605735779e+00 7.852711677551e+00 7.787683486938e+00 6.474146366119e+00 4.496750831604e+00 4.131405353546e+00 4.508634090424e+00 4.851562023163e+00 4.978333473206e+00 4.788406372070e+00 4.574049949646e+00 4.069202423096e+00 4.198385238647e+00 4.665693759918e+00 4.763679027557e+00 4.253100395203e+00 3.681989669800e+00 3.207357406616e+00
5.013098144531e+01 8.926395416260e+01 9.366168212891e+01 1.198764190674e+02 1.202194671631e+02 1.183716278076e+02 1.171985092163e+02 9.214873504639e+01 6.542425537109e+01 7.410440063477e+01 7.078418731689e+01 7.322644042969e+01 8.919277954102e+01 3.802368545532e+01 3.363792037964e+01 2.088951110840e+01 1.874104499817e+01 1.311065196991e+01 1.227827930450e+01 1.036313438416e+01 8.983190536499e+00 1.014574909210e+01 1.246637630463e+01 1.429492950439e+01 1.456761550903e+01 1.268901920319e+01 9.873500823975e+00 6.826677799225e+00 4.733980655670e+00 3.902009010315e+00 3.412251710892e+00 3.746426343918e+00 4.831431388855e+00 3.191664218903e+00 3.655094146729e+00 3.980432987213e+00 3.172768115997e+00 3.916204690933e+00 4.616641998291e+00 4.881034374237e+00 5.521706104279e+00 6.913611888885e+00 7.831234455109e+00
1.950715065002e+01 2.710423851013e+01 4.291095733643e+01 2.013980407715e+02 1.086374130249e+02 1.041576385498e+02 5.915975189209e+01 6.027527999878e+01 5.580855941772e+01 8.755162048340e+01 8.344100952148e+01 1.196150360107e+02 1.700554962158e+02 1.228699264526e+02 7.892081451416e+01 3.602658843994e+01 1.683814811707e+01 1.189722347260e+01 1.127803897858e+01 1.494415950775e+01 1.948216056824e+01 1.799489784241e+01 1.323569393158e+01 8.477800369263e+00 9.385022163391e+00 8.806591987610e+00 1.229709243774e+01 1.817667770386e+01 8.405521392822e+00 4.624328613281e+00 4.323702812195e+00 7.080185413361e+00 4.542148113251e+00 2.808662414551e+00 2.568353891373e+00 2.637748956680e+00 2.676924943924e+00 2.750089406967e+00 2.794230699539e+00 2.787210226059e+00 2.786919355392e+00 3.074896335602e+00 2.686492204666e+00
3.582753419876e+00 8.616078376770e+00 2.105200195312e+01 2.761436843872e+01 2.865707778931e+01 2.801074790955e+01 2.164990806580e+01 3.069392967224e+01 2.954077720642e+01 4.854156875610e+01 9.850181579590e+01 1.113546600342e+02 1.527391510010e+02 8.346665954590e+01 6.004660415649e+01 3.360814666748e+01 1.526869773865e+01 7.986779212952e+00 8.981423377991e+00 1.868281555176e+01 5.924989318848e+01 2.486618232727e+01 2.122206687927e+01 1.636329841614e+01 1.661109542847e+01 1.421661376953e+01 1.485201454163e+01 1.037122058868e+01 5.398437976837e+00 7.152703762054e+00 6.044554233551e+00 5.885500431061e+00 3.685827255249e+00 3.355257987976e+00 2.347407341003e+00 2.076527833939e+00 2.161221265793e+00 2.118302822113e+00 2.285804510117e+00 2.176192522049e+00 2.828180074692e+00 3.316415786743e+00 3.204416036606e+00
2.328434944153e+00 4.412142276764e+00 1.352312278748e+01 8.083191871643e+00 6.750082492828e+00 5.612360477448e+00 8.674176216125e+00 1.402602958679e+01 1.464031887054e+01 1.557076454163e+01 4.460227966309e+01 2.089056549072e+02 1.731375122070e+02 7.746331024170e+01 3.647462081909e+01 1.061815452576e+01 6.129545211792e+00 4.016580104828e+00 4.967137336731e+00 1.290985202789e+01 2.951289939880e+01 5.107992935181e+01 2.541006660461e+01 1.927579498291e+01 1.517952346802e+01 1.136285781860e+01 1.196399021149e+01 1.117969512939e+01 9.786581993103e+00 8.872928619385e+00 1.074062442780e+01 4.699619770050e+00 4.286273002625e+00 3.482372283936e+00 3.576860189438e+00 3.341738700867e+00 2.812930822372e+00 2.318682193756e+00 2.717210769653e+00 3.133168697357e+00 3.665792465210e+00 3.604883670807e+00 3.072159051895e+00
1.584470391273e+00 6.608755111694e+00 1.523040008545e+01 1.469538211823e+01 2.874111652374e+00 3.400355100632e+00 3.289489030838e+00 6.540418148041e+00 1.052813434601e+01 2.059284210205e+01 2.890860557556e+01 5.936271286011e+01 1.234284591675e+02 8.574278259277e+01 1.149514770508e+02 2.773907661438e+01 3.498714208603e+00 2.185531616211e+00 3.428938627243e+00 1.221250820160e+01 3.352188491821e+01 5.381427764893e+01 4.073768234253e+01 2.761261177063e+01 1.916972160339e+01 1.208462142944e+01 1.377987289429e+01 1.013093185425e+01 9.891276359558e+00 9.827799797058e+00 8.099110603333e+00 6.453423500061e+00 4.544600009918e+00 4.893099308014e+00 4.482724666595e+00 3.436173200607e+00 3.188741445541e+00 2.912723302841e+00 2.710675239563e+00 3.160914659500e+00 3.460668325424e+00 3.360171318054e+00 2.973250627518e+00
1.408172726631e+00 3.398988962173e+00 2.252392768860e+01 2.805724143982e+01 1.530770683289e+01 2.261080980301e+00 1.757360577583e+00 3.218897581100e+00 3.201482295990e+00 2.743690252304e+00 2.275535345078e+00 9.505845069885e+00 4.140566635132e+01 2.586029052734e+01 1.373397369385e+02 1.767425918579e+01 9.920758247375e+00 3.887387037277e+00 3.063550472260e+00 9.897413253784e+00 1.900171852112e+01 1.714590911865e+02 5.503155136108e+01 2.325351524353e+01 2.330431175232e+01 1.240556716919e+01 1.326869869232e+01 1.128238010406e+01 1.572737979889e+01 1.205000686646e+01 6.898094177246e+00 6.949240207672e+00 6.408747196198e+00 6.093242168427e+00 5.975624561310e+00 4.762828826904e+00 4.856973648071e+00 5.355985641479e+00 3.456959247589e+00 2.662881851196e+00 2.638625144958e+00 2.599062442780e+00 2.858133077621e+00
9.035839438438e-01 1.524981379509e+00 1.921139717102e+00 1.113303375244e+01 7.052766323090e+00 1.599475979805e+00 1.358342170715e+00 1.584157943726e+00 1.499806642532e+00 1.421863079071e+00 1.029749393463e+00 1.148355126381e+00 3.464491605759e+00 2.411750602722e+01 6.604150390625e+01 1.669501495361e+01 1.321627521515e+01 5.976840496063e+00 3.548570632935e+00 6.972843647003e+00 8.576228141785e+00 1.134039211273e+01 1.071765422821e+01 8.146744728088e+00 1.135356998444e+01 1.895782279968e+01 1.635952949524e+01 1.628928375244e+01 1.071027851105e+01 1.356722164154e+01 1.413001728058e+01 1.227962970734e+01 8.431934356689e+00 6.333583354950e+00 6.009743213654e+00 5.243800163269e+00 4.480538368225e+00 4.683502674103e+00 4.547127246857e+00 3.014014720917e+00 2.492085218430e+00 2.558221817017e+00 2.635690212250e+00
9.767652750015e-01 1.533968210220e+00 1.012250185013e+00 1.181239604950e+00 1.209142565727e+00 1.392022609711e+00 1.246185064316e+00 1.164490580559e+00 1.105969190598e+00 8.512544035912e-01 6.010622382164e-01 4.884225428104e-01 8.145253658295e-01 2.389122772217e+01 3.584440231323e+01 4.408491134644e+01 1.099308300018e+01 1.299900817871e+01 1.183511924744e+01 3.991132736206e+00 4.400829315186e+00 8.271041870117e+00 2.262290954590e+01 2.225576591492e+01 2.890017509460e+01 2.893114089966e+01 2.698077774048e+01 2.533402633667e+01 2.379312133789e+01 2.251380729675e+01 2.382279396057e+01 2.908294296265e+01 2.483921813965e+01 1.009771919250e+01 4.067446708679e+00 4.870034217834e+00 5.328260898590e+00 3.686259984970e+00 3.729289293289e+00 2.632172107697e+00 2.667827606201e+00 1.911008358002e+00 2.167546510696e+00
