VariationalSeries/SI/f77.grd
DSAA
101	101
32.816463539100	34.260883539100
35.556306596100	36.727886596100
1.274910522625e-03	2.317842102051e+02
[rows 0 to 18 of 101, columns 0 to 42 of 101]
1.971246749163e-01 3.520255088806e-01 3.117114007473e-01 1.866082698107e-01 1.620426923037e-01 2.123377621174e-01 4.212080538273e-01 5.848321914673e-01 5.210720896721e-01 3.097228407860e-01 1.923708915710e-01 2.210235446692e-01 2.345956563950e-01 2.264608591795e-01 1.941770911217e-01 2.941742539406e-01 4.417459368706e-01 5.121574997902e-01 3.666219413280e-01 2.355658560991e-01 2.726538479328e-01 2.949140369892e-01 2.111719250679e-01 1.892077475786e-01 2.043085545301e-01 2.791168689728e-01 4.163592457771e-01 4.759164154530e-01 6.311930418015e-01 5.040896534920e-01 3.707135915756e-01 3.485029041767e-01 3.026457428932e-01 2.403029650450e-01 1.944636851549e-01 1.887267827988e-01 1.739536523819e-01 2.353898435831e-01 3.293599188328e-01 3.769549429417e-01 3.154520392418e-01 2.729656398296e-01 2.600309848785e-01
3.650934696198e-01 6.885790228844e-01 6.749450564384e-01 4.712480604649e-01 3.387881815434e-01 4.105976521969e-01 8.108727335930e-01 1.116841197014e+00 9.841251373291e-01 5.707769989967e-01 3.306420445442e-01 3.779906630516e-01 3.991030454636e-01 3.798954784870e-01 3.270429372787e-01 4.387445151806e-01 6.970779895782e-01 9.125230908394e-01 8.259037137032e-01 4.944377243519e-01 4.975686669350e-01 7.696030139923e-01 4.064967632294e-01 3.687795400620e-01 4.216050803661e-01 5.457302927971e-01 6.983429193497e-01 7.982349991798e-01 1.200344681740e+00 9.364768862724e-01 6.031763553619e-01 5.467895865440e-01 5.465126633644e-01 4.102961122990e-01 4.417134821415e-01 4.622987508774e-01 4.655676484108e-01 5.228059291840e-01 6.560590267181e-01 6.592960357666e-01 4.875862300396e-01 4.927291572094e-01 5.381284952164e-01
3.580266833305e-01 7.341238260269e-01 8.225057721138e-01 7.039664983749e-01 4.525620043278e-01 4.744955301285e-01 9.392825365067e-01 1.270856857300e+00 1.084267854691e+00 5.914635062218e-01 4.182274937630e-01 4.713459312916e-01 4.868706166744e-01 4.504290521145e-01 3.709230720997e-01 3.519972562790e-01 4.603638052940e-01 6.860972046852e-01 7.839747667313e-01 6.384555697441e-01 7.954254150391e-01 1.190127849579e+00 5.236828327179e-01 4.576348662376e-01 5.616503357887e-01 6.795929670334e-01 7.053409218788e-01 7.262437343597e-01 1.400367975235e+00 1.051169872284e+00 5.858257412910e-01 5.024874806404e-01 7.468523383141e-01 3.988485932350e-01 4.152627587318e-01 4.771336019039e-01 6.010438203812e-01 7.599723339081e-01 7.935721874237e-01 6.570484638214e-01 6.658374071121e-01 4.578444659710e-01 6.039288640022e-01
3.214108347893e-01 7.052674889565e-01 8.343290090561e-01 8.519994020462e-01 6.844977140427e-01 4.864734709263e-01 9.829279780388e-01 1.301875352859e+00 1.049280047417e+00 5.088921189308e-01 4.637401998043e-01 5.117077231407e-01 5.094016194344e-01 4.532312154770e-01 3.604859709740e-01 3.599905669689e-01 3.430305123329e-01 4.006746709347e-01 5.201507210732e-01 6.044615507126e-01 1.334235429764e+00 1.515105247498e+00 5.912228226662e-01 5.035960078239e-01 6.208517551422e-01 7.115835547447e-01 6.807876229286e-01 6.754350066185e-01 1.404562950134e+00 1.023385047913e+00 5.222036838531e-01 4.291120171547e-01 8.604217171669e-01 4.590598046780e-01 4.693407118320e-01 6.623729467392e-01 8.180975317955e-01 8.515470027924e-01 7.203999757767e-01 8.349341750145e-01 8.046985864639e-01 4.997525215149e-01 5.545498132706e-01
3.147589266300e-01 6.757235527039e-01 7.981418371201e-01 8.778304457664e-01 8.392457365990e-01 5.930417776108e-01 1.004559278488e+00 1.302792191505e+00 9.856436848640e-01 4.299815893173e-01 4.982995688915e-01 5.301825404167e-01 5.231108069420e-01 5.211458206177e-01 4.791201651096e-01 4.054554998875e-01 3.794827759266e-01 3.754407763481e-01 5.499521493912e-01 1.108636736870e+00 1.854440927505e+00 1.665468931198e+00 6.358006000519e-01 7.059969305992e-01 6.225041151047e-01 6.965960860252e-01 6.250205039978e-01 6.731823682785e-01 1.331246376038e+00 9.652086496353e-01 6.171392202377e-01 4.874747693539e-01 9.169527888298e-01 5.266217589378e-01 7.373223900795e-01 8.811478614807e-01 8.899293541908e-01 7.509533762932e-01 5.171732902527e-01 8.584685921669e-01 9.933420419693e-01 6.684556603432e-01 4.402932524681e-01
2.909386157990e-01 5.912618041039e-01 7.133473753929e-01 7.755028605461e-01 8.589959740639e-01 7.145505547523e-01 1.005689620972e+00 1.263662099838e+00 8.906250000000e-01 4.734670519829e-01 5.300920009613e-01 5.911806225777e-01 6.303572058678e-01 6.108627915382e-01 5.506278276443e-01 4.495288133621e-01 3.641171753407e-01 3.963522911072e-01 8.736871480942e-01 1.578841686249e+00 2.157960414886e+00 1.646474242210e+00 7.063867449760e-01 1.075616598129e+00 6.622196435928e-01 6.544285416603e-01 5.608216524124e-01 7.273796796799e-01 1.192569494247e+00 9.598652124405e-01 6.230033636093e-01 5.071470141411e-01 1.062137603760e+00 7.881051301956e-01 9.337832927704e-01 9.222599267960e-01 7.652671337128e-01 5.295152068138e-01 5.834937691689e-01 8.097850680351e-01 1.218021512032e+00 7.776634097099e-01 4.220353066921e-01
3.673083186150e-01 6.518400907516e-01 6.084140539169e-01 6.021550297737e-01 7.436302304268e-01 7.193318605423e-01 9.920074939728e-01 1.210623264313e+00 8.014285564423e-01 5.229729413986e-01 5.942617654800e-01 6.762019991875e-01 6.860125064850e-01 6.392351984978e-01 5.457514524460e-01 5.060429573059e-01 4.869251549244e-01 6.070175170898e-01 1.177263021469e+00 1.885584115982e+00 2.236115217209e+00 1.505628943443e+00 9.016455411911e-01 1.364424228668e+00 9.602999687195e-01 6.046624183655e-01 5.318939089775e-01 1.344621896744e+00 1.890686154366e+00 1.225148797035e+00 6.902866363525e-01 5.921352505684e-01 1.165555596352e+00 9.241687059402e-01 9.230649471283e-01 7.661978602409e-01 5.342951416969e-01 5.857349038124e-01 8.485793471336e-01 1.070868849754e+00 1.253738641739e+00 9.079384207726e-01 4.469463527203e-01
3.738219439983e-01 7.467778921127e-01 7.708910703659e-01 5.578284263611e-01 5.399982333183e-01 6.038766503334e-01 9.803316593170e-01 1.186394095421e+00 7.483756542206e-01 5.664234161377e-01 6.701728701591e-01 7.158651351929e-01 6.935107707977e-01 6.137229204178e-01 5.610668063164e-01 6.493405103683e-01 7.242203354836e-01 7.993091344833e-01 1.440039992332e+00 2.044839620590e+00 2.196351528168e+00 1.355040311813e+00 9.811495542526e-01 1.501463770866e+00 1.169131517410e+00 7.461684942245e-01 5.364009141922e-01 2.040558338165e+00 2.647803783417e+00 1.439675807953e+00 7.541629672050e-01 6.778702139854e-01 1.149241089821e+00 8.493564724922e-01 8.242370486259e-01 5.861729979515e-01 5.618952512741e-01 8.367089629173e-01 1.104957103729e+00 1.220255017281e+00 1.105775475502e+00 1.149901509285e+00 5.064602494240e-01
3.244856894016e-01 7.082541584969e-01 8.793024420738e-01 7.994812726974e-01 5.363112688065e-01 5.268814563751e-01 9.716265201569e-01 1.178557634354e+00 7.220182418823e-01 6.378354430199e-01 7.101206779480e-01 7.181677818298e-01 6.592158675194e-01 5.624858736992e-01 5.940528512001e-01 6.914870142937e-01 9.367688298225e-01 9.556185603142e-01 1.585718989372e+00 2.013428211212e+00 1.995349407196e+00 1.178602337837e+00 1.004598498344e+00 1.437009215355e+00 1.262150406837e+00 8.627841472626e-01 6.779713034630e-01 2.629972219467e+00 3.088139057159e+00 1.589387059212e+00 8.386100530624e-01 6.471140980721e-01 1.165044188499e+00 7.672653198242e-01 9.045093655586e-01 8.677818775177e-01 8.403401970863e-01 1.126644730568e+00 1.295852780342e+00 1.225332856178e+00 9.009044766426e-01 1.429007887840e+00 5.928441882133e-01
3.335056602955e-01 5.903434753418e-01 8.315566778183e-01 9.401738047600e-01 8.014443516731e-01 5.483521819115e-01 9.755405187607e-01 1.178628087044e+00 7.069373726845e-01 6.743180155754e-01 7.119517326355e-01 6.833609342575e-01 7.392811775208e-01 8.058140873909e-01 8.435978293419e-01 8.563176989555e-01 1.017978787422e+00 1.101642608643e+00 1.629422545433e+00 1.867987394333e+00 1.730873584747e+00 1.007519602776e+00 9.106726050377e-01 1.257176518440e+00 1.219742894173e+00 8.875267505646e-01 7.343605756760e-01 2.983250617981e+00 3.280677318573e+00 1.650106072426e+00 7.351653575897e-01 5.702256560326e-01 1.262794375420e+00 7.613508105278e-01 9.258439540863e-01 9.054433703423e-01 1.169964671135e+00 1.347307920456e+00 1.318720102310e+00 1.056960940361e+00 7.770092487335e-01 1.555148005486e+00 7.775575518608e-01
3.365597128868e-01 6.733479499817e-01 6.951405405998e-01 9.022346138954e-01 9.858093261719e-01 7.925578355789e-01 9.681873321533e-01 1.161622405052e+00 6.851584911346e-01 6.810905337334e-01 7.428626418114e-01 8.695986270905e-01 9.648518562317e-01 1.018485903740e+00 1.044139266014e+00 1.054630517960e+00 1.044887304306e+00 1.348424196243e+00 1.888520479202e+00 1.999308466911e+00 1.679435014725e+00 1.240348339081e+00 8.693994283676e-01 1.073062300682e+00 1.100627064705e+00 7.912709712982e-01 8.542062044144e-01 3.147041559219e+00 3.356513023376e+00 1.619445681572e+00 6.942460536957e-01 6.078479290009e-01 1.236139774323e+00 7.791533470154e-01 1.034480452538e+00 1.254728913307e+00 1.399782538414e+00 1.373681068420e+00 1.140258789062e+00 8.754354119301e-01 8.811625838280e-01 1.497483253479e+00 1.011875987053e+00
2.859884798527e-01 6.016673445702e-01 7.194746136665e-01 7.540291547775e-01 9.762784242630e-01 1.027843475342e+00 9.400495290756e-01 1.120986819267e+00 6.623284220695e-01 8.011204600334e-01 9.320338964462e-01 1.039205431938e+00 1.113222360611e+00 1.156285405159e+00 1.171942830086e+00 1.171351194382e+00 1.160814881325e+00 1.797474741936e+00 2.453207731247e+00 2.544600248337e+00 2.189864158630e+00 1.714374184608e+00 1.253217458725e+00 9.108284711838e-01 1.223884582520e+00 1.172976374626e+00 1.043035030365e+00 3.021225690842e+00 2.973610877991e+00 1.476635456085e+00 8.616002202034e-01 1.017800450325e+00 1.141861438751e+00 1.245294451714e+00 1.412453413010e+00 1.476134538651e+00 1.416201472282e+00 1.195634722710e+00 1.170009493828e+00 1.360508203506e+00 1.016478300095e+00 1.283757925034e+00 1.228464007378e+00
2.330329269171e-01 4.536844193935e-01 6.008628010750e-01 7.100983262062e-01 8.284597396851e-01 1.047792911530e+00 1.052137136459e+00 1.061837434769e+00 8.222733736038e-01 9.554063677788e-01 1.051234245300e+00 1.112848520279e+00 1.150240302086e+00 1.171589851379e+00 1.174543261528e+00 1.170294046402e+00 1.172260880470e+00 1.982578277588e+00 2.673868894577e+00 2.724595069885e+00 2.351518392563e+00 1.912358641624e+00 1.493676662445e+00 1.092668056488e+00 1.650096178055e+00 1.594960570335e+00 1.344254493713e+00 2.635057687759e+00 2.340788602829e+00 1.258571863174e+00 1.506771683693e+00 1.697622656822e+00 1.688612699509e+00 1.629983186722e+00 1.610133886337e+00 1.532219052315e+00 1.483088254929e+00 1.404895901680e+00 1.283245682716e+00 1.836075305939e+00 1.149660706520e+00 9.801517128944e-01 1.584026575089e+00
2.943618595600e-01 5.756829380989e-01 5.667248368263e-01 5.483152270317e-01 6.708769202232e-01 9.022151827812e-01 1.123130679131e+00 1.071022152901e+00 9.156225323677e-01 1.017288208008e+00 1.068720340729e+00 1.085797309875e+00 1.078765869141e+00 1.055455088615e+00 1.029532551765e+00 1.026040792465e+00 1.053782343864e+00 1.823856592178e+00 2.410567045212e+00 2.487528324127e+00 2.229618549347e+00 1.888187408447e+00 1.557837247849e+00 1.231443285942e+00 1.634915113449e+00 1.688329339027e+00 1.490274071693e+00 2.161826133728e+00 1.715102195740e+00 1.314803957939e+00 1.771252155304e+00 2.001389503479e+00 1.908243060112e+00 1.743566513062e+00 1.544166803360e+00 1.449635624886e+00 1.366523146629e+00 1.270978450775e+00 1.159902811050e+00 1.939218759537e+00 1.784198522568e+00 1.013498663902e+00 1.801118493080e+00
3.790211677551e-01 7.576671838760e-01 7.611550092697e-01 7.467632293701e-01 7.211946249008e-01 7.035482525826e-01 9.880958795547e-01 1.202409863472e+00 1.063002347946e+00 9.967311024666e-01 1.010292768478e+00 9.892216920853e-01 9.461196660995e-01 8.886144757271e-01 8.388194441795e-01 8.282747864723e-01 8.616778254509e-01 1.444133877754e+00 1.856700658798e+00 1.955003142357e+00 1.827019095421e+00 1.639961123466e+00 1.447769403458e+00 1.241518855095e+00 1.286112308502e+00 1.401244401932e+00 1.368061780930e+00 2.175845623016e+00 1.262361168861e+00 1.352634191513e+00 1.751523494720e+00 1.945522189140e+00 1.862034797668e+00 1.539887547493e+00 1.122229218483e+00 1.229318022728e+00 1.013862609863e+00 1.072271943092e+00 1.043589830399e+00 1.602660059929e+00 2.376196384430e+00 1.029277205467e+00 1.814044475555e+00
3.839462995529e-01 7.797257900238e-01 8.072941303253e-01 8.465064167976e-01 8.755199313164e-01 8.825349211693e-01 8.903601765633e-01 1.084039092064e+00 1.259192705154e+00 1.010312438011e+00 9.096209406853e-01 8.638198375702e-01 8.045638203621e-01 7.643491625786e-01 8.222218155861e-01 8.467804193497e-01 8.982855081558e-01 1.234737992287e+00 1.304234743118e+00 1.396010279655e+00 1.366018533707e+00 1.267779946327e+00 1.184832572937e+00 1.123630046844e+00 1.075032114983e+00 1.053489327431e+00 1.409912347794e+00 2.308382272720e+00 1.560754537582e+00 1.527245759964e+00 1.818787336349e+00 1.846280694008e+00 1.538706302643e+00 1.524666905403e+00 8.284321427345e-01 1.456357598305e+00 1.347774744034e+00 1.248332381248e+00 1.070675015450e+00 1.126694083214e+00 2.696736335754e+00 1.480920076370e+00 1.612076759338e+00
4.280178248882e-01 7.392849922180e-01 7.313276529312e-01 7.653404474258e-01 8.073239326477e-01 8.895055055618e-01 9.425075650215e-01 9.875018596649e-01 1.162340760231e+00 1.228675007820e+00 1.021627545357e+00 1.007991313934e+00 1.016866803169e+00 9.216427803040e-01 8.504184484482e-01 9.298753738403e-01 1.020313858986e+00 1.272699713707e+00 1.283494710922e+00 1.063585042953e+00 9.363753199577e-01 1.102918267250e+00 1.374787449837e+00 1.427115678787e+00 1.288345813751e+00 1.052645683289e+00 1.562155246735e+00 2.355545043945e+00 1.570863485336e+00 1.650823593140e+00 1.736168622971e+00 1.779107928276e+00 1.901857495308e+00 1.700467705727e+00 1.063468456268e+00 1.636819362640e+00 1.502248644829e+00 1.243489384651e+00 9.366505742073e-01 1.096699357033e+00 2.590422153473e+00 2.266500234604e+00 1.246988177299e+00
4.896876215935e-01 9.025132656097e-01 9.733438491821e-01 8.409029245377e-01 7.696918845177e-01 8.316127061844e-01 8.485141396523e-01 8.183563351631e-01 8.925278782845e-01 1.134371757507e+00 1.245314836502e+00 1.280241489410e+00 1.259286403656e+00 1.157894015312e+00 1.106074690819e+00 1.066050767899e+00 1.028204083443e+00 1.276844620705e+00 1.338882684708e+00 1.179049968719e+00 9.593319892883e-01 8.808491826057e-01 9.708687067032e-01 1.080659270287e+00 1.106962084770e+00 1.117002129555e+00 1.368907809258e+00 2.268794298172e+00 1.619432687759e+00 1.402920246124e+00 1.606201529503e+00 1.845396399498e+00 2.052649974823e+00 1.744116902351e+00 1.225474834442e+00 1.805375576019e+00 1.443429470062e+00 1.121739745140e+00 8.508062958717e-01 1.002307772636e+00 2.088408946991e+00 3.064194440842e+00 1.372310638428e+00
4.816387295723e-01 9.450291991234e-01 1.124808549881e+00 1.060814499855e+00 8.042570948601e-01 6.213284730911e-01 7.525240778923e-01 8.517806529999e-01 9.128804802895e-01 9.211427569389e-01 1.230875849724e+00 1.363823175430e+00 1.284253358841e+00 1.287145972252e+00 1.302081227303e+00 1.284113168716e+00 1.138408660889e+00 1.267693996429e+00 1.385155797005e+00 1.260393142700e+00 9.417908787727e-01 1.143239259720e+00 1.078396677971e+00 1.115461587906e+00 9.910340309143e-01 9.779079556465e-01 1.028540730476e+00 2.106701374054e+00 1.918384552002e+00 1.510913133621e+00 1.470352053642e+00 1.564967274666e+00 1.931621313095e+00 1.721962213516e+00 1.389116525650e+00 1.741992473602e+00 1.262433052063e+00 1.010125875473e+00 9.569792747498e-01 8.949098587036e-01 1.429669260979e+00 3.584512948990e+00 1.436692357063e+00
