VariationalSeries/SI/f77.grd
DSAA
101	101
32.816463539100	34.260883539100
35.556306596100	36.727886596100
1.274910522625e-03	2.317842102051e+02
[rows 19 to 37 of 101, columns 43 to 85 of 101]
2.125877380371e+00 2.684367418289e+00 3.489741086960e+00 3.559446334839e+00 2.309550285339e+00 3.634718656540e+00 1.728177189827e+00 1.915253520012e+00 1.954001426697e+00 1.981569170952e+00 1.808326840401e+00 2.762130260468e+00 3.338722705841e+00 3.398933887482e+00 2.259456396103e+00 2.763118028641e+00 3.603683710098e+00 3.393250703812e+00 1.883713483810e+00 3.031941175461e+00 1.375521421432e+00 1.931110739708e+00 2.584615230560e+00 1.285858035088e+00 1.292962908745e+00 1.431568384171e+00 1.219401359558e+00 1.583573937416e+00 1.467534422874e+00 1.158238887787e+00 1.244487404823e+00 1.600668787956e+00 1.803875088692e+00 1.396011710167e+00 1.340365409851e+00 1.028756737709e+00 7.079075574875e-01 8.299321532249e-01 9.184068441391e-01 7.639381289482e-01 6.516095399857e-01 6.128972768784e-01 6.663122177124e-01
1.891077756882e+00 2.630198955536e+00 3.727468729019e+00 4.300189495087e+00 3.120523452759e+00 3.214132070541e+00 1.779977440834e+00 2.031494140625e+00 1.701160669327e+00 2.128576993942e+00 2.226132154465e+00 2.591105461121e+00 3.584483146667e+00 3.621750116348e+00 2.777473211288e+00 2.994152307510e+00 3.524955987930e+00 3.838382720947e+00 2.225287675858e+00 2.935613870621e+00 1.574785947800e+00 2.930817604065e+00 3.636061668396e+00 1.630308151245e+00 1.509024381638e+00 1.466759324074e+00 1.550705909729e+00 1.638109564781e+00 1.275863051414e+00 1.232187271118e+00 1.619947075844e+00 2.108428955078e+00 1.880159258842e+00 1.612657546997e+00 1.250453829765e+00 1.031103849411e+00 7.925236225128e-01 9.697631597519e-01 7.526232004166e-01 5.871967673302e-01 6.263897418976e-01 5.858657360077e-01 6.098357439041e-01
2.028876066208e+00 2.930784463882e+00 3.443324327469e+00 4.500910282135e+00 3.841892004013e+00 2.750080823898e+00 1.853970646858e+00 2.155128955841e+00 1.624646067619e+00 1.999797105789e+00 2.107627630234e+00 2.457730531693e+00 3.419739246368e+00 3.901898860931e+00 3.353364706039e+00 3.198489427567e+00 3.382606506348e+00 4.201313495636e+00 2.539872884750e+00 2.724019765854e+00 1.773193120956e+00 3.638202905655e+00 3.988555431366e+00 1.834014892578e+00 1.475412368774e+00 1.747149586678e+00 1.749664068222e+00 1.418370366096e+00 1.146445155144e+00 1.614769339561e+00 2.253916740417e+00 2.180215120316e+00 1.471517324448e+00 1.840640902519e+00 1.240032076836e+00 9.502445459366e-01 9.409589767456e-01 9.970196485519e-01 7.736260890961e-01 5.954758524895e-01 5.969628691673e-01 4.618299901485e-01 4.554407000542e-01
1.932316541672e+00 2.769930362701e+00 2.923399925232e+00 4.299013614655e+00 4.252120018005e+00 2.828086614609e+00 2.365455150604e+00 2.285805702209e+00 1.602048158646e+00 1.757571220398e+00 2.174766063690e+00 2.493894100189e+00 2.852800607681e+00 4.168087959290e+00 3.743774414062e+00 3.113396406174e+00 3.133939981461e+00 4.513630390167e+00 2.800792694092e+00 2.444599390030e+00 1.971472024918e+00 3.621041536331e+00 3.483570814133e+00 1.691957712173e+00 1.566222429276e+00 1.911037087440e+00 1.588858962059e+00 1.229044198990e+00 1.701266884804e+00 2.387632369995e+00 2.341704368591e+00 1.625552654266e+00 1.270722866058e+00 1.913956165314e+00 9.085615277290e-01 9.374662637711e-01 1.160633802414e+00 8.752251863480e-01 8.872492313385e-01 5.760486125946e-01 6.368629932404e-01 5.351964831352e-01 4.826074242592e-01
1.571025967598e+00 1.917944788933e+00 2.956876993179e+00 3.812369823456e+00 4.289740085602e+00 2.855819702148e+00 2.950428247452e+00 2.475720882416e+00 1.736885786057e+00 1.584680557251e+00 2.268201589584e+00 2.437592983246e+00 2.976840496063e+00 4.484081745148e+00 3.803926229477e+00 2.953262090683e+00 2.825520277023e+00 4.708956718445e+00 2.991291284561e+00 2.835701704025e+00 2.321779012680e+00 2.985550880432e+00 2.606378316879e+00 1.542343020439e+00 1.994132280350e+00 1.848613262177e+00 1.290576696396e+00 1.815850019455e+00 2.590678453445e+00 2.512373924255e+00 1.704307794571e+00 1.035923480988e+00 1.440246820450e+00 1.797333359718e+00 9.735583662987e-01 1.005962610245e+00 1.222617387772e+00 8.631974458694e-01 9.737019538879e-01 5.949693322182e-01 6.058201193810e-01 5.174790024757e-01 5.293050408363e-01
2.122821331024e+00 2.032185792923e+00 3.346671342850e+00 3.231080293655e+00 4.087012767792e+00 3.194177627563e+00 2.837210893631e+00 3.142753601074e+00 2.731972217560e+00 2.088124752045e+00 2.290832281113e+00 2.305421352386e+00 3.251462221146e+00 4.804678440094e+00 3.432568788528e+00 2.838241338730e+00 2.412765741348e+00 4.824646472931e+00 3.633087158203e+00 3.142630100250e+00 2.748657464981e+00 2.917850971222e+00 1.764955282211e+00 1.928157091141e+00 2.046509742737e+00 1.376616835594e+00 1.974616885185e+00 2.797640323639e+00 2.657687187195e+00 1.779835462570e+00 9.524452686310e-01 8.203958272934e-01 1.926412582397e+00 1.504523515701e+00 9.203897118568e-01 1.303124666214e+00 1.107985019684e+00 8.705075979233e-01 1.034912467003e+00 7.371883988380e-01 5.608919262886e-01 5.340498685837e-01 4.681974649429e-01
3.325018882751e+00 2.068298578262e+00 2.027525186539e+00 3.465086221695e+00 3.776320695877e+00 3.382008552551e+00 2.622540712357e+00 2.885554313660e+00 3.280679464340e+00 3.224094152451e+00 2.749469518661e+00 3.315904140472e+00 3.540929555893e+00 5.002932071686e+00 2.984931468964e+00 2.579070568085e+00 3.300995588303e+00 4.869434833527e+00 4.116850376129e+00 3.022048473358e+00 2.966416120529e+00 3.148100614548e+00 1.980369091034e+00 2.099745988846e+00 1.651880145073e+00 2.070873498917e+00 3.051716566086e+00 2.852708578110e+00 1.854131817818e+00 1.269079923630e+00 1.787416696548e+00 1.140717744827e+00 2.248082160950e+00 1.315328359604e+00 1.086199522018e+00 1.392989873886e+00 1.330775022507e+00 9.259757995605e-01 1.068985939026e+00 8.149194717407e-01 5.076279640198e-01 4.894962906837e-01 5.673788785934e-01
4.441200733185e+00 2.129894495010e+00 2.048741340637e+00 3.204452753067e+00 3.413069486618e+00 3.473585844040e+00 2.835499763489e+00 2.932730197906e+00 2.738743543625e+00 3.547726392746e+00 3.871908426285e+00 3.382410764694e+00 3.831846475601e+00 5.078229904175e+00 2.601970911026e+00 3.885314226151e+00 4.630539417267e+00 4.887639522552e+00 4.007474899292e+00 2.401566028595e+00 2.821706295013e+00 2.885350942612e+00 2.019931077957e+00 1.735105872154e+00 2.092821359634e+00 3.252076864243e+00 3.129765033722e+00 1.957897186279e+00 1.759250402451e+00 2.485198020935e+00 2.257893085480e+00 2.046679019928e+00 2.190966129303e+00 1.469510436058e+00 1.396667718887e+00 1.154449701309e+00 1.448789238930e+00 9.817770719528e-01 1.073349356651e+00 8.114704489708e-01 5.163643360138e-01 6.219627261162e-01 8.005414009094e-01
4.848713397980e+00 2.190864324570e+00 2.482906341553e+00 2.140944004059e+00 3.629361391068e+00 3.524943828583e+00 3.020616769791e+00 3.120771646500e+00 2.772314310074e+00 3.673028230667e+00 3.748169660568e+00 3.264802694321e+00 4.095212459564e+00 4.902641296387e+00 4.252933502197e+00 5.144400119781e+00 4.944945812225e+00 4.762955665588e+00 2.734070777893e+00 2.464717626572e+00 2.893151998520e+00 2.912557840347e+00 1.904407143593e+00 2.008290052414e+00 3.397689580917e+00 3.461170673370e+00 2.166946649551e+00 1.844748020172e+00 2.703086614609e+00 2.241157531738e+00 1.800222396851e+00 2.066421031952e+00 1.699783682823e+00 1.552430987358e+00 1.382939219475e+00 9.181196093559e-01 1.416986465454e+00 1.062265753746e+00 1.053020119667e+00 7.363533377647e-01 6.763277649879e-01 8.894411325455e-01 1.004968762398e+00
4.261943340302e+00 3.190248250961e+00 2.881684303284e+00 2.082067966461e+00 2.741573810577e+00 3.540165901184e+00 3.630187034607e+00 3.323931932449e+00 3.814964532852e+00 5.638585567474e+00 3.282839775085e+00 2.949241638184e+00 4.273329257965e+00 4.521835803986e+00 5.513536453247e+00 5.308133602142e+00 4.603876590729e+00 4.619785785675e+00 2.982234954834e+00 3.317796945572e+00 3.010702371597e+00 2.905299186707e+00 1.839245796204e+00 3.454814910889e+00 3.821391344070e+00 2.467606067657e+00 2.111159563065e+00 2.869498491287e+00 2.525927782059e+00 1.642031788826e+00 2.390757322311e+00 2.167292594910e+00 1.212704420090e+00 1.476384997368e+00 1.171459555626e+00 1.259033799171e+00 1.287859320641e+00 1.145020842552e+00 1.028948307037e+00 9.479590058327e-01 1.104370117188e+00 1.238759398460e+00 1.044385194778e+00
2.885531187057e+00 4.789928436279e+00 3.163248300552e+00 2.561755657196e+00 3.058997392654e+00 3.517498731613e+00 3.365449666977e+00 3.565252780914e+00 5.004987716675e+00 7.002646446228e+00 4.727988243103e+00 3.218638896942e+00 4.315260410309e+00 5.275249004364e+00 5.619348526001e+00 7.343791961670e+00 3.925646781921e+00 4.299372196198e+00 3.263817548752e+00 3.363250017166e+00 3.017391204834e+00 2.769427776337e+00 3.428538799286e+00 4.063830375671e+00 2.787316560745e+00 2.377142667770e+00 2.831695079803e+00 2.808972120285e+00 2.368291139603e+00 2.401245594025e+00 2.545340538025e+00 1.485950589180e+00 1.406369805336e+00 1.262397170067e+00 1.025988221169e+00 9.576566219330e-01 1.709631562233e+00 1.347887158394e+00 1.229640007019e+00 1.472743391991e+00 1.466607332230e+00 1.076208591461e+00 6.788622140884e-01
3.153074026108e+00 5.301083087921e+00 3.278312206268e+00 2.836302757263e+00 3.614027500153e+00 3.383875370026e+00 3.511115550995e+00 4.370138168335e+00 5.781126976013e+00 7.060800552368e+00 5.667266368866e+00 5.525763988495e+00 4.879045486450e+00 5.787530422211e+00 6.474003314972e+00 9.362835884094e+00 4.107215881348e+00 4.423978805542e+00 4.393192768097e+00 3.601247072220e+00 2.859506607056e+00 3.428064584732e+00 4.283418655396e+00 3.075035095215e+00 2.662501096725e+00 2.790970563889e+00 2.690220355988e+00 2.924447059631e+00 2.852725744247e+00 2.896029949188e+00 2.184617042542e+00 1.236147165298e+00 1.678520798683e+00 9.717069268227e-01 1.026022195816e+00 1.033750295639e+00 2.358050584793e+00 1.618985056877e+00 1.696107983589e+00 1.365594625473e+00 8.300399184227e-01 4.511157274246e-01 4.409365952015e-01
6.269452571869e+00 4.198414325714e+00 4.609239578247e+00 3.017399787903e+00 4.359126567841e+00 3.379255533218e+00 3.799814939499e+00 5.064529895782e+00 6.103067874908e+00 6.007738113403e+00 5.475294113159e+00 5.472329139709e+00 5.498771667480e+00 4.443299293518e+00 4.486852645874e+00 6.028337478638e+00 3.556062221527e+00 4.381877899170e+00 4.789678096771e+00 4.002974033356e+00 3.573329925537e+00 4.492997169495e+00 3.358401775360e+00 2.932295560837e+00 2.725625514984e+00 2.509936332703e+00 2.641167640686e+00 3.134009122849e+00 3.151994228363e+00 2.858433723450e+00 1.769039630890e+00 1.168455839157e+00 1.785523295403e+00 1.408382415771e+00 1.694753885269e+00 1.799508333206e+00 2.661829710007e+00 1.543613195419e+00 1.225570917130e+00 8.279635906219e-01 7.432818412781e-01 5.904917716980e-01 5.958103537560e-01
1.023672103882e+01 4.460598945618e+00 5.153378486633e+00 3.780638694763e+00 4.852177143097e+00 4.142622470856e+00 4.166584491730e+00 5.830747604370e+00 6.293401718140e+00 5.014600276947e+00 6.586157321930e+00 8.064011573792e+00 4.761432170868e+00 5.569424152374e+00 3.364421606064e+00 4.007544040680e+00 3.683977365494e+00 4.281149387360e+00 4.132271289825e+00 3.762504816055e+00 4.781540393829e+00 3.634776830673e+00 3.106500148773e+00 2.751431465149e+00 2.946280241013e+00 2.876201868057e+00 2.790630102158e+00 3.480422735214e+00 3.501336097717e+00 3.131076335907e+00 2.157653331757e+00 1.960376143456e+00 1.942848682404e+00 1.700217843056e+00 1.646080613136e+00 2.554996013641e+00 2.193600893021e+00 1.025113463402e+00 1.108601450920e+00 1.134142756462e+00 1.052312016487e+00 8.144298195839e-01 6.443299055099e-01
1.131246280670e+01 1.173986911774e+01 5.096266269684e+00 4.947505474091e+00 5.365944862366e+00 5.029838085175e+00 7.022128582001e+00 6.552141666412e+00 6.229469776154e+00 4.686825275421e+00 7.177481651306e+00 9.039526939392e+00 5.417557716370e+00 5.419902801514e+00 4.122622966766e+00 4.188215255737e+00 4.485044002533e+00 4.234361171722e+00 4.111127376556e+00 5.132938861847e+00 3.990954399109e+00 3.565533399582e+00 3.049276590347e+00 2.383747100830e+00 3.022971868515e+00 3.202249050140e+00 3.026808977127e+00 3.757448196411e+00 3.915309429169e+00 3.437303781509e+00 2.561568021774e+00 1.880845189095e+00 1.673275828362e+00 1.421756625175e+00 2.321130275726e+00 2.651761054993e+00 1.181712508202e+00 1.166700482368e+00 1.217655777931e+00 1.235678911209e+00 1.168735623360e+00 9.778771996498e-01 6.798560023308e-01
5.482109069824e+00 1.596522235870e+01 1.160639286041e+01 4.965330600739e+00 5.678624153137e+00 6.285154819489e+00 6.794553279877e+00 6.901700019836e+00 5.549855232239e+00 4.918913841248e+00 8.197700500488e+00 8.898762702942e+00 7.017839908600e+00 4.752811908722e+00 4.306627273560e+00 4.870126724243e+00 7.864548683167e+00 4.917343139648e+00 5.709378242493e+00 4.392689704895e+00 3.303144693375e+00 3.216096162796e+00 2.659214258194e+00 3.361108303070e+00 3.348147153854e+00 3.714101552963e+00 4.053936481476e+00 3.229910135269e+00 3.763189077377e+00 3.760499238968e+00 2.924554586411e+00 1.614503622055e+00 1.589057207108e+00 2.460005044937e+00 2.662078142166e+00 1.555135965347e+00 1.035288691521e+00 1.046847343445e+00 1.043647885323e+00 1.060334920883e+00 1.057160735130e+00 9.797608256340e-01 8.268436193466e-01
1.008467483521e+01 7.697385311127e+00 1.866600418091e+01 8.654907226562e+00 5.769237995148e+00 7.755189418793e+00 5.788322925568e+00 6.472803115845e+00 8.588150024414e+00 6.494124412537e+00 8.932103157043e+00 7.122599124908e+00 7.512048721313e+00 6.313404083252e+00 5.151444435120e+00 4.813021659851e+00 1.142061233521e+01 6.855596542358e+00 5.336109638214e+00 6.691479682922e+00 3.994408607483e+00 3.292568206787e+00 3.512617349625e+00 3.694865226746e+00 3.560499429703e+00 3.631299018860e+00 5.117730617523e+00 3.178195476532e+00 3.925144433975e+00 4.099687576294e+00 3.325539112091e+00 2.144243001938e+00 2.715887069702e+00 2.509039640427e+00 1.434084534645e+00 1.238880515099e+00 1.169746994972e+00 1.094962477684e+00 1.017467498779e+00 9.468950629234e-01 9.122279286385e-01 9.430804252625e-01 8.577324748039e-01
1.370237922668e+01 1.786694908142e+01 1.080554008484e+01 1.839073181152e+01 6.996622562408e+00 9.425358772278e+00 8.019997596741e+00 8.555168151855e+00 1.202571296692e+01 9.716097831726e+00 1.107857322693e+01 6.740451335907e+00 6.854191780090e+00 7.161331176758e+00 6.437323093414e+00 5.060618877411e+00 1.337157630920e+01 7.531844615936e+00 7.881173133850e+00 5.478911399841e+00 3.029184818268e+00 3.284415721893e+00 4.153778553009e+00 3.753983736038e+00 3.428209781647e+00 3.172026634216e+00 4.999610900879e+00 3.500771760941e+00 4.421574592590e+00 4.363006114960e+00 3.460635423660e+00 2.747589588165e+00 2.058003187180e+00 1.127156138420e+00 1.047415018082e+00 1.062161326408e+00 1.072340607643e+00 1.145381212234e+00 1.123772859573e+00 1.065234899521e+00 1.156701087952e+00 1.342572212219e+00 1.400167942047e+00
2.657500267029e+01 1.803623199463e+01 1.908406066895e+01 1.569858646393e+01 1.420439529419e+01 1.063817024231e+01 1.160184764862e+01 1.034362888336e+01 1.034593009949e+01 1.145553970337e+01 1.310472011566e+01 7.828848838806e+00 6.796362400055e+00 7.315498828888e+00 8.031155586243e+00 7.594264030457e+00 1.028226280212e+01 7.541803836823e+00 7.514644145966e+00 5.995473861694e+00 4.923033714294e+00 5.812651634216e+00 5.831820487976e+00 4.824418544769e+00 3.524504899979e+00 3.065210819244e+00 3.931374788284e+00 4.323294639587e+00 4.590922832489e+00 3.836986303329e+00 2.693726539612e+00 1.650124549866e+00 1.443247556686e+00 1.581675410271e+00 1.866956472397e+00 2.043703556061e+00 2.134108304977e+00 2.120928049088e+00 2.010496616364e+00 1.837557554245e+00 1.669616222382e+00 1.632792115211e+00 1.444873929024e+00
