VariationalSeries/SI/f79.grd
DSAA
101	101
32.816463539100	34.260883539100
35.556306596100	36.727886596100
9.080167510547e-04	3.211344146729e+01
[rows 38 to 56 of 101, columns 0 to 42 of 101]
2.426914125681e-02 4.324541985989e-02 4.445201158524e-02 4.595402255654e-02 5.139251798391e-02 5.587209388614e-02 7.249424606562e-02 8.279542624950e-02 9.107106924057e-02 8.337924629450e-02 8.443957567215e-02 9.258180856705e-02 9.420248866081e-02 8.859813958406e-02 8.893105387688e-02 1.135118454695e-01 1.497623771429e-01 1.761111468077e-01 1.381820440292e-01 1.764532178640e-01 2.135476022959e-01 2.192936390638e-01 1.685690581799e-01 1.245605945587e-01 1.877657026052e-01 1.666577905416e-01 1.389038711786e-01 1.387616544962e-01 1.301910728216e-01 1.608533710241e-01 1.876451522112e-01 2.199925333261e-01 2.625038623810e-01 3.143798708916e-01 2.971513569355e-01 1.716449707747e-01 1.977957636118e-01 2.146327942610e-01 2.685667872429e-01 3.344786167145e-01 3.988542854786e-01 3.864915072918e-01 3.167617917061e-01
2.764077298343e-02 4.923289269209e-02 4.671274125576e-02 4.668197408319e-02 5.504279211164e-02 6.696032732725e-02 8.799260854721e-02 1.108228489757e-01 1.237464919686e-01 1.160773262382e-01 8.480636030436e-02 6.151564419270e-02 7.304846495390e-02 8.383322507143e-02 9.052422642708e-02 9.145084768534e-02 8.468222618103e-02 1.049852520227e-01 1.127619817853e-01 1.691533029079e-01 1.849988847971e-01 1.679113209248e-01 1.666553169489e-01 1.458948105574e-01 1.331130266190e-01 1.467124223709e-01 1.243157908320e-01 1.065311208367e-01 1.437473744154e-01 1.468174904585e-01 1.207478418946e-01 1.272465437651e-01 1.695334315300e-01 2.007329016924e-01 2.914504408836e-01 2.639495432377e-01 1.605055481195e-01 2.751035392284e-01 3.344591259956e-01 3.748488426208e-01 3.617488443851e-01 4.617285430431e-01 3.979845345020e-01
2.441625297070e-02 4.524290934205e-02 4.945629835129e-02 4.941292479634e-02 6.421227008104e-02 7.919739186764e-02 9.625252336264e-02 1.267889440060e-01 1.376349180937e-01 1.372608840466e-01 9.396844357252e-02 5.742470547557e-02 6.007213145494e-02 6.010503321886e-02 5.984938144684e-02 7.099613547325e-02 8.015733957291e-02 7.676744461060e-02 1.186951249838e-01 2.176244854927e-01 2.589133679867e-01 2.262039333582e-01 2.322437614202e-01 2.350028604269e-01 1.943082809448e-01 1.354948878288e-01 1.003602445126e-01 9.193789213896e-02 1.115348264575e-01 1.147569045424e-01 1.400044858456e-01 1.541325598955e-01 1.803503632545e-01 2.077286541462e-01 1.791793555021e-01 2.174650877714e-01 2.193960398436e-01 2.092836648226e-01 4.146704673767e-01 4.084483087063e-01 3.038291931152e-01 4.571595191956e-01 6.179218888283e-01
3.349743410945e-02 7.232958823442e-02 8.409908413887e-02 8.650019019842e-02 7.808150351048e-02 7.431410253048e-02 7.826957851648e-02 8.712378889322e-02 8.736986666918e-02 8.276206254959e-02 5.640657618642e-02 4.380369931459e-02 4.576350003481e-02 5.327499657869e-02 6.071112304926e-02 6.629159301519e-02 6.875018030405e-02 7.852189987898e-02 8.829151093960e-02 1.023288071156e-01 1.552565842867e-01 2.107793688774e-01 1.929028332233e-01 1.829141527414e-01 2.281075268984e-01 2.721587717533e-01 3.048877418041e-01 2.970884442329e-01 3.096742033958e-01 3.382315337658e-01 3.746413886547e-01 3.431872129440e-01 4.059133231640e-01 4.623892009258e-01 3.573543131351e-01 2.209749519825e-01 4.012291431427e-01 2.911402583122e-01 2.412427216768e-01 4.985392689705e-01 3.052639067173e-01 4.916198253632e-01 5.600027441978e-01
3.986271470785e-02 8.081734180450e-02 9.074193984270e-02 6.510489434004e-02 6.916476041079e-02 8.749770373106e-02 9.136601537466e-02 9.447719156742e-02 7.455167174339e-02 4.825682565570e-02 4.846784099936e-02 4.795887693763e-02 4.723825678229e-02 5.149669572711e-02 5.819630995393e-02 6.386301666498e-02 6.737529486418e-02 7.709983736277e-02 1.094199195504e-01 1.203822940588e-01 1.032521501184e-01 1.737629324198e-01 2.219048887491e-01 2.304014861584e-01 1.912645548582e-01 1.718425601721e-01 2.289827615023e-01 3.482801318169e-01 4.700321555138e-01 4.309198856354e-01 3.836639821529e-01 3.045683205128e-01 3.104756176472e-01 5.865898728371e-01 4.201614260674e-01 5.304902791977e-01 3.600566685200e-01 5.469008088112e-01 4.821331202984e-01 4.115108847618e-01 6.657974720001e-01 6.686254739761e-01 4.509305059910e-01
7.972411811352e-02 1.548332571983e-01 1.158977225423e-01 9.118578583002e-02 7.837378978729e-02 5.570914968848e-02 7.579319924116e-02 9.277357161045e-02 9.203946590424e-02 8.367529511452e-02 7.088271528482e-02 5.122147873044e-02 5.590651929379e-02 7.125506550074e-02 7.949371635914e-02 7.359271496534e-02 6.570297479630e-02 8.830422908068e-02 1.032468229532e-01 1.270100176334e-01 1.248701661825e-01 1.150147169828e-01 1.294229477644e-01 9.298826009035e-02 9.419065713882e-02 8.025959134102e-02 8.601786196232e-02 1.204234212637e-01 1.414321959019e-01 1.444360613823e-01 1.264043152332e-01 2.147965580225e-01 3.100000023842e-01 5.298510789871e-01 3.619188964367e-01 3.362161219120e-01 2.914225459099e-01 4.273379147053e-01 3.528151512146e-01 5.730129480362e-01 6.368306279182e-01 7.239975333214e-01 7.466281056404e-01
1.316165924072e-01 6.645784974098e-01 2.674475610256e-01 5.456718206406e-01 1.453979015350e-01 1.109426468611e-01 1.416087001562e-01 1.240087300539e-01 8.862797170877e-02 6.958347558975e-02 7.366004586220e-02 7.314329594374e-02 5.675013735890e-02 5.482492968440e-02 6.427163630724e-02 7.420719414949e-02 8.229071646929e-02 8.109752088785e-02 1.686337739229e-01 1.619181185961e-01 1.128620728850e-01 1.224551424384e-01 1.108959540725e-01 8.444482833147e-02 1.220112070441e-01 7.735553383827e-02 9.471043944359e-02 1.225374490023e-01 1.442626565695e-01 1.113581880927e-01 1.532068401575e-01 1.376555562019e-01 1.917745023966e-01 3.637928068638e-01 4.864779114723e-01 3.208150267601e-01 3.282733261585e-01 4.456112682819e-01 4.423976838589e-01 4.782089293003e-01 5.480194687843e-01 6.766973733902e-01 7.465440630913e-01
1.458156704903e-01 9.387664496899e-02 1.353830099106e-01 1.597850173712e-01 1.642452031374e-01 1.839293241501e-01 1.954005658627e-01 1.696301847696e-01 1.518713384867e-01 1.444379091263e-01 1.294639706612e-01 1.133852899075e-01 1.174605563283e-01 9.988797456026e-02 8.584764599800e-02 8.163900673389e-02 6.534351408482e-02 7.003784924746e-02 1.262317299843e+00 1.188239336014e+00 9.476345032454e-02 1.520998477936e-01 9.460546821356e-02 8.980422466993e-02 1.179421767592e-01 1.380402594805e-01 1.306724101305e-01 1.367700695992e-01 1.396975219250e-01 1.439862549305e-01 2.207022607327e-01 1.766562759876e-01 1.777993887663e-01 2.221313416958e-01 2.934754788876e-01 3.290407061577e-01 5.035414099693e-01 4.367160201073e-01 4.833354949951e-01 4.668624997139e-01 5.602173209190e-01 6.087291240692e-01 5.623775124550e-01
8.173936605453e-01 1.816232919693e+00 1.460185796022e-01 1.683263033628e-01 1.784824877977e-01 1.749382019043e-01 1.593806445599e-01 1.412067115307e-01 1.246257945895e-01 1.098143458366e-01 1.245765835047e-01 1.179600954056e-01 8.931661397219e-02 5.894398316741e-02 6.326772272587e-02 1.491288244724e-01 2.441181838512e-01 2.736695706844e-01 6.065317392349e-01 7.620129585266e-01 1.478297710419e-01 1.622061580420e-01 1.415993571281e-01 1.235257014632e-01 1.118391975760e-01 1.114490702748e-01 2.214766293764e-01 2.116660773754e-01 1.613324284554e-01 2.015356421471e-01 1.382898986340e-01 2.078986018896e-01 2.883645892143e-01 4.337661862373e-01 3.741727769375e-01 2.173057943583e-01 4.027627110481e-01 4.062141776085e-01 6.128492951393e-01 5.849446058273e-01 5.381268262863e-01 5.081394314766e-01 5.458480715752e-01
2.330913841724e-01 3.923880159855e-01 3.077598474920e-02 3.765065968037e-02 4.961209371686e-02 2.785056829453e-01 6.348047852516e-01 5.219120979309e-01 2.857147157192e-01 8.940165489912e-02 8.083332329988e-02 1.029068157077e-01 1.024308949709e-01 8.797121047974e-02 4.527806043625e-01 5.138371586800e-01 2.165330499411e-01 2.402583509684e-01 2.591886222363e-01 4.072408676147e-01 1.015479922295e+00 1.716895401478e-01 2.215481549501e-01 4.325599968433e-01 3.001273274422e-01 3.023239076138e-01 2.199310362339e-01 2.058832645416e-01 3.571500480175e-01 4.172681272030e-01 4.407816529274e-01 3.086768090725e-01 7.457121014595e-01 4.498464465141e-01 7.014994621277e-01 5.352895855904e-01 3.932356536388e-01 4.376043677330e-01 5.365451574326e-01 6.956177353859e-01 8.534647822380e-01 1.091447830200e+00 1.155731201172e+00
1.744831204414e-01 2.919840514660e-01 2.415095083416e-02 2.077659778297e-02 1.648366004229e-01 6.347978115082e-01 1.236716389656e+00 9.773265123367e-01 3.596915304661e-01 3.388322889805e-02 3.222876787186e-02 3.017112426460e-02 3.239116072655e-02 3.649358078837e-02 2.928633093834e-01 2.167398780584e-01 1.872386187315e-01 1.803086549044e-01 1.966471374035e-01 8.929996192455e-02 4.092488586903e-01 3.417684793472e+00 2.276989817619e-01 4.363124668598e-01 1.096232414246e+00 5.703853964806e-01 3.587616384029e-01 3.241267502308e-01 3.401347100735e-01 3.719337284565e-01 5.989927053452e-01 8.946091532707e-01 4.703477323055e-01 6.399132609367e-01 1.010164022446e+00 1.772078871727e+00 8.757666945457e-01 4.894444346428e-01 4.195538163185e-01 4.675910770893e-01 6.424490213394e-01 7.120531201363e-01 7.529028654099e-01
9.836109727621e-02 1.413660943508e-01 1.858565211296e-02 1.438068132848e-02 2.266539074481e-02 3.682222068310e-01 7.608946561813e-01 4.681102931499e-01 2.737286388874e-01 4.835442826152e-02 1.804798096418e-02 1.133161708713e-01 1.380438059568e-01 1.198209598660e-01 1.119342744350e-01 1.529916822910e-01 2.036147266626e-01 1.713000684977e-01 1.916402429342e-01 1.737534850836e-01 2.162452042103e-01 3.891717791557e-01 1.549926549196e-01 2.359097748995e-01 8.973520994186e-01 5.157896876335e-01 1.443548917770e+00 1.103730201721e+00 3.500838577747e-01 8.235113620758e-01 2.864945173264e+00 3.957142114639e+00 4.153372287750e+00 8.088182806969e-01 1.108289241791e+00 1.219000697136e+00 9.120743870735e-01 4.499640464783e-01 3.613685071468e-01 3.719153702259e-01 7.282253503799e-01 5.280669331551e-01 6.748936176300e-01
3.661078214645e-02 1.147666946054e-01 7.247279584408e-02 3.809629008174e-02 2.603017352521e-02 1.141991186887e-02 7.228154689074e-02 8.346381783485e-02 8.486813306808e-02 7.694099098444e-02 5.867946520448e-02 1.122360825539e-01 1.339032351971e-01 1.659170538187e-01 1.429032087326e-01 1.039167642593e-01 1.346675455570e-01 1.484475880861e-01 1.548859924078e-01 1.001305654645e-01 1.205963641405e-01 1.947591453791e-01 2.814008593559e-01 5.717917084694e-01 1.313355684280e+00 9.021461009979e-01 9.795551896095e-01 7.286667823792e-01 1.251580834389e+00 3.266818821430e-01 1.678319871426e-01 1.519772261381e-01 2.644688487053e-01 4.478465318680e-01 1.379929661751e+00 1.573818492889e+01 5.726397991180e+00 2.586823463440e+00 1.837141036987e+00 1.438993215561e+00 1.573537826538e+00 1.679380059242e+00 2.517338275909e+00
3.546287119389e-02 7.083456963301e-02 8.880423754454e-02 4.851717501879e-02 3.169079124928e-02 1.354530733079e-02 6.371869146824e-02 6.525694578886e-02 6.364949047565e-02 5.909841135144e-02 7.015560567379e-02 8.417043089867e-02 9.229670464993e-02 1.754768341780e-01 1.527308672667e-01 1.249881684780e-01 1.247743219137e-01 1.202804818749e-01 1.143771186471e-01 1.266573816538e-01 1.142527759075e-01 1.172143816948e-01 1.990098059177e-01 2.346585988998e-01 5.857685208321e-01 5.675419807434e+00 1.591442346573e+00 2.841766834259e+00 1.225119590759e+00 1.343613266945e-01 8.036191761494e-02 7.948864996433e-02 9.167458862066e-02 1.238951906562e-01 1.992806494236e-01 1.201191902161e+00 9.302160263062e+00 2.069902181625e+00 6.060451269150e-01 1.874774813652e+00 1.002603888512e+00 4.439886212349e-01 7.056936621666e-01
2.798745036125e-02 5.016873404384e-02 6.775161623955e-02 7.822956144810e-02 8.158758282661e-02 7.548070698977e-02 6.731833517551e-02 6.519021838903e-02 6.323081254959e-02 5.562592297792e-02 4.945767670870e-02 6.077067926526e-02 6.813443452120e-02 6.935632228851e-02 1.226712539792e-01 1.041979938745e-01 1.021978855133e-01 1.115680038929e-01 8.930800855160e-02 1.011432036757e-01 1.225130632520e-01 1.082723960280e-01 1.170313358307e-01 1.278183758259e-01 2.382467836142e-01 1.422757029533e+00 1.461756348610e+00 4.120054543018e-01 1.611572802067e-01 9.549049288034e-02 7.221883535385e-02 6.073045358062e-02 7.244323194027e-02 1.004644483328e-01 1.250050961971e-01 4.854646623135e-01 1.733481049538e+00 9.156003594398e-01 5.851259231567e-01 1.365846395493e-01 5.723191499710e-01 4.830101728439e-01 4.331576526165e-01
4.458297044039e-02 7.502655684948e-02 9.577096998692e-02 1.076804101467e-01 1.107789054513e-01 1.061118394136e-01 9.981567412615e-02 9.001765400171e-02 7.795803993940e-02 6.398631632328e-02 4.754815995693e-02 4.466887190938e-02 5.065731331706e-02 5.317678302526e-02 1.193420812488e-01 1.132448390126e-01 1.175259798765e-01 7.397057861090e-02 9.106450527906e-02 1.396885514259e-01 1.273818165064e-01 8.913903683424e-02 6.969276070595e-02 7.106585800648e-02 1.254709959030e-01 1.264541625977e+00 9.527723789215e-01 3.217304944992e-01 2.002845108509e-01 1.297359019518e-01 9.139882773161e-02 6.364826858044e-02 5.663814023137e-02 5.682909116149e-02 8.387592434883e-02 1.397575885057e-01 1.254388689995e-01 3.231370747089e-01 2.268946409225e+00 3.324593544006e+00 1.924432873726e+00 4.107736051083e-01 3.333340287209e-01
2.229752764106e-02 4.731280356646e-02 5.892505124211e-02 6.466613709927e-02 6.283447146416e-02 5.984394252300e-02 5.779194086790e-02 5.275020375848e-02 4.998987913132e-02 4.399243742228e-02 3.940029069781e-02 3.580278158188e-02 4.060344770551e-02 4.163665696979e-02 9.245070815086e-02 1.246627792716e-01 1.202419325709e-01 7.741647213697e-02 1.529128253460e-01 1.644710898399e-01 1.426165401936e-01 1.890939176083e-01 5.622400343418e-02 5.446849018335e-02 1.199838742614e-01 4.645640552044e-01 2.443556487560e-01 2.563823759556e-01 1.893474459648e-01 1.276260167360e-01 8.350904285908e-02 6.931264698505e-02 6.118723005056e-02 6.002536416054e-02 6.974779814482e-02 1.351696997881e-01 9.801738709211e-02 3.597681820393e-01 1.610720872879e+00 9.798231720924e-01 6.047316789627e-01 2.488783448935e-01 1.996731311083e-01
1.919778995216e-02 2.805540896952e-02 3.682326897979e-02 4.028783366084e-02 4.023188352585e-02 3.837479278445e-02 3.536709025502e-02 3.849831223488e-02 3.907904401422e-02 3.933960199356e-02 4.370824992657e-02 4.693595692515e-02 4.784955829382e-02 5.127383396029e-02 9.393656253815e-02 1.086302548647e-01 6.656011193991e-02 7.884042710066e-02 1.230207458138e-01 2.933143079281e-01 1.629875749350e-01 1.498061418533e-01 8.242487907410e-02 7.272849977016e-02 1.424195766449e-01 1.252088546753e-01 1.122267842293e+00 1.761382520199e-01 1.627619415522e-01 1.001814678311e-01 6.741990894079e-02 6.205123290420e-02 5.936462804675e-02 6.312330067158e-02 7.814441621304e-02 1.078706234694e-01 1.921377182007e-01 2.375225424767e-01 4.287634491920e-01 6.457798480988e-01 4.056479930878e-01 2.271667718887e-01 2.978748977184e-01
1.548905298114e-02 2.764052525163e-02 3.698871284723e-02 4.118006303906e-02 6.496671587229e-02 4.203403368592e-02 5.001794919372e-02 5.654448270798e-02 6.247896328568e-02 6.787286698818e-02 7.268160581589e-02 7.535949349403e-02 8.262026309967e-02 8.778958767653e-02 1.731395870447e-01 1.798322945833e-01 8.983418345451e-02 7.228815555573e-02 1.050528213382e-01 3.310641646385e-01 1.469183713198e-01 1.755360513926e-01 1.146971136332e-01 8.691484481096e-02 1.246248781681e-01 2.685147225857e-01 4.870715141296e-01 1.356996297836e-01 1.748505681753e-01 7.758748531342e-02 5.963464453816e-02 5.560965836048e-02 5.658264458179e-02 6.487492471933e-02 7.990204542875e-02 9.767089039087e-02 1.084522008896e-01 1.503217965364e-01 2.805436849594e-01 3.318061530590e-01 2.138256281614e-01 2.474920004606e-01 2.830095291138e-01
