VariationalSeries/SI/f79.grd
DSAA
101	101
32.816463539100	34.260883539100
35.556306596100	36.727886596100
9.080167510547e-04	3.211344146729e+01
[rows 19 to 37 of 101, columns 43 to 85 of 101]
6.457917392254e-02 9.181544929743e-02 1.195773184299e-01 1.224905773997e-01 7.886853069067e-02 5.022911727428e-02 4.730653762817e-02 6.865591555834e-02 5.618495494127e-02 5.731828883290e-02 5.252530425787e-02 7.246335595846e-02 5.226236581802e-02 4.755219072104e-02 6.231560558081e-02 5.837087705731e-02 5.088801309466e-02 4.031445086002e-02 4.669382423162e-02 4.107192531228e-02 2.596511691809e-02 2.695094235241e-02 3.189432248473e-02 3.185985609889e-02 3.036181628704e-02 4.508814215660e-02 3.724722191691e-02 2.226741798222e-02 1.579631306231e-02 2.425329014659e-02 3.638375923038e-02 5.538029596210e-02 6.247648596764e-02 4.835025593638e-02 2.587518282235e-02 1.821691915393e-02 1.244162768126e-02 1.853016577661e-02 1.677875407040e-02 8.441534824669e-03 1.026531960815e-02 8.464165031910e-03 6.395788397640e-03
6.815642863512e-02 8.978502452374e-02 1.274712383747e-01 1.476231515408e-01 1.080469936132e-01 5.189950764179e-02 5.021762475371e-02 7.289731502533e-02 4.903300851583e-02 6.189143657684e-02 6.507755070925e-02 8.214701712132e-02 6.430294364691e-02 5.041875317693e-02 7.048442214727e-02 7.218855619431e-02 4.939860478044e-02 3.963297232985e-02 4.177163913846e-02 3.541670367122e-02 2.989724092185e-02 3.695242851973e-02 4.490105435252e-02 4.270955547690e-02 3.675314038992e-02 4.627301543951e-02 3.679969161749e-02 2.182719856501e-02 1.818552799523e-02 3.362461552024e-02 5.615040287375e-02 7.316849380732e-02 6.524621695280e-02 3.991562128067e-02 2.229603566229e-02 1.863730885088e-02 1.993106678128e-02 2.215040102601e-02 2.144257165492e-02 1.450515910983e-02 1.208724640310e-02 1.028592977673e-02 8.481348864734e-03
7.217406481504e-02 7.770864665508e-02 1.176302060485e-01 1.542977690697e-01 1.326659917831e-01 6.405038386583e-02 5.296438187361e-02 7.742594927549e-02 4.042331874371e-02 5.848232284188e-02 6.179866939783e-02 8.760430663824e-02 7.655029743910e-02 5.450454354286e-02 7.681363075972e-02 7.664620131254e-02 5.184458196163e-02 3.707872331142e-02 4.042850434780e-02 3.395024314523e-02 3.463419899344e-02 4.601060971618e-02 4.926579445601e-02 4.815699160099e-02 4.478268697858e-02 4.536087810993e-02 3.210534900427e-02 2.083309553564e-02 3.235576674342e-02 5.611639097333e-02 7.840865850449e-02 7.583330571651e-02 5.113271996379e-02 2.634175308049e-02 2.207062393427e-02 2.012998238206e-02 2.243526466191e-02 2.545803412795e-02 2.609339170158e-02 1.927047036588e-02 1.696598157287e-02 1.498961076140e-02 1.270429510623e-02
6.848733872175e-02 6.521453708410e-02 9.983797371387e-02 1.472873091698e-01 1.466119289398e-01 8.222891390324e-02 6.076917424798e-02 8.221372216940e-02 4.298687353730e-02 5.168224498630e-02 5.352237448096e-02 8.883563429117e-02 8.777373284101e-02 6.043578311801e-02 8.142550289631e-02 7.339927554131e-02 5.253408476710e-02 3.708772361279e-02 3.623660653830e-02 4.021112248302e-02 4.295021295547e-02 4.591181874275e-02 4.502471536398e-02 4.009706154466e-02 5.043653398752e-02 4.542238637805e-02 2.463070116937e-02 3.452369570732e-02 5.929693579674e-02 8.330588787794e-02 8.167526125908e-02 5.661104619503e-02 2.893872000277e-02 2.748704142869e-02 1.675900816917e-02 1.774038374424e-02 1.913409307599e-02 2.783306688070e-02 2.998104505241e-02 1.949186623096e-02 1.920973137021e-02 1.808544434607e-02 1.631952822208e-02
5.591616034508e-02 6.860934942961e-02 8.155883103609e-02 1.306705027819e-01 1.478875428438e-01 9.894818067551e-02 7.615818083286e-02 8.675807714462e-02 4.562702775002e-02 4.465254768729e-02 6.303488463163e-02 8.684474229813e-02 9.670735895634e-02 6.930115818977e-02 7.820542901754e-02 6.387408077717e-02 5.138639733195e-02 4.029153287411e-02 4.453589022160e-02 5.640882253647e-02 4.818108305335e-02 4.293182492256e-02 3.973153978586e-02 4.444121196866e-02 4.543033987284e-02 3.478468954563e-02 3.642768040299e-02 6.349316239357e-02 9.064473956823e-02 8.786579966545e-02 5.951292440295e-02 3.149746730924e-02 2.094968967140e-02 2.595511265099e-02 1.713154092431e-02 1.789916492999e-02 1.577543094754e-02 2.918540127575e-02 3.295985981822e-02 1.590591669083e-02 1.639729924500e-02 1.706628873944e-02 1.732142828405e-02
7.770994305611e-02 7.245543599129e-02 6.499348580837e-02 1.109209284186e-01 1.410974711180e-01 1.106869131327e-01 7.335953414440e-02 9.222814440727e-02 7.144380360842e-02 5.947802215815e-02 7.981289178133e-02 8.218626677990e-02 1.025852859020e-01 8.378795534372e-02 7.041589170694e-02 4.948366805911e-02 5.424142256379e-02 5.647677555680e-02 7.291091233492e-02 6.231989711523e-02 4.729251563549e-02 4.681565612555e-02 4.042452946305e-02 3.916998580098e-02 3.649660572410e-02 3.689612075686e-02 6.923123449087e-02 9.816260635853e-02 9.319673478603e-02 6.231397017837e-02 3.329364210367e-02 1.737712696195e-02 2.798295766115e-02 2.188962884247e-02 1.677126437426e-02 1.704548671842e-02 1.837042160332e-02 2.947105467319e-02 3.509206324816e-02 1.809156313539e-02 1.189265493304e-02 1.280043087900e-02 1.438990700990e-02
1.200159937143e-01 7.330267131329e-02 6.702218949795e-02 9.301648288965e-02 1.307299435139e-01 1.175206601620e-01 6.739429384470e-02 9.872354567051e-02 8.618666976690e-02 8.527098596096e-02 9.443189203739e-02 9.344989061356e-02 1.050462648273e-01 9.665716439486e-02 5.835006386042e-02 6.863392889500e-02 8.194013684988e-02 8.404076844454e-02 8.228676766157e-02 5.968463420868e-02 5.206210911274e-02 5.057387799025e-02 4.634976014495e-02 4.251728579402e-02 3.778880462050e-02 7.278639823198e-02 1.073771640658e-01 1.003187745810e-01 6.509724259377e-02 3.404268622398e-02 2.599629200995e-02 2.271478064358e-02 3.272075578570e-02 2.305153384805e-02 1.895108819008e-02 1.431212387979e-02 2.034774795175e-02 2.851490862668e-02 3.631301596761e-02 2.032494358718e-02 1.227006502450e-02 8.907515555620e-03 1.039067562670e-02
1.594161987305e-01 7.561724632978e-02 7.230576872826e-02 7.968767732382e-02 1.186267361045e-01 1.212645247579e-01 7.889172434807e-02 1.061130911112e-01 7.198923081160e-02 9.424174576998e-02 1.036057844758e-01 1.002090871334e-01 1.045894175768e-01 1.075989454985e-01 7.231535017490e-02 8.070928603411e-02 9.521046280861e-02 9.269219636917e-02 7.977057993412e-02 6.994029879570e-02 5.497727543116e-02 5.448671430349e-02 5.804074183106e-02 4.259029030800e-02 7.371522486210e-02 1.147306486964e-01 1.103591322899e-01 6.892783194780e-02 3.492497280240e-02 3.643915802240e-02 3.994064033031e-02 2.957955002785e-02 3.203188627958e-02 2.336313202977e-02 1.925910823047e-02 1.420594938099e-02 2.033478394151e-02 2.715654857457e-02 3.653118386865e-02 2.230799570680e-02 1.275306846946e-02 8.320704102516e-03 8.797543123364e-03
1.875667870045e-01 8.381521701813e-02 7.696098089218e-02 7.042039930820e-02 1.068784594536e-01 1.237034797668e-01 8.966454118490e-02 1.131067574024e-01 6.450676172972e-02 8.184441924095e-02 1.132478117943e-01 9.529338032007e-02 1.010655462742e-01 1.163938567042e-01 8.937515318394e-02 1.065758690238e-01 1.008264943957e-01 1.012030243874e-01 8.194671571255e-02 8.318825066090e-02 5.742328613997e-02 5.781178548932e-02 6.273322552443e-02 7.088991254568e-02 1.201618015766e-01 1.223468333483e-01 7.647795230150e-02 5.660678446293e-02 4.827846959233e-02 3.513034805655e-02 6.266276538372e-02 4.261798411608e-02 2.507430873811e-02 2.216203883290e-02 1.853123679757e-02 1.443786080927e-02 2.548374049366e-02 2.698887139559e-02 3.590573742986e-02 2.393168583512e-02 1.416303962469e-02 1.014352962375e-02 9.898982010782e-03
2.562116682529e-01 1.176065430045e-01 8.658380061388e-02 6.871530413628e-02 9.605491161346e-02 1.249422580004e-01 1.006923690438e-01 1.207198351622e-01 7.545673102140e-02 8.736211806536e-02 1.259727925062e-01 8.182887732983e-02 9.327418357134e-02 1.175708845258e-01 1.155459210277e-01 1.094736903906e-01 1.042696014047e-01 9.380548447371e-02 1.006386280060e-01 9.151607006788e-02 7.021194696426e-02 5.797480046749e-02 6.505114585161e-02 1.224873960018e-01 1.354400366545e-01 8.732364326715e-02 6.520389020443e-02 7.688131928444e-02 6.440272182226e-02 5.731785297394e-02 8.314521610737e-02 4.801346361637e-02 2.178515307605e-02 1.897936314344e-02 1.664995588362e-02 1.771935075521e-02 3.848687559366e-02 3.899090364575e-02 3.492965176702e-02 2.549302019179e-02 1.626184023917e-02 1.166424062103e-02 1.073241606355e-02
2.921971678734e-01 1.723588258028e-01 9.516124427319e-02 8.405154943466e-02 1.084000393748e-01 1.248317807913e-01 1.129878237844e-01 1.297327429056e-01 9.818988293409e-02 1.125348210335e-01 1.307874917984e-01 1.025148779154e-01 8.503250777721e-02 1.138743460178e-01 1.290477663279e-01 2.270313352346e-01 1.219465062022e-01 1.141781881452e-01 1.155745834112e-01 9.120871126652e-02 8.662924170494e-02 7.967675477266e-02 1.218322962523e-01 1.444070041180e-01 9.889835864305e-02 6.903313100338e-02 8.072011172771e-02 9.117016941309e-02 8.042411506176e-02 8.378107100725e-02 8.859620243311e-02 4.162663593888e-02 1.969114318490e-02 1.731205172837e-02 1.659953035414e-02 1.478694938123e-02 5.902705341578e-02 4.658107087016e-02 3.784269094467e-02 2.657446824014e-02 1.830212026834e-02 1.270913612098e-02 1.085687708110e-02
3.016291260719e-01 1.905398964882e-01 1.040125489235e-01 9.317822754383e-02 1.281021684408e-01 1.207615360618e-01 1.248357892036e-01 1.395480334759e-01 1.110697165132e-01 1.426535993814e-01 1.465725749731e-01 1.952618360519e-01 1.722317337990e-01 1.220741420984e-01 2.021711915731e-01 2.910226881504e-01 1.285853385925e-01 1.573746800423e-01 1.562620401382e-01 1.279884427786e-01 1.015516594052e-01 1.220959573984e-01 1.525578349829e-01 1.093782559037e-01 7.946576923132e-02 8.092076331377e-02 8.822728693485e-02 9.900846332312e-02 9.711617231369e-02 1.010489314795e-01 7.613453269005e-02 2.932801470160e-02 2.186322025955e-02 1.776940748096e-02 1.700055971742e-02 2.814608253539e-02 8.154524862766e-02 4.541017115116e-02 4.480206221342e-02 2.731781266630e-02 2.007076516747e-02 1.481594517827e-02 1.098526641726e-02
2.986311316490e-01 1.653878092766e-01 1.662508845329e-01 1.017664596438e-01 1.467190980911e-01 1.149519234896e-01 1.359674781561e-01 1.502830833197e-01 1.163720116019e-01 1.634902507067e-01 1.593700647354e-01 1.420357078314e-01 1.282391548157e-01 9.909274429083e-02 1.401590406895e-01 1.877986341715e-01 1.094021871686e-01 1.562832146883e-01 1.708554774523e-01 1.427454799414e-01 1.275573074818e-01 1.603958010674e-01 1.197395548224e-01 8.846167474985e-02 8.628141880035e-02 8.230534195900e-02 8.885624259710e-02 1.063803434372e-01 1.076176911592e-01 9.986863285303e-02 6.080032885075e-02 2.912930957973e-02 2.805980108678e-02 3.409276902676e-02 3.902506455779e-02 5.682764574885e-02 9.218651056290e-02 4.769390448928e-02 3.769911453128e-02 2.708894573152e-02 2.435695752501e-02 1.847925595939e-02 1.308692432940e-02
3.109299540520e-01 1.679804027081e-01 1.856619417667e-01 1.368534564972e-01 1.634352207184e-01 1.398576945066e-01 1.451651751995e-01 1.603062152863e-01 1.668002754450e-01 1.633189618587e-01 1.168951839209e-01 1.046945005655e-01 1.404806971550e-01 1.344628036022e-01 9.754625707865e-02 9.123487025499e-02 1.285017728806e-01 1.529888510704e-01 1.477335095406e-01 1.345879137516e-01 1.710843443871e-01 1.298844069242e-01 1.030260697007e-01 9.058646857738e-02 8.360698074102e-02 7.116614282131e-02 8.694231510162e-02 1.085808426142e-01 1.149249970913e-01 1.077591031790e-01 7.445435225964e-02 5.132559314370e-02 5.347849428654e-02 5.322699248791e-02 5.129135772586e-02 8.860262483358e-02 7.605309784412e-02 3.331325575709e-02 3.614436089993e-02 3.709713742137e-02 3.451440855861e-02 2.675868943334e-02 1.711722649634e-02
3.031281232834e-01 1.638461649418e-01 1.444315463305e-01 1.790194064379e-01 1.808734834194e-01 1.700333207846e-01 1.607492864132e-01 1.705964654684e-01 1.767702549696e-01 1.435279250145e-01 1.484885960817e-01 1.752845793962e-01 1.457734256983e-01 1.254403442144e-01 1.448499411345e-01 1.469633877277e-01 1.605541855097e-01 1.516732275486e-01 1.473900824785e-01 1.840477585793e-01 1.429356187582e-01 1.187201067805e-01 1.012806668878e-01 7.887175679207e-02 8.008132874966e-02 8.995632082224e-02 9.500572830439e-02 1.178809553385e-01 1.228758096695e-01 1.187994480133e-01 8.874983340502e-02 5.909757316113e-02 5.238297954202e-02 4.443913325667e-02 8.065164834261e-02 9.210763126612e-02 4.098401963711e-02 3.783609718084e-02 3.965232893825e-02 4.042080044746e-02 3.838250413537e-02 3.220723569393e-02 2.242508344352e-02
2.832399010658e-01 1.581763774157e-01 1.579591333866e-01 1.794982105494e-01 1.915544867516e-01 2.127255499363e-01 1.556608825922e-01 1.769895702600e-01 1.894024908543e-01 1.533189713955e-01 1.616745591164e-01 1.984047740698e-01 1.824647784233e-01 1.496738940477e-01 1.489102244377e-01 1.746724545956e-01 2.178847342730e-01 1.578117311001e-01 2.051453441381e-01 1.576281189919e-01 1.101780608296e-01 1.071649342775e-01 8.599839359522e-02 8.735127002001e-02 8.525178581476e-02 1.035170927644e-01 1.116364374757e-01 1.082382649183e-01 1.300497949123e-01 1.305137723684e-01 1.017371788621e-01 4.484371840954e-02 5.538256838918e-02 8.570666611195e-02 9.268747270107e-02 5.406323820353e-02 3.331493586302e-02 3.385078534484e-02 3.394376486540e-02 3.471848368645e-02 3.480576723814e-02 3.237431123853e-02 2.597176842391e-02
2.610258460045e-01 1.660020351410e-01 1.815391182899e-01 2.271897047758e-01 1.946990936995e-01 2.627217471600e-01 1.902312487364e-01 2.061397135258e-01 3.178940117359e-01 2.317160665989e-01 2.402438968420e-01 1.603349745274e-01 1.482471972704e-01 1.548646837473e-01 1.850852370262e-01 1.730074733496e-01 3.149255514145e-01 2.361828386784e-01 1.919089853764e-01 1.457905620337e-01 1.089864373207e-01 9.924287348986e-02 8.388012647629e-02 6.861062347889e-02 8.009514957666e-02 1.124811619520e-01 1.413257867098e-01 1.098054200411e-01 1.362105160952e-01 1.428304016590e-01 1.161378398538e-01 7.494449615479e-02 9.487217664719e-02 8.756818622351e-02 4.996309056878e-02 3.372531011701e-02 3.180408850312e-02 2.973399497569e-02 2.759439311922e-02 2.638352103531e-02 3.014606237411e-02 3.128027170897e-02 2.849884517491e-02
2.845564484596e-01 2.118915468454e-01 1.995332986116e-01 2.869546115398e-01 2.239012420177e-01 3.195574581623e-01 2.422513961792e-01 3.058321177959e-01 4.429028630257e-01 2.712203264236e-01 2.894516289234e-01 2.180476039648e-01 2.059457302094e-01 2.001169472933e-01 1.856244951487e-01 1.601601690054e-01 3.668862283230e-01 2.614218592644e-01 1.725598573685e-01 1.192335560918e-01 8.200366795063e-02 5.174710601568e-02 7.138478010893e-02 9.986619651318e-02 1.125045269728e-01 1.061783954501e-01 1.384124755859e-01 1.219637915492e-01 1.543708592653e-01 1.525845676661e-01 1.211619600654e-01 9.623355418444e-02 7.198231667280e-02 3.527360036969e-02 2.228716388345e-02 2.113857492805e-02 1.805238425732e-02 1.589609123766e-02 1.652613654733e-02 2.411667071283e-02 3.139802068472e-02 3.639036044478e-02 3.788977861404e-02
2.372237592936e-01 3.331655859947e-01 2.309843152761e-01 3.394449055195e-01 3.059599101543e-01 3.608380258083e-01 4.149647653103e-01 3.833338916302e-01 3.640533387661e-01 3.216206133366e-01 3.431133329868e-01 2.816434800625e-01 2.168918401003e-01 2.042518705130e-01 2.148481905460e-01 1.588393896818e-01 2.842176556587e-01 2.372030168772e-01 1.504834890366e-01 1.197797954082e-01 7.902107387781e-02 1.072256565094e-01 1.172561720014e-01 1.136398315430e-01 1.032014936209e-01 8.149475604296e-02 1.090079098940e-01 1.516834348440e-01 1.608544290066e-01 1.343289464712e-01 9.422920644283e-02 4.813028499484e-02 4.024319350719e-02 3.460191562772e-02 2.863425947726e-02 2.840529568493e-02 3.705361858010e-02 4.301287606359e-02 4.505511000752e-02 4.329470172524e-02 3.793533518910e-02 3.048033453524e-02 3.228029236197e-02
