VariationalSeries/SI/f79.grd
DSAA
101	101
32.816463539100	34.260883539100
35.556306596100	36.727886596100
9.080167510547e-04	3.211344146729e+01
[rows 57 to 75 of 101, columns 43 to 85 of 101]
4.722700715065e-01 4.433090984821e-01 2.862921059132e-01 2.360398620367e-01 2.310556769371e-01 3.302874565125e-01 3.434674143791e-01 4.480654597282e-01 3.475303649902e-01 2.416555732489e-01 1.862139999866e-01 1.515465378761e-01 1.195294409990e-01 1.951263844967e-01 4.729497134686e-01 1.399701237679e+00 4.190170288086e+00 3.988958597183e+00 3.321481466293e+00 2.056730031967e+00 8.058884143829e-01 6.110728383064e-01 1.062423944473e+00 2.097518682480e+00 8.480262756348e-01 3.258801102638e-01 3.573389947414e-01 2.843782603741e-01 3.387030959129e-01 3.383184969425e-01 3.022043406963e-01 2.251985967159e-01 2.520521283150e-01 3.577348589897e-01 2.222338020802e-01 1.156501173973e-01 1.355802565813e-01 2.092725634575e-01 2.612661719322e-01 1.901974380016e-01 8.082491159439e-02 5.572588741779e-02 5.210734903812e-02
6.033557653427e-01 5.898084044456e-01 3.274840712547e-01 1.815908849239e-01 1.787351071835e-01 2.683753967285e-01 3.504063487053e-01 1.147268891335e+00 8.683360219002e-01 3.020679950714e-01 1.878157407045e-01 1.132091805339e-01 9.510268270969e-02 9.562834352255e-02 1.097047701478e-01 1.050764799118e+00 1.491069912910e+00 1.823858737946e+00 1.582976222038e+00 1.232358932495e+00 7.423330545425e-01 5.612507462502e-01 4.320327043533e-01 3.961893916130e-01 5.516991019249e-01 1.249310612679e+00 3.876699805260e-01 3.947517573833e-01 4.329735040665e-01 2.317066043615e-01 3.069504201412e-01 2.364260852337e-01 2.026305645704e-01 1.668432801962e-01 1.467154324055e-01 1.304944604635e-01 1.046922653913e-01 1.038048490882e-01 1.142359152436e-01 1.252386868000e-01 9.039635211229e-02 5.878669396043e-02 5.609231814742e-02
5.768312215805e-01 6.013606786728e-01 3.582998216152e-01 1.721485257149e-01 2.011652141809e-01 2.945130467415e-01 4.728558957577e-01 1.445137739182e+00 1.219594597816e+00 3.604125082493e-01 1.920221149921e-01 1.112045943737e-01 7.132441550493e-02 6.597455590963e-02 7.973344624043e-02 7.916100323200e-02 1.119284033775e-01 1.523596495390e-01 1.858302801847e-01 2.498742938042e-01 2.849523127079e-01 2.587318718433e-01 2.272934764624e-01 2.290108799934e-01 5.451582074165e-01 2.511713743210e+00 1.178011417389e+00 4.973506033421e-01 4.824489653111e-01 4.830542504787e-01 3.101665675640e-01 2.089289575815e-01 1.854579299688e-01 1.674899160862e-01 2.058477401733e-01 9.889136999846e-02 9.844744205475e-02 8.848597854376e-02 1.111307069659e-01 9.332176297903e-02 1.019176393747e-01 8.787140250206e-02 6.196145340800e-02
4.603577852249e-01 4.850671589375e-01 2.916591465473e-01 2.029934674501e-01 3.792322874069e-01 3.894674479961e-01 1.077577948570e+00 6.073165535927e-01 1.703306913376e+00 2.799089550972e-01 1.671874225140e-01 1.048598811030e-01 6.133611872792e-02 5.021070316434e-02 8.180624991655e-02 9.967406839132e-02 5.684021115303e-02 8.437307178974e-02 1.150705143809e-01 1.205019354820e-01 1.608693748713e-01 2.450655251741e-01 1.698034554720e-01 1.593400090933e-01 4.613899588585e-01 8.925449252129e-01 3.836706399918e+00 3.984886109829e-01 4.298920631409e-01 4.595717787743e-01 3.905661404133e-01 2.948144972324e-01 1.539945453405e-01 1.501418352127e-01 1.536744087934e-01 1.558608412743e-01 1.116534247994e-01 9.205649048090e-02 8.623979240656e-02 8.533440530300e-02 1.044864580035e-01 1.492091566324e-01 1.293972134590e-01
3.440117239952e-01 3.217249214649e-01 1.672079265118e-01 1.764075160027e-01 2.174730449915e-01 2.531275153160e-01 4.598729014397e-01 8.645077347755e-01 6.658754944801e-01 1.812631934881e-01 1.213562414050e-01 8.867902308702e-02 5.579156801105e-02 4.186625406146e-02 3.767200186849e-02 1.004176586866e-01 1.055400073528e-01 8.159366995096e-02 1.004810631275e-01 1.107123866677e-01 9.180970489979e-02 1.536325961351e-01 1.104710847139e-01 1.242965087295e-01 2.039553523064e-01 9.510768055916e-01 2.371936798096e+00 2.971615791321e-01 3.751114606857e-01 2.194431722164e-01 1.859737187624e-01 3.046231865883e-01 1.382709741592e-01 1.450845450163e-01 1.370817869902e-01 1.421804577112e-01 1.518285721540e-01 3.026703298092e-01 2.062381803989e-01 9.948801249266e-02 9.607317298651e-02 1.124135330319e-01 1.542073190212e-01
2.652362287045e-01 1.928156465292e-01 1.187818869948e-01 2.143526524305e-01 4.060713350773e-01 2.769288420677e-01 4.154810309410e-01 2.458565533161e-01 7.878435403109e-02 1.099038869143e-01 8.638074249029e-02 6.780996173620e-02 5.147350206971e-02 3.976827114820e-02 4.398051649332e-02 5.460290983319e-02 1.094621717930e-01 1.087212339044e-01 1.315816342831e-01 1.095710396767e-01 9.808014333248e-02 8.491728454828e-02 8.404964208603e-02 1.239411160350e-01 1.907982081175e-01 4.656073153019e-01 7.374506592751e-01 9.808097481728e-01 5.794669389725e-01 2.538222968578e-01 2.305243164301e-01 1.370115131140e-01 2.099712044001e-01 1.154834926128e-01 1.237912178040e-01 1.369258314371e-01 2.145493775606e-01 7.848900556564e-01 1.092325672507e-01 1.147621050477e-01 1.175710335374e-01 1.207454130054e-01 1.266571283340e-01
2.040238380432e-01 1.109722405672e-01 1.019212380052e-01 1.376266479492e-01 1.792469024658e-01 3.206812143326e-01 2.217340618372e-01 1.377534866333e-01 9.609054028988e-02 8.437937498093e-02 7.172609120607e-02 6.083394214511e-02 4.916160181165e-02 4.845669493079e-02 5.403166264296e-02 6.649877876043e-02 9.773490577936e-02 1.239602938294e-01 1.420528143644e-01 1.170886680484e-01 9.461732953787e-02 8.429366350174e-02 8.950931578875e-02 9.974386543036e-02 2.647570669651e-01 5.126383900642e-01 3.273687362671e-01 7.611139416695e-01 6.815137863159e-01 3.768637478352e-01 5.395531058311e-01 1.893977820873e-01 1.517122238874e-01 2.204543203115e-01 8.828681707382e-02 8.119805902243e-02 1.495434194803e-01 1.625998914242e-01 1.336813420057e-01 8.451154828072e-02 8.645197749138e-02 9.866847842932e-02 1.223696693778e-01
1.675822138786e-01 8.193273842335e-02 8.365868031979e-02 1.010996922851e-01 1.245655715466e-01 1.348612308502e-01 1.045932099223e-01 8.571133762598e-02 6.964585185051e-02 7.140579074621e-02 6.319785118103e-02 6.267869472504e-02 6.238161772490e-02 5.647766962647e-02 6.204704195261e-02 7.739140838385e-02 1.125122010708e-01 1.292112469673e-01 1.307236701250e-01 1.045659705997e-01 8.246327936649e-02 8.186585456133e-02 8.772405982018e-02 9.262808412313e-02 1.939573734999e-01 1.349651515484e-01 2.250141948462e-01 2.835681140423e-01 8.040312528610e-01 1.328200578690e+00 1.735375076532e-01 2.177303433418e-01 2.394472062588e-01 4.952110350132e-01 1.760010272264e-01 1.102550029755e-01 2.711231708527e-01 4.519979059696e-01 5.137472748756e-01 3.559208512306e-01 1.022110804915e-01 8.006491065025e-01 1.010864496231e+00
1.084728613496e-01 5.578825995326e-02 6.773413717747e-02 7.857021689415e-02 8.406586945057e-02 8.216220885515e-02 7.207461446524e-02 6.213141232729e-02 6.455462425947e-02 7.072544097900e-02 7.472722232342e-02 7.147455215454e-02 6.382978707552e-02 5.521561577916e-02 6.049617007375e-02 7.532586157322e-02 1.035990491509e-01 1.068928912282e-01 9.717383980751e-02 9.001999348402e-02 8.244746923447e-02 7.824189215899e-02 9.391193836927e-02 1.002282798290e-01 8.765605092049e-02 1.123069077730e-01 1.432574093342e-01 2.213888913393e-01 4.937353730202e-01 6.817536354065e-01 9.549444317818e-01 2.326934188604e-01 1.860465854406e-01 8.125943541527e-01 2.146644294262e-01 1.208223998547e-01 4.259788990021e-01 9.187344908714e-01 1.081929326057e+00 6.671029329300e-01 6.912050843239e-01 1.228128075600e+00 1.436358451843e+00
5.708177387714e-02 5.040482804179e-02 5.653835088015e-02 5.628285557032e-02 6.323324888945e-02 6.599847972393e-02 6.144401803613e-02 6.669712811708e-02 8.199790120125e-02 8.746327459812e-02 8.186448365450e-02 6.913457065821e-02 5.497587472200e-02 4.627143964171e-02 5.146761983633e-02 6.440611928701e-02 8.285958319902e-02 7.604152709246e-02 7.697958499193e-02 1.031083092093e-01 7.444050908089e-02 7.026892900467e-02 8.706428855658e-02 1.096719279885e-01 1.175022646785e-01 1.762331277132e-01 2.201964408159e-01 2.204062938690e-01 3.481293618679e-01 4.182257652283e-01 1.375283122063e+00 2.895691096783e-01 1.867924928665e-01 1.104834079742e+00 1.901532113552e-01 1.620640605688e-01 9.595089405775e-02 9.989181160927e-02 1.505589336157e-01 7.793288677931e-02 2.828367948532e-01 6.778919696808e-02 8.101296424866e-02
4.110112413764e-02 4.710537195206e-02 4.936980828643e-02 4.810014739633e-02 5.385846272111e-02 5.549431964755e-02 5.732077360153e-02 6.483248621225e-02 7.520183175802e-02 7.371874153614e-02 6.050138175488e-02 4.997044429183e-02 4.267361015081e-02 4.335102066398e-02 4.426612704992e-02 3.821467235684e-02 4.288608953357e-02 4.664517566562e-02 6.266123056412e-02 7.112937420607e-02 9.331168979406e-02 6.549153476954e-02 6.688647717237e-02 6.968744844198e-02 8.175907284021e-02 2.056262791157e-01 3.409483432770e-01 2.438532561064e-01 2.865298092365e-01 2.881484925747e-01 1.368264555931e+00 4.130320549011e-01 6.954073309898e-01 6.172618269920e-01 1.131176799536e-01 1.553136855364e-01 1.441004276276e-01 1.300605535507e-01 1.326832324266e-01 1.126826256514e-01 2.064014673233e-01 6.148132309318e-02 5.563825368881e-02
4.064198955894e-02 4.477064684033e-02 4.446113854647e-02 4.338478669524e-02 4.635914787650e-02 5.391170829535e-02 6.173696741462e-02 4.639837518334e-02 5.043182522058e-02 4.694267362356e-02 5.056210234761e-02 4.890593141317e-02 4.723332077265e-02 4.605539888144e-02 4.448280110955e-02 5.482396483421e-02 4.979444295168e-02 4.631190374494e-02 5.053027346730e-02 7.291556149721e-02 5.271971970797e-02 7.491797208786e-02 5.732959136367e-02 7.294395565987e-02 8.407666534185e-02 1.030789315701e-01 2.185232043266e-01 2.957837879658e-01 2.502804100513e-01 3.068921864033e-01 6.707463264465e-01 3.821975290775e-01 4.390903115273e-01 4.093850553036e-01 4.513971209526e-01 7.870770245790e-02 1.229283064604e-01 1.516865640879e-01 9.044219553471e-02 1.211405247450e-01 1.094565689564e-01 8.702321350574e-02 6.362535804510e-02
3.907023370266e-02 4.201026633382e-02 4.028003662825e-02 3.922792151570e-02 5.100076645613e-02 7.178972661495e-02 4.002687707543e-02 4.173504933715e-02 5.314808338881e-02 5.710344016552e-02 5.214181542397e-02 5.176064744592e-02 5.174510180950e-02 4.760555177927e-02 5.237945541739e-02 6.766594946384e-02 6.125683337450e-02 2.894662506878e-02 3.162451833487e-02 6.554007530212e-02 5.827948451042e-02 5.646220594645e-02 6.061096861959e-02 7.470767199993e-02 8.736794441938e-02 1.162232384086e-01 1.677797883749e-01 2.542390227318e-01 2.192525863647e-01 2.282012254000e-01 2.755022346973e-01 3.902388811111e-01 4.598441421986e-01 1.189028024673e+00 5.061288475990e-01 2.575597465038e-01 1.299847513437e-01 1.830902993679e-01 7.309295982122e-02 4.550937935710e-02 4.368337616324e-02 7.320640236139e-02 3.876468166709e-02
3.492195159197e-02 3.745647519827e-02 3.584330901504e-02 4.139811545610e-02 7.459202408791e-02 3.763557225466e-02 3.492115065455e-02 4.867516458035e-02 5.993560329080e-02 6.139282509685e-02 8.007195591927e-02 7.540235668421e-02 6.369047611952e-02 6.873380392790e-02 1.011673882604e-01 1.172312498093e-01 7.627744972706e-02 7.863827794790e-02 7.064114511013e-02 6.751853227615e-02 6.749791651964e-02 6.998003274202e-02 5.951875075698e-02 7.229901105165e-02 9.050296992064e-02 1.192334666848e-01 1.553806364536e-01 2.066748440266e-01 2.263112813234e-01 2.900720834732e-01 3.178961575031e-01 3.701449632645e-01 3.662521541119e-01 1.232723355293e+00 3.198567628860e-01 1.796637624502e-01 8.328699320555e-02 6.709393113852e-02 4.388752952218e-02 3.023839741945e-02 2.878476493061e-02 3.896743804216e-02 4.542034864426e-02
2.997525222600e-02 3.174750879407e-02 3.496090322733e-02 6.923285126686e-02 4.888939857483e-02 4.033709317446e-02 4.569303989410e-02 4.506355896592e-02 5.238771438599e-02 8.248250186443e-02 1.006646081805e-01 9.429255872965e-02 8.456391841173e-02 9.444943815470e-02 1.014974489808e-01 2.407538592815e-01 2.592452764511e-01 3.261104524136e-01 3.275139033794e-01 3.507307767868e-01 1.374029070139e-01 7.363793998957e-02 1.019446775317e-01 1.160642579198e-01 1.302746981382e-01 1.891629993916e-01 5.022352933884e-01 4.693267047405e-01 4.172398149967e-01 3.121325075626e-01 2.782078385353e-01 2.548342645168e-01 4.523684382439e-01 2.059594839811e-01 1.283849924803e-01 9.241647273302e-02 4.664332419634e-02 5.764674767852e-02 1.770133674145e-01 8.080604672432e-02 1.780984178185e-02 2.088024280965e-02 2.168047428131e-02
2.775315754116e-02 2.986318431795e-02 6.635358184576e-02 5.659418553114e-02 3.344241157174e-02 3.414535522461e-02 4.245186597109e-02 4.388203844428e-02 7.101129740477e-02 9.328234195709e-02 8.868648111820e-02 8.874028176069e-02 1.103917732835e-01 1.271986812353e-01 1.188903227448e-01 4.865714609623e-01 3.029977679253e-01 4.234026372433e-01 6.402921676636e-01 7.887893915176e-01 5.854588747025e-01 1.561142653227e-01 1.783028244972e-01 3.025320768356e-01 2.122568935156e-01 4.026569128036e-01 4.592159986496e-01 4.660902619362e-01 3.817404508591e-01 3.542445898056e-01 3.593251109123e-01 3.403523564339e-01 2.052249312401e-01 1.593921035528e-01 1.726875156164e-01 2.588536739349e-01 2.650300264359e-01 1.146340966225e-01 1.221728697419e-01 5.531634390354e-02 2.241378463805e-02 2.143279463053e-02 9.454782307148e-02
3.087578527629e-02 6.661435961723e-02 6.099147349596e-02 4.331183061004e-02 3.891475871205e-02 3.513641282916e-02 4.860959202051e-02 6.513646990061e-02 6.780081987381e-02 6.621505320072e-02 7.623123377562e-02 9.604074060917e-02 1.240898892283e-01 1.782594472170e-01 1.265451073647e+00 1.619181394577e+00 9.588987231255e-01 8.483882546425e-01 1.300460219383e+00 8.264501690865e-01 3.288612961769e-01 1.965680867434e-01 4.904898405075e-01 4.094069898129e-01 8.420248627663e-01 4.475774168968e-01 3.635963499546e-01 3.600899875164e-01 3.353946506977e-01 2.871361374855e-01 6.854092478752e-01 2.857699692249e-01 1.633697450161e-01 1.451621353626e-01 1.594675332308e-01 1.035886481404e-01 1.122614741325e-01 6.602836400270e-02 7.142468541861e-02 7.875216752291e-02 2.412597648799e-02 2.376647293568e-02 2.289939671755e-02
6.651388108730e-02 7.494328171015e-02 6.231034919620e-02 4.611385613680e-02 2.815806865692e-02 7.267748564482e-02 7.145652174950e-02 7.608044147491e-02 1.211441084743e-01 7.279014587402e-02 4.075042530894e-02 6.141041219234e-02 7.656391710043e-02 2.691832482815e-01 1.400870800018e+00 9.325241446495e-01 5.031482577324e-01 3.163946568966e-01 9.974022954702e-02 9.685675054789e-02 1.703187078238e-01 7.378429919481e-02 1.013960391283e-01 1.453690677881e-01 1.166543364525e+00 5.941029191017e-01 1.696725785732e-01 2.953339517117e-01 1.861671209335e-01 2.048659473658e-01 2.996613681316e-01 1.527419835329e-01 1.071596518159e-01 8.775759488344e-02 1.134505644441e-01 1.506665349007e-01 9.530220925808e-02 4.084616899490e-02 4.793159663677e-02 5.955580621958e-02 7.984868437052e-02 3.705183044076e-02 9.136892110109e-02
8.091656118631e-02 8.216352760792e-02 9.428381919861e-02 7.522610574961e-02 2.691487967968e-02 8.732218295336e-02 3.293634057045e-01 5.530113726854e-02 1.791575551033e-01 1.170070096850e-01 8.218041807413e-02 1.612130999565e-01 2.525086998940e-01 8.067566156387e-01 4.547624289989e-01 1.845182031393e-01 4.479716122150e-01 5.874165892601e-01 1.543079018593e-01 4.657214879990e-01 4.705111086369e-01 9.741605073214e-02 7.331439852715e-02 3.651719987392e-01 4.541572332382e-01 2.523682415485e-01 1.512108147144e-01 9.325347095728e-02 7.803363353014e-02 6.867448240519e-02 6.194738671184e-02 6.695860624313e-02 8.781289309263e-02 9.957248717546e-02 8.608285337687e-02 1.002025753260e-01 1.364007890224e-01 9.920351952314e-02 6.370406597853e-02 6.885802745819e-02 6.991101056337e-02 8.469981700182e-02 9.588662534952e-02
