VariationalSeries/SI/f79.grd
DSAA
101	101
32.816463539100	34.260883539100
35.556306596100	36.727886596100
9.080167510547e-04	3.211344146729e+01
[rows 38 to 56 of 101, columns 43 to 85 of 101]
2.727014422417e-01 3.297098577023e-01 3.446485996246e-01 3.623853325844e-01 4.281831085682e-01 3.978214263916e-01 3.322088420391e-01 5.708575844765e-01 3.756962418556e-01 3.735479116440e-01 3.976478576660e-01 2.360879629850e-01 2.858665287495e-01 2.127953618765e-01 1.581976562738e-01 2.364840656519e-01 3.233738839626e-01 1.820462495089e-01 1.199255213141e-01 1.455778479576e-01 1.470509320498e-01 1.268063187599e-01 1.162582635880e-01 1.214582100511e-01 1.223598569632e-01 1.180599778891e-01 1.167669594288e-01 1.192391365767e-01 1.058793514967e-01 7.941528409719e-02 5.168481916189e-02 4.774992913008e-02 5.340919271111e-02 6.129286438227e-02 6.277085095644e-02 5.797721073031e-02 4.896028712392e-02 3.814745694399e-02 2.770712412894e-02 2.458292804658e-02 2.717163972557e-02 2.864942699671e-02 3.421208262444e-02
3.194672763348e-01 3.732415437698e-01 3.528995215893e-01 5.179241299629e-01 5.656062960625e-01 3.583593368530e-01 7.874549031258e-01 4.978278279305e-01 3.822017908096e-01 2.510890364647e-01 4.549332559109e-01 3.698134720325e-01 2.169431895018e-01 2.040055245161e-01 2.432343661785e-01 3.265531659126e-01 3.094989359379e-01 2.259093672037e-01 2.008621245623e-01 1.776262670755e-01 1.642610877752e-01 1.419851630926e-01 1.180920377374e-01 1.217860728502e-01 1.215150803328e-01 9.044858813286e-02 6.791863590479e-02 6.257566064596e-02 5.042864382267e-02 6.789535284042e-02 7.443927973509e-02 6.980318576097e-02 5.716098472476e-02 4.668016359210e-02 3.906043991446e-02 3.351251408458e-02 2.963671833277e-02 2.688238769770e-02 2.626558952034e-02 2.887536212802e-02 5.864123627543e-02 1.017583459616e-01 1.050629094243e-01
5.203073024750e-01 3.504956662655e-01 4.544356167316e-01 4.846903681755e-01 6.261031627655e-01 5.412443876266e-01 6.086193323135e-01 4.933102726936e-01 2.911976873875e-01 2.941617071629e-01 4.905939996243e-01 3.122892677784e-01 3.058128952980e-01 3.438053429127e-01 3.881208896637e-01 4.112197458744e-01 2.604961097240e-01 2.561540305614e-01 2.381892204285e-01 1.584498286247e-01 1.186448261142e-01 1.698908656836e-01 2.230273485184e-01 1.701072901487e-01 1.090945675969e-01 7.735894620419e-02 5.723548680544e-02 6.658634543419e-02 6.792220473289e-02 6.413601338863e-02 5.254963040352e-02 3.938587009907e-02 3.258809819818e-02 2.755461819470e-02 3.126592561603e-02 2.948984131217e-02 2.889159321785e-02 4.512932896614e-02 9.048373252153e-02 1.234161555767e-01 1.017192602158e-01 7.027616351843e-02 6.109896674752e-02
4.396094977856e-01 3.818367719650e-01 6.116967797279e-01 4.823329746723e-01 7.137807011604e-01 7.001844644547e-01 6.952974200249e-01 4.455171227455e-01 5.474532842636e-01 4.143255949020e-01 4.652810990810e-01 4.449296295643e-01 4.990231096745e-01 3.523626625538e-01 4.168323278427e-01 3.906844258308e-01 2.304937541485e-01 2.088605910540e-01 1.847865581512e-01 3.075751364231e-01 3.299069404602e-01 1.751101166010e-01 2.112492918968e-01 1.435483396053e-01 1.362234354019e-01 1.229300424457e-01 1.028463691473e-01 1.064744517207e-01 8.809812366962e-02 7.036819308996e-02 1.295948922634e-01 5.505816265941e-02 5.477553606033e-02 5.822928249836e-02 6.174383312464e-02 6.506836414337e-02 1.154479980469e-01 1.322260648012e-01 1.021905541420e-01 1.128241494298e-01 1.143457591534e-01 1.122786253691e-01 1.035076230764e-01
6.167101860046e-01 4.518438279629e-01 6.801127195358e-01 7.186948060989e-01 6.801381111145e-01 8.816694617271e-01 8.043009042740e-01 6.070643067360e-01 4.750498533249e-01 6.223812103271e-01 5.052959918976e-01 7.402610778809e-01 6.062757968903e-01 5.335405468941e-01 5.423448085785e-01 2.686592340469e-01 4.060060381889e-01 5.374947786331e-01 4.238111674786e-01 1.999098509550e-01 2.213361859322e-01 2.162382751703e-01 9.534320235252e-02 1.276705265045e-01 1.346440017223e-01 1.249231472611e-01 1.198002547026e-01 1.914587169886e-01 2.278747111559e-01 2.005711793900e-01 9.859991073608e-02 7.785631716251e-02 6.673286855221e-02 7.700619101524e-02 1.497492194176e-01 1.537043750286e-01 9.710150957108e-02 6.858350336552e-02 8.398463577032e-02 1.051070392132e-01 1.263018399477e-01 1.264041811228e-01 1.219674199820e-01
7.360305786133e-01 7.885496616364e-01 9.326791167259e-01 1.194367647171e+00 1.768417954445e+00 8.347366452217e-01 9.893311262131e-01 6.183884739876e-01 1.194357156754e+00 7.831361293793e-01 8.988130688667e-01 6.319603323936e-01 3.979860842228e-01 6.252025961876e-01 6.921416521072e-01 6.736388802528e-01 4.204036593437e-01 2.403666228056e-01 5.209954977036e-01 4.491349458694e-01 2.397241294384e-01 1.665165573359e-01 1.366398632526e-01 2.454542070627e-01 2.995078861713e-01 2.632775306702e-01 1.713530570269e-01 1.625875830650e-01 1.755658686161e-01 7.454220205545e-02 1.101767644286e-01 1.647558212280e-01 2.044467926025e-01 1.835307031870e-01 1.179166585207e-01 2.100796401501e-01 2.483320534229e-01 2.217068523169e-01 1.587070375681e-01 1.103071048856e-01 1.381449103355e-01 1.519116163254e-01 1.605047285557e-01
6.389518976212e-01 8.974754214287e-01 9.421938657761e-01 1.002810597420e+00 1.546139955521e+00 1.909561157227e+00 1.545137643814e+00 1.033721446991e+00 1.382452249527e+00 9.954380989075e-01 7.565723657608e-01 6.680895686150e-01 7.037982940674e-01 8.691616058350e-01 6.783143281937e-01 5.104867219925e-01 6.661609411240e-01 6.202948093414e-01 3.395561277866e-01 4.068208634853e-01 4.103364050388e-01 3.547193109989e-01 2.532740235329e-01 1.355498433113e-01 1.386508941650e-01 1.365174353123e-01 1.415834724903e-01 1.703273355961e-01 1.927067786455e-01 2.066043913364e-01 2.008409947157e-01 1.713366955519e-01 1.294712573290e-01 1.322193592787e-01 2.443481236696e-01 2.977488040924e-01 2.784411609173e-01 2.044544965029e-01 1.234589293599e-01 6.311409175396e-02 7.899381965399e-02 9.131385385990e-02 1.016650199890e-01
1.053231477737e+00 1.528769016266e+00 1.722297072411e+00 1.167103528976e+00 1.450627326965e+00 2.026772737503e+00 2.149773597717e+00 1.756453037262e+00 1.309488892555e+00 1.365823268890e+00 1.318630576134e+00 8.411110043526e-01 8.314577341080e-01 5.548480153084e-01 4.958499670029e-01 6.985576152802e-01 8.325949311256e-01 6.648819446564e-01 3.148870170116e-01 2.898141145706e-01 2.759003639221e-01 2.671736776829e-01 2.567089498043e-01 2.822238206863e-01 2.818474769592e-01 2.486477345228e-01 2.212661951780e-01 2.221247404814e-01 1.815105378628e-01 1.362267285585e-01 1.355353295803e-01 1.272076368332e-01 1.097716540098e-01 2.071388512850e-01 2.467886656523e-01 2.336237877607e-01 1.627962142229e-01 8.589594066143e-02 7.738894224167e-02 7.273897528648e-02 7.262781262398e-02 7.770628482103e-02 8.390472829342e-02
1.576832532883e+00 2.175679206848e+00 2.243651628494e+00 1.941291570663e+00 2.382417678833e+00 1.968164801598e+00 2.544032335281e+00 5.379918575287e+00 1.605853438377e+00 1.419490814209e+00 1.233844876289e+00 1.202437639236e+00 9.911747574806e-01 1.200015068054e+00 1.130620002747e+00 7.796469926834e-01 7.125918865204e-01 7.339739799500e-01 4.718268513680e-01 3.761857151985e-01 4.276717901230e-01 4.375756084919e-01 4.752064347267e-01 3.533899188042e-01 3.040326833725e-01 2.689661681652e-01 2.166179865599e-01 2.371297627687e-01 2.375570982695e-01 2.193544656038e-01 1.862945705652e-01 1.536412537098e-01 1.870879977942e-01 2.146428972483e-01 1.992314308882e-01 1.526979953051e-01 1.117125675082e-01 1.076005697250e-01 1.047755181789e-01 1.034645885229e-01 1.009426191449e-01 9.695877134800e-02 9.271346777678e-02
7.806798219681e-01 1.543174862862e+00 2.031244277954e+00 2.059226274490e+00 3.310101270676e+00 2.890665769577e+00 3.384486675262e+00 4.006269454956e+00 1.948095083237e+00 1.736992120743e+00 1.806377530098e+00 1.001868009567e+00 1.307562708855e+00 1.408743739128e+00 1.180545449257e+00 1.027768611908e+00 8.708332180977e-01 7.500545978546e-01 7.034013867378e-01 1.093845725060e+00 1.264823794365e+00 5.334194302559e-01 3.664754927158e-01 3.355943560600e-01 4.636328816414e-01 2.982994019985e-01 2.615237534046e-01 2.447441667318e-01 2.293805032969e-01 2.176788449287e-01 2.085468173027e-01 2.150283455849e-01 2.267866879702e-01 1.933748424053e-01 1.476362645626e-01 1.396382451057e-01 1.316398084164e-01 9.062898159027e-02 9.592048823833e-02 1.014340147376e-01 9.349674731493e-02 9.568522870541e-02 1.003359854221e-01
1.652374386787e+00 2.744538068771e+00 3.626203060150e+00 3.842788934708e+00 3.100637435913e+00 4.402408599854e+00 4.678506851196e+00 3.839130640030e+00 1.978664278984e+00 2.155582189560e+00 1.993929386139e+00 2.555104255676e+00 1.054688215256e+00 1.791851878166e+00 1.973496437073e+00 1.003268241882e+00 9.030955433846e-01 9.476508498192e-01 1.032898426056e+00 1.198354125023e+00 9.103490114212e-01 2.879551947117e-01 3.879671990871e-01 3.330727517605e-01 3.577326536179e-01 2.922197580338e-01 2.355778217316e-01 2.329618185759e-01 1.932295411825e-01 1.350631266832e-01 1.479158252478e-01 1.613513231277e-01 1.728650182486e-01 1.770254224539e-01 1.702243834734e-01 1.622149497271e-01 1.439108103514e-01 1.497530937195e-01 1.658264845610e-01 1.687873452902e-01 1.502384394407e-01 1.296388357878e-01 1.125120520592e-01
1.042225956917e+00 1.902403593063e+00 3.605843782425e+00 4.610468387604e+00 3.447266340256e+00 4.248747825623e+00 2.980669498444e+00 8.081095695496e+00 5.809552192688e+00 9.797557830811e+00 2.722152233124e+00 2.046261548996e+00 2.470335960388e+00 1.412117719650e+00 1.028748989105e+00 7.036983966827e-01 6.750777959824e-01 4.507919251919e-01 3.437498509884e-01 3.275991976261e-01 3.068202435970e-01 2.898493409157e-01 3.202484548092e-01 3.665958046913e-01 3.724245429039e-01 3.232215344906e-01 3.624617457390e-01 2.520039677620e-01 1.536042690277e-01 1.318867355585e-01 1.106890514493e-01 1.012519821525e-01 1.060257256031e-01 9.940490871668e-02 1.290153264999e-01 1.403320580721e-01 1.115823537111e-01 1.392425596714e-01 1.639253646135e-01 1.729905158281e-01 1.952686011791e-01 2.438179254532e-01 2.751117646694e-01
4.190551757812e+00 7.121322751045e-01 1.148775935173e+00 5.642743110657e+00 2.028434276581e+00 2.795898437500e+00 8.152266502380e+00 1.411317157745e+01 2.001016426086e+01 3.211344146729e+01 2.830382585526e+00 2.995912075043e+00 2.728744745255e+00 2.244726419449e+00 1.427602767944e+00 7.634442448616e-01 5.288805365562e-01 2.819432735443e+00 4.104846477509e+00 5.485545992851e-01 7.132250070572e-01 6.582697629929e-01 4.845423400402e-01 3.105505406857e-01 2.399592101574e-01 2.243695110083e-01 4.443784952164e-01 6.529377102852e-01 3.025186061859e-01 1.511376053095e-01 1.277989149094e-01 1.098849102855e-01 1.033009216189e-01 1.001317948103e-01 1.127421259880e-01 1.199439540505e-01 1.135108247399e-01 9.657097607851e-02 8.701595664024e-02 8.400090783834e-02 9.244934469461e-02 1.083181574941e-01 9.410252422094e-02
9.912964701653e-01 2.776368618011e+00 7.391718029976e-01 1.017928481102e+00 9.600974082947e+00 5.527556419373e+00 6.030694007874e+00 7.107745170593e+00 8.192254066467e+00 1.695025253296e+01 1.779482078552e+01 3.306332826614e+00 3.087195396423e+00 2.736121416092e+00 2.272455215454e+00 1.255167365074e+00 5.671246051788e-01 2.996556997299e+00 4.415390491486e-01 4.891416132450e-01 8.579652309418e-01 9.099839925766e-01 7.753574848175e-01 5.975766777992e-01 6.073040962219e-01 5.200599431992e-01 5.275971889496e-01 3.683915734291e-01 1.920215040445e-01 1.760789155960e-01 1.590521633625e-01 1.347254365683e-01 1.198706999421e-01 1.007954329252e-01 8.099386841059e-02 7.254423946142e-02 9.276074171066e-02 1.028353720903e-01 8.925472944975e-02 7.406103610992e-02 7.737211138010e-02 8.322750777006e-02 8.507981896400e-02
8.547884225845e-01 1.617929100990e+00 3.325018882751e+00 2.565594911575e+00 2.510878562927e+00 2.067612648010e+00 2.955290794373e+00 2.863864183426e+00 3.188998222351e+00 4.761017799377e+00 1.091403102875e+01 1.946866035461e+01 4.065466880798e+00 2.423135995865e+00 1.317141413689e+00 3.747361004353e-01 6.841633915901e-01 1.421327114105e+00 1.822921782732e-01 2.633551359177e-01 4.469001889229e-01 5.758088231087e-01 6.494414210320e-01 4.063010513783e-01 3.600116968155e-01 3.418372571468e-01 4.263587594032e-01 4.087978005409e-01 3.578777313232e-01 2.582674622536e-01 2.490911930799e-01 1.672532111406e-01 1.534889787436e-01 1.124099195004e-01 1.043572872877e-01 9.701099246740e-02 1.056447327137e-01 1.037733256817e-01 9.531756490469e-02 7.488702982664e-02 7.412240654230e-02 7.275030016899e-02 8.036466687918e-02
5.760982632637e-01 2.393459796906e+00 5.534477710724e+00 3.896086215973e+00 8.380583524704e-01 1.128269314766e+00 1.117015004158e+00 1.244802236557e+00 2.566674053669e-01 4.127425193787e+00 7.839144706726e+00 1.935807037354e+01 3.968934774399e+00 2.789132118225e+00 4.033990859985e+00 5.286860466003e-01 9.812132716179e-01 3.597746491432e-01 1.163267791271e-01 3.628951609135e-01 6.678611040115e-01 1.691291093826e+00 1.278136849403e+00 8.639968037605e-01 5.980439186096e-01 3.762604296207e-01 4.289769530296e-01 3.150413036346e-01 2.391677051783e-01 2.958529591560e-01 2.960155606270e-01 2.355990111828e-01 1.656418591738e-01 1.753918975592e-01 1.468677669764e-01 1.246822774410e-01 1.106165200472e-01 1.024509668350e-01 9.263865649700e-02 9.066213667393e-02 8.016370981932e-02 6.829086691141e-02 7.752522081137e-02
4.869197309017e-01 1.210524797440e+00 8.219903945923e+00 1.002990436554e+01 5.318946838379e+00 7.377158403397e-01 5.657328963280e-01 7.544763684273e-01 1.047938942909e+00 1.108404517174e+00 7.214846014977e-01 3.391247510910e+00 8.525320053101e+00 1.212224388123e+01 6.505265235901e+00 1.697910904884e+00 2.380103588104e+00 9.396429657936e-01 7.604956030846e-01 3.109408140182e+00 9.106693863869e-01 5.196800231934e+00 1.647656917572e+00 8.341174721718e-01 8.346933722496e-01 3.875179588795e-01 4.083828628063e-01 3.103842139244e-01 4.863720834255e-01 3.715556859970e-01 2.124276161194e-01 2.282705605030e-01 2.340257018805e-01 2.221814990044e-01 2.174683064222e-01 1.730972379446e-01 1.406490951777e-01 1.225577071309e-01 1.021791249514e-01 8.101349323988e-02 8.297350257635e-02 8.094477653503e-02 9.884735941887e-02
4.945748746395e-01 4.432837963104e-01 6.922522187233e-01 3.928827524185e+00 2.443103551865e+00 5.225132107735e-01 4.365737736225e-01 4.457283616066e-01 5.624089241028e-01 5.160195231438e-01 3.840098679066e-01 4.268845319748e-01 1.013567805290e+00 4.327730655670e+00 1.277931976318e+01 5.585977077484e+00 2.640908479691e+00 1.621811509132e+00 8.972279429436e-01 2.239987373352e+00 1.171807169914e+00 3.660996258259e-01 3.758149743080e-01 2.689730525017e-01 4.041064977646e-01 6.773438453674e-01 5.183247923851e-01 3.791538178921e-01 3.354988098145e-01 4.567558765411e-01 4.742185473442e-01 4.098435640335e-01 2.728109061718e-01 2.034941464663e-01 2.190520763397e-01 1.909571439028e-01 1.629772782326e-01 1.370314061642e-01 1.154500693083e-01 9.555631130934e-02 7.185707241297e-02 7.567740976810e-02 9.044198691845e-02
3.394737541676e-01 3.646580278873e-01 3.646099567413e-01 4.500684142113e-01 4.544553160667e-01 4.019440710545e-01 3.972759544849e-01 3.667597174644e-01 4.037682116032e-01 3.086357712746e-01 2.309932261705e-01 1.857779324055e-01 3.081612288952e-01 4.428577899933e+00 7.119775295258e+00 5.902228355408e+00 3.209339618683e+00 2.136292934418e+00 3.415131568909e+00 1.210657835007e+00 6.028363704681e-01 2.940043509007e-01 7.963664531708e-01 7.733924984932e-01 9.976204037666e-01 9.948176145554e-01 9.277660846710e-01 8.685374259949e-01 8.097520470619e-01 7.637518048286e-01 8.069606423378e-01 9.820359945297e-01 8.375831246376e-01 3.375912010670e-01 1.340203285217e-01 1.563886702061e-01 1.698954701424e-01 1.176608800888e-01 9.871181845665e-02 6.957171112299e-02 7.039801776409e-02 6.915242969990e-02 7.048102468252e-02
