VariationalSeries/SI/f8.grd
DSAA
101	101
32.816463539100	34.260883539100
35.556306596100	36.727886596100
4.553908947855e-04	1.786224937439e+01
[rows 19 to 37 of 101, columns 43 to 85 of 101]
2.764607593417e-02 3.920098766685e-02 5.116889253259e-02 5.275649949908e-02 3.496986255050e-02 4.564161971211e-02 4.298360273242e-02 3.164968639612e-02 2.413161657751e-02 2.479963004589e-02 2.348392829299e-02 3.260054439306e-02 2.611375413835e-02 2.538465149701e-02 3.215338662267e-02 4.244484752417e-02 4.056339710951e-02 2.993470430374e-02 3.556077554822e-02 3.199486434460e-02 2.031464502215e-02 2.239951491356e-02 2.898157574236e-02 1.574508845806e-02 1.292933057994e-02 2.102452702820e-02 1.735227555037e-02 1.035418082029e-02 8.022656664252e-03 9.999957866967e-03 1.506607700139e-02 2.293545193970e-02 2.585932798684e-02 1.999309472740e-02 1.737611368299e-02 1.309886481613e-02 8.930528536439e-03 7.404727861285e-03 6.720092613250e-03 5.744213238358e-03 7.571864407510e-03 6.237598136067e-03 4.555925261229e-03
3.002977371216e-02 3.823410719633e-02 5.436781421304e-02 6.330449134111e-02 4.697117954493e-02 4.043351858854e-02 4.562852531672e-02 3.368188068271e-02 2.121630683541e-02 2.704869210720e-02 2.861450985074e-02 3.676958754659e-02 3.012832067907e-02 3.162916377187e-02 3.369599208236e-02 4.164109379053e-02 4.428482055664e-02 2.971019037068e-02 3.226212039590e-02 2.654097229242e-02 2.342027984560e-02 3.357756137848e-02 4.080041497946e-02 2.402463555336e-02 1.476820372045e-02 2.163076773286e-02 1.717632636428e-02 1.201490778476e-02 1.331400405616e-02 1.439777016640e-02 2.336380071938e-02 3.038460202515e-02 2.704727835953e-02 2.094265818596e-02 1.606562733650e-02 1.310433913022e-02 8.495868183672e-03 8.872126229107e-03 8.607999421656e-03 6.955433171242e-03 7.359112612903e-03 5.185346119106e-03 4.724266938865e-03
3.112692013383e-02 3.308800980449e-02 5.012391135097e-02 6.604041159153e-02 5.742270126939e-02 3.936142846942e-02 4.812411591411e-02 3.586589172482e-02 2.254525572062e-02 2.583990804851e-02 2.737225405872e-02 3.916604071856e-02 3.420536592603e-02 3.573502972722e-02 3.676703572273e-02 3.908336162567e-02 4.647821933031e-02 2.817805670202e-02 2.876220270991e-02 2.187137119472e-02 2.657176740468e-02 4.180837795138e-02 4.476645588875e-02 2.713821083307e-02 1.804702170193e-02 2.438287064433e-02 1.501185260713e-02 1.527974195778e-02 1.572028733790e-02 2.348111942410e-02 3.271162509918e-02 3.155335411429e-02 2.122788131237e-02 2.393578365445e-02 1.589715667069e-02 1.205702219158e-02 9.296693839133e-03 1.022128853947e-02 1.050018332899e-02 7.928703911602e-03 8.447373285890e-03 6.167259998620e-03 5.234181880951e-03
2.932147867978e-02 2.895354479551e-02 4.258623346686e-02 6.303340941668e-02 6.334369629622e-02 4.350380599499e-02 5.101134255528e-02 3.817855566740e-02 2.255796082318e-02 2.306306734681e-02 2.620606683195e-02 3.973018005490e-02 3.814947977662e-02 3.725793585181e-02 3.981411084533e-02 3.434948250651e-02 4.709737002850e-02 2.577193826437e-02 2.565806731582e-02 2.384888567030e-02 2.978364378214e-02 4.171852022409e-02 3.911073505878e-02 2.176887355745e-02 2.038094773889e-02 2.501600608230e-02 1.644681580365e-02 1.697411015630e-02 2.493685483932e-02 3.493545949459e-02 3.414914384484e-02 2.360328659415e-02 1.664522290230e-02 2.497644722462e-02 1.144895981997e-02 9.518509730697e-03 8.893002755940e-03 1.120269671082e-02 1.209596358240e-02 8.028312586248e-03 9.052439592779e-03 7.410977967083e-03 6.686872802675e-03
2.407164126635e-02 3.032737970352e-02 3.487640619278e-02 5.603990331292e-02 6.396504491568e-02 4.712675511837e-02 5.415508523583e-02 4.041743278503e-02 2.817953936756e-02 2.303773537278e-02 3.369071334600e-02 3.890451416373e-02 4.212828725576e-02 3.552996367216e-02 4.122881591320e-02 3.307483345270e-02 4.560459405184e-02 2.632699161768e-02 3.326052799821e-02 4.200171679258e-02 3.314092010260e-02 3.445507586002e-02 2.925787493587e-02 1.806984283030e-02 2.180091850460e-02 2.225426025689e-02 1.792078092694e-02 2.683287113905e-02 3.819477558136e-02 3.692015632987e-02 2.493755146861e-02 1.370806340128e-02 1.903611235321e-02 2.358440868556e-02 1.018047425896e-02 9.169586002827e-03 8.339504711330e-03 1.177769619972e-02 1.333568710834e-02 8.457288146019e-03 8.651273325086e-03 7.008287589997e-03 7.096555083990e-03
3.604350239038e-02 3.141187876463e-02 3.374008089304e-02 4.779532179236e-02 6.129682064056e-02 5.246281623840e-02 5.718553066254e-02 4.308542981744e-02 3.699062019587e-02 3.005105815828e-02 4.166926816106e-02 3.690570220351e-02 4.613571614027e-02 3.551616892219e-02 3.914095833898e-02 3.254086896777e-02 4.229644685984e-02 4.232540354133e-02 5.444337055087e-02 4.639654979110e-02 3.948975354433e-02 4.179003089666e-02 2.520001493394e-02 1.945785805583e-02 2.222073450685e-02 1.881820335984e-02 2.940735965967e-02 4.156828671694e-02 3.935001045465e-02 2.623965032399e-02 1.397749409080e-02 9.591719135642e-03 2.542697638273e-02 1.989022456110e-02 1.070364844054e-02 8.138734847307e-03 8.761744014919e-03 1.192567497492e-02 1.424225326627e-02 1.054112985730e-02 7.439877372235e-03 5.317201372236e-03 5.947703029960e-03
5.463235080242e-02 3.281775489450e-02 3.204808011651e-02 4.031025990844e-02 5.715939030051e-02 5.827719345689e-02 6.088888645172e-02 4.625288024545e-02 4.488668963313e-02 4.467374458909e-02 4.867566376925e-02 4.418867081404e-02 5.036848410964e-02 4.124822467566e-02 3.770980611444e-02 3.402145579457e-02 5.098189786077e-02 6.295476108789e-02 6.139908730984e-02 4.683509096503e-02 4.395381733775e-02 4.525363072753e-02 2.835402451456e-02 2.328549139202e-02 2.365666814148e-02 3.108104504645e-02 4.570980742574e-02 4.257190600038e-02 2.754410915077e-02 1.684823445976e-02 2.362272702157e-02 1.180128473788e-02 2.973202802241e-02 1.525280717760e-02 1.026027929038e-02 6.860340014100e-03 9.716575965285e-03 1.157271210104e-02 1.478657964617e-02 1.172039099038e-02 6.013460922986e-03 5.120661109686e-03 4.677260294557e-03
7.201902568340e-02 3.396950662136e-02 3.471849858761e-02 3.454522788525e-02 5.230257287621e-02 6.428169459105e-02 6.480529904366e-02 4.987589269876e-02 3.760383278131e-02 4.966883361340e-02 5.494276806712e-02 4.685016721487e-02 5.475556850433e-02 4.625356197357e-02 3.602251410484e-02 6.091853603721e-02 7.131438702345e-02 6.936622411013e-02 5.948094278574e-02 5.906130000949e-02 4.642432183027e-02 4.303328320384e-02 2.644199691713e-02 2.389840967953e-02 3.164517879486e-02 4.909886047244e-02 4.708069190383e-02 2.931453101337e-02 2.161572873592e-02 3.311220556498e-02 2.986360341311e-02 2.687889710069e-02 2.910607308149e-02 1.704824157059e-02 9.946607053280e-03 6.587076000869e-03 9.728264063597e-03 1.153920218349e-02 1.492492482066e-02 1.174091454595e-02 6.571752950549e-03 6.435892079026e-03 5.948832258582e-03
8.490946143866e-02 3.818381950259e-02 3.820046037436e-02 3.392807394266e-02 4.753201454878e-02 7.008140534163e-02 6.922839581966e-02 5.334156379104e-02 3.851900249720e-02 4.513384774327e-02 5.780500173569e-02 4.677194356918e-02 5.882246792316e-02 5.040860176086e-02 6.769511848688e-02 8.038571476936e-02 7.570527493954e-02 6.490948051214e-02 4.048760607839e-02 7.026553899050e-02 4.564347490668e-02 4.571743682027e-02 2.379213459790e-02 3.059176355600e-02 5.169354006648e-02 5.247227847576e-02 3.269601985812e-02 2.485930919647e-02 3.629967942834e-02 2.992255799472e-02 2.704248391092e-02 2.765541523695e-02 2.278397977352e-02 2.013878896832e-02 1.683949679136e-02 1.170652639121e-02 1.081295032054e-02 1.261259242892e-02 1.471813861281e-02 1.072360761464e-02 5.969122517854e-03 6.443362683058e-03 6.726370193064e-03
1.158156394958e-01 5.343724414706e-02 4.450980573893e-02 3.606800362468e-02 4.653445258737e-02 7.487790286541e-02 7.384055852890e-02 5.715993046761e-02 4.281025379896e-02 6.864143908024e-02 6.359213590622e-02 4.522296413779e-02 6.167704612017e-02 5.880371108651e-02 8.745447546244e-02 8.248241245747e-02 7.329481095076e-02 5.347964540124e-02 4.647216573358e-02 7.731447368860e-02 4.756528511643e-02 4.589989408851e-02 2.821656130254e-02 5.297190696001e-02 5.839582905173e-02 3.753385320306e-02 2.879995107651e-02 3.875942900777e-02 3.399633988738e-02 2.486813999712e-02 3.588730469346e-02 2.910167910159e-02 1.600728370249e-02 1.724565029144e-02 1.513010077178e-02 1.610186509788e-02 1.637770980597e-02 1.660373806953e-02 1.436495129019e-02 1.169173046947e-02 1.099617592990e-02 1.024669967592e-02 9.752988815308e-03
1.319487541914e-01 7.830716669559e-02 4.905598610640e-02 4.392261430621e-02 4.886880517006e-02 7.829489558935e-02 7.827946543694e-02 6.165718659759e-02 5.313009396195e-02 8.351080119610e-02 6.551229953766e-02 5.297908559442e-02 6.264656782150e-02 8.475030958652e-02 8.868153393269e-02 1.045667231083e-01 5.681681632996e-02 4.944095760584e-02 5.015414580703e-02 7.669804245234e-02 4.796609655023e-02 4.281521588564e-02 5.296417325735e-02 6.258646398783e-02 4.273261129856e-02 3.240546956658e-02 3.846497088671e-02 4.018682613969e-02 3.323012590408e-02 3.637381643057e-02 3.838065266609e-02 2.018384262919e-02 1.664727181196e-02 1.484851818532e-02 1.182616315782e-02 1.094244141132e-02 2.519168145955e-02 1.987612061203e-02 1.817626692355e-02 1.214833185077e-02 9.867938235402e-03 8.912085555494e-03 8.186221122742e-03
1.361265182495e-01 8.635663986206e-02 5.105744302273e-02 4.860670864582e-02 5.787741392851e-02 7.959177345037e-02 8.264774084091e-02 6.661783158779e-02 6.023075804114e-02 8.122777193785e-02 6.636208295822e-02 8.800348639488e-02 7.735984772444e-02 9.260746836662e-02 9.470908343792e-02 1.355661451817e-01 6.071301922202e-02 6.840331107378e-02 6.800080835819e-02 6.683407723904e-02 4.508158937097e-02 5.335328727961e-02 6.646350771189e-02 4.750693961978e-02 3.648534789681e-02 3.813538700342e-02 3.906811028719e-02 4.148891195655e-02 4.040506854653e-02 4.396333172917e-02 3.314393386245e-02 1.328510977328e-02 1.986598782241e-02 1.113144028932e-02 1.155675109476e-02 1.206537242979e-02 3.490577638149e-02 2.191457338631e-02 2.156201563776e-02 1.313479058444e-02 8.558928035200e-03 7.682115770876e-03 6.547298282385e-03
1.347641050816e-01 7.461798191071e-02 7.588083297014e-02 5.182822793722e-02 6.963194161654e-02 7.838244736195e-02 8.678947389126e-02 7.208648324013e-02 6.076107546687e-02 8.415622264147e-02 7.240498811007e-02 6.421086192131e-02 8.910606801510e-02 7.102361321449e-02 6.762037426233e-02 8.839382976294e-02 5.870073288679e-02 6.830500066280e-02 7.468547672033e-02 6.246298551559e-02 5.602613091469e-02 7.024173438549e-02 5.227874964476e-02 4.394264519215e-02 3.908626735210e-02 3.706711158156e-02 3.633140400052e-02 4.417085275054e-02 4.514252021909e-02 4.364904388785e-02 2.581432089210e-02 1.402903627604e-02 2.118136733770e-02 1.676682569087e-02 1.908725872636e-02 2.445054426789e-02 3.958369046450e-02 2.306664362550e-02 1.820373721421e-02 1.120018959045e-02 9.344503283501e-03 7.129838224500e-03 5.970949772745e-03
1.404778808355e-01 7.562129944563e-02 8.452862501144e-02 6.298697739840e-02 7.790112495422e-02 7.496945559978e-02 9.981474280357e-02 7.737797498703e-02 7.663859426975e-02 8.533455431461e-02 6.684262305498e-02 7.229057699442e-02 7.735382765532e-02 9.099992364645e-02 5.592625588179e-02 6.322310864925e-02 5.774279683828e-02 6.731741130352e-02 6.497486680746e-02 5.942005291581e-02 7.530959695578e-02 5.700513720512e-02 4.734845459461e-02 4.142798110843e-02 4.370803758502e-02 3.216604888439e-02 4.166893288493e-02 5.207822471857e-02 5.249775201082e-02 4.592023044825e-02 3.188511356711e-02 2.539860829711e-02 2.635927684605e-02 2.613348886371e-02 2.507380396128e-02 3.824448212981e-02 3.275614604354e-02 1.442833617330e-02 1.372664887458e-02 1.417816337198e-02 1.326497085392e-02 1.033387146890e-02 6.794508080930e-03
1.378138363361e-01 1.010994091630e-01 7.143238931894e-02 8.208237588406e-02 8.658194541931e-02 8.147231489420e-02 1.159510165453e-01 8.288931101561e-02 9.001905471087e-02 7.723098248243e-02 7.955136895180e-02 8.262639492750e-02 7.589435577393e-02 7.446301728487e-02 6.221064552665e-02 6.284441798925e-02 7.101501524448e-02 6.705816090107e-02 6.869192421436e-02 8.144383132458e-02 6.306143850088e-02 5.508549138904e-02 4.678536206484e-02 3.621059283614e-02 4.179033264518e-02 4.647482559085e-02 4.608518257737e-02 5.707876756787e-02 5.946988239884e-02 5.107669532299e-02 3.833310678601e-02 2.924903295934e-02 2.584083005786e-02 2.190335281193e-02 3.501180931926e-02 3.987731039524e-02 1.770097576082e-02 1.424632966518e-02 1.505207736045e-02 1.547065936029e-02 1.479701418430e-02 1.248960848898e-02 8.735844865441e-03
1.316599398851e-01 1.388818472624e-01 1.013364493847e-01 8.324894309044e-02 9.208884090185e-02 1.023340523243e-01 1.236671879888e-01 9.478484094143e-02 9.764149785042e-02 7.908795028925e-02 8.657497167587e-02 9.193672239780e-02 1.053265631199e-01 6.566838920116e-02 6.626239418983e-02 7.763829827309e-02 1.286014616489e-01 8.046565949917e-02 9.127853810787e-02 6.991409510374e-02 5.143805593252e-02 4.993143677711e-02 4.397229105234e-02 4.434028267860e-02 4.310045391321e-02 5.306176841259e-02 5.627151578665e-02 4.962574318051e-02 5.608723685145e-02 5.662351474166e-02 4.431997612119e-02 1.966917887330e-02 2.423317916691e-02 3.740982711315e-02 4.034797847271e-02 2.346840314567e-02 1.440929248929e-02 1.302261091769e-02 1.424152497202e-02 1.471055299044e-02 1.389868743718e-02 1.288550719619e-02 1.309003215283e-02
1.328056305647e-01 1.000840589404e-01 1.649589985609e-01 1.073975861073e-01 9.400455653667e-02 1.268888264894e-01 1.296030133963e-01 1.059185341001e-01 1.516774892807e-01 1.049344912171e-01 1.445464938879e-01 9.320743381977e-02 9.688023477793e-02 7.386042177677e-02 8.264929801226e-02 7.725027203560e-02 1.852096170187e-01 1.095217838883e-01 8.562657982111e-02 1.062242239714e-01 6.313371658325e-02 5.076084658504e-02 4.269108176231e-02 3.482328355312e-02 3.626612201333e-02 5.387291684747e-02 7.148200273514e-02 4.745852574706e-02 5.933302640915e-02 6.252566725016e-02 5.101591721177e-02 3.296196833253e-02 4.162783920765e-02 3.832142427564e-02 2.179966121912e-02 1.990448497236e-02 1.875290833414e-02 1.751612685621e-02 1.624012924731e-02 1.507932692766e-02 1.400040276349e-02 1.293874531984e-02 1.182447001338e-02
1.594527810812e-01 1.387755721807e-01 1.275804787874e-01 1.652331948280e-01 1.036255583167e-01 1.549571603537e-01 1.311318129301e-01 1.394542604685e-01 2.097831815481e-01 1.630287468433e-01 1.818118244410e-01 1.120357736945e-01 9.954003244638e-02 9.633613377810e-02 8.326831459999e-02 7.303023338318e-02 2.147967815399e-01 1.188511252403e-01 1.260237544775e-01 8.699160069227e-02 4.576522111893e-02 3.997746482491e-02 5.052331835032e-02 4.840474948287e-02 5.436574295163e-02 4.959569126368e-02 7.026046514511e-02 5.350118130445e-02 6.802482903004e-02 6.739607453346e-02 5.359943956137e-02 4.244047030807e-02 3.165524452925e-02 1.546465139836e-02 1.641489192843e-02 1.461951900274e-02 1.350338011980e-02 1.444534957409e-02 1.416163239628e-02 1.337522361428e-02 1.664948835969e-02 1.925875805318e-02 2.001024596393e-02
1.510750353336e-01 1.877323538065e-01 1.495110988617e-01 1.710509210825e-01 1.452466547489e-01 1.756408512592e-01 1.903260946274e-01 1.844306290150e-01 1.726220548153e-01 1.944251507521e-01 2.162368148565e-01 1.333888024092e-01 1.093890815973e-01 9.203543514013e-02 9.852409362793e-02 9.516916424036e-02 1.643444746733e-01 1.207242459059e-01 1.196955740452e-01 9.523016959429e-02 7.105249911547e-02 7.301408052444e-02 7.128983736038e-02 6.036524847150e-02 5.543310940266e-02 5.202785506845e-02 5.549067258835e-02 6.743150949478e-02 7.150364667177e-02 5.969821289182e-02 4.186867922544e-02 2.418426983058e-02 2.112138271332e-02 1.815762184560e-02 1.592461764812e-02 1.601698249578e-02 1.989025063813e-02 2.304025739431e-02 2.408165484667e-02 2.308716811240e-02 2.018113620579e-02 2.050351724029e-02 1.811018213630e-02
