VariationalSeries/SI/f8.grd
DSAA
101	101
32.816463539100	34.260883539100
35.556306596100	36.727886596100
4.553908947855e-04	1.786224937439e+01
[rows 0 to 18 of 101, columns 43 to 85 of 101]
4.204393830150e-03 7.268243469298e-03 8.546194061637e-03 6.936063524336e-03 4.939056001604e-03 6.514926906675e-03 7.830750197172e-03 4.217314068228e-03 3.559149103239e-03 6.197977811098e-03 9.404666721821e-03 1.112095266581e-02 1.109725609422e-02 9.203012101352e-03 6.925789639354e-03 4.495263565332e-03 5.093589890748e-03 5.802494939417e-03 4.509890452027e-03 4.212783183903e-03 4.885888192803e-03 5.092022474855e-03 6.481797434390e-03 8.097717538476e-03 7.760688662529e-03 5.583069287241e-03 4.723416175693e-03 4.382661543787e-03 4.169228021055e-03 3.649611957371e-03 3.447329858318e-03 2.838997403160e-03 2.613901160657e-03 2.499900525436e-03 2.452347893268e-03 2.325205365196e-03 2.113669412211e-03 1.826241496019e-03 1.587067847140e-03 1.410679309629e-03 1.266445498914e-03 1.378962071612e-03 1.920655835420e-03
7.291383109987e-03 1.315075345337e-02 1.675213687122e-02 1.517135091126e-02 1.160747371614e-02 1.186416391283e-02 1.497804652900e-02 8.165475912392e-03 7.838378660381e-03 1.007971446961e-02 1.672536507249e-02 2.064791135490e-02 2.061558328569e-02 1.674985885620e-02 1.201083045453e-02 8.120079524815e-03 9.524905122817e-03 1.075389981270e-02 8.498455397785e-03 8.031576871872e-03 9.076478891075e-03 9.271081537008e-03 1.220786012709e-02 1.531160622835e-02 1.397724263370e-02 9.913050569594e-03 8.700224570930e-03 8.269865065813e-03 7.915662601590e-03 7.193305063993e-03 6.433051545173e-03 5.606761202216e-03 4.834114573896e-03 4.604198504239e-03 4.287219140679e-03 3.944885451347e-03 3.581890370697e-03 3.152613993734e-03 2.776568057016e-03 2.464931691065e-03 2.156235976145e-03 3.043235279620e-03 3.806717693806e-03
1.003887690604e-02 1.339768990874e-02 1.866060867906e-02 1.876118965447e-02 1.555498968810e-02 1.415924262255e-02 1.693755201995e-02 9.839005768299e-03 1.311712432653e-02 1.363691035658e-02 1.747442781925e-02 2.342940308154e-02 2.314655482769e-02 1.776141300797e-02 1.186275482178e-02 9.078083559871e-03 1.119055412710e-02 1.248966995627e-02 9.135859087110e-03 9.837538935244e-03 1.077153440565e-02 1.098329853266e-02 1.379572134465e-02 1.678731665015e-02 1.436972431839e-02 1.067188009620e-02 9.849314577878e-03 9.236309677362e-03 8.789570070803e-03 8.611084893346e-03 8.197270333767e-03 6.800155621022e-03 5.648682825267e-03 5.009274464101e-03 4.549023229629e-03 4.212119616568e-03 3.879686584696e-03 3.482311731204e-03 3.069845028222e-03 2.658183919266e-03 2.439230913296e-03 3.878407645971e-03 4.196582827717e-03
1.154918689281e-02 1.333369128406e-02 1.666977815330e-02 1.850141212344e-02 1.681917533278e-02 1.894513145089e-02 1.761275157332e-02 1.289638970047e-02 1.821306161582e-02 1.924160309136e-02 1.584011316299e-02 2.394962497056e-02 2.320043183863e-02 1.631958223879e-02 1.021478418261e-02 9.502202272415e-03 1.175605598837e-02 1.296684704721e-02 9.074139408767e-03 1.076432224363e-02 1.128595881164e-02 1.145523972809e-02 1.453938428313e-02 1.686079055071e-02 1.347583904862e-02 1.084034238011e-02 9.868564084172e-03 9.064530022442e-03 8.904444053769e-03 9.067365899682e-03 9.001513011754e-03 7.633788511157e-03 5.720990709960e-03 4.829671699554e-03 4.373881965876e-03 4.066418856382e-03 3.732676617801e-03 3.323891432956e-03 2.860519336537e-03 2.416956471279e-03 3.352120518684e-03 4.390962887555e-03 4.085005261004e-03
1.136452332139e-02 1.596624031663e-02 1.314888894558e-02 1.564678363502e-02 1.552165951580e-02 2.406495623291e-02 1.817603409290e-02 1.571142300963e-02 2.292811684310e-02 2.507932670414e-02 1.761828921735e-02 2.358829416335e-02 2.212308533490e-02 1.428361982107e-02 1.060637459159e-02 9.778734296560e-03 1.244124211371e-02 1.318102888763e-02 9.519239887595e-03 1.137112919241e-02 1.146879978478e-02 1.302969269454e-02 1.573838852346e-02 1.663580164313e-02 1.273957546800e-02 1.147316023707e-02 9.301662445068e-03 9.074129164219e-03 8.791277185082e-03 9.045125916600e-03 9.395733475685e-03 8.328224532306e-03 6.343916058540e-03 4.922374151647e-03 4.258560948074e-03 3.929961938411e-03 3.416187129915e-03 3.008021507412e-03 2.604059642181e-03 2.562158508226e-03 4.198144655675e-03 4.589019343257e-03 3.749008756131e-03
9.883849881589e-03 1.697855442762e-02 1.292861066759e-02 1.430899463594e-02 1.355231553316e-02 2.919036895037e-02 1.895936205983e-02 1.778846979141e-02 2.713458612561e-02 3.093578666449e-02 2.266688644886e-02 2.166095562279e-02 1.989309489727e-02 1.238773018122e-02 1.178709324449e-02 1.017867308110e-02 1.358334999532e-02 1.317577715963e-02 1.049245335162e-02 1.167605724186e-02 1.191956270486e-02 1.598134078085e-02 1.889225840569e-02 1.787266507745e-02 1.416188944131e-02 1.178866811097e-02 9.271384216845e-03 8.623121306300e-03 8.281403221190e-03 8.615436032414e-03 9.341661818326e-03 8.877846412361e-03 6.810077000409e-03 5.039475858212e-03 4.393332172185e-03 3.987553063780e-03 3.224781015888e-03 2.841913606972e-03 2.554890699685e-03 3.580730874091e-03 4.791447892785e-03 4.468918312341e-03 3.301698481664e-03
9.187275543809e-03 1.632709428668e-02 1.301028486341e-02 1.489066798240e-02 1.424903888255e-02 3.393714129925e-02 1.999419741333e-02 1.883100159466e-02 3.011368215084e-02 3.552418574691e-02 2.740837074816e-02 1.776609942317e-02 1.689389161766e-02 1.243044901639e-02 1.196927670389e-02 1.130709424615e-02 1.455444749445e-02 1.304646488279e-02 1.114860922098e-02 1.178720686585e-02 1.387705747038e-02 1.815626770258e-02 2.107648365200e-02 1.939135789871e-02 1.588119193912e-02 1.224780175835e-02 8.799507282674e-03 8.083852007985e-03 7.877320051193e-03 8.389862254262e-03 9.404636919498e-03 9.370166808367e-03 7.333528716117e-03 6.189131177962e-03 6.239674519747e-03 3.929839003831e-03 3.049365477636e-03 2.737996634096e-03 2.847126452252e-03 4.498886410147e-03 5.004672799259e-03 4.095229785889e-03 2.816410968080e-03
1.045674458146e-02 1.567449606955e-02 1.262012310326e-02 1.546585373580e-02 1.515984721482e-02 3.845860809088e-02 2.114579640329e-02 1.828165911138e-02 3.057692758739e-02 3.764107078314e-02 3.126130998135e-02 1.876318641007e-02 1.484064105898e-02 1.365005597472e-02 1.214263960719e-02 1.265163999051e-02 1.548609882593e-02 1.280697807670e-02 1.158066093922e-02 1.183283887804e-02 1.511511020362e-02 1.925711892545e-02 2.167860604823e-02 1.943285576999e-02 1.710327714682e-02 1.215064711869e-02 8.147541433573e-03 7.516935002059e-03 7.554213050753e-03 8.407926186919e-03 9.710536338389e-03 9.865612722933e-03 7.833529263735e-03 8.408817462623e-03 8.829615078866e-03 3.896007081494e-03 3.013995941728e-03 2.691978123039e-03 4.008533898741e-03 5.169951822609e-03 4.855939652771e-03 3.607472870499e-03 2.353126183152e-03
1.164488587528e-02 1.579049229622e-02 1.256167050451e-02 1.595382392406e-02 1.654156483710e-02 4.266158863902e-02 2.228227443993e-02 1.622029207647e-02 2.825875766575e-02 3.703100979328e-02 3.369573131204e-02 2.304756641388e-02 1.464923936874e-02 1.490179542452e-02 1.413330342621e-02 1.316868793219e-02 1.667316071689e-02 1.311800070107e-02 1.193325873464e-02 1.295995153487e-02 1.593004912138e-02 1.898858882487e-02 2.065675519407e-02 1.788881607354e-02 1.783771440387e-02 1.170331519097e-02 7.687782403082e-03 7.892761379480e-03 7.908293977380e-03 8.889022283256e-03 1.022298727185e-02 1.030525006354e-02 9.467131458223e-03 1.039907801896e-02 1.080293115228e-02 4.680419340730e-03 3.039069939405e-03 3.500215010718e-03 5.021909251809e-03 5.387528333813e-03 4.439923446625e-03 3.063871059567e-03 2.237533451989e-03
1.243773847818e-02 1.615361683071e-02 1.248783431947e-02 1.643740199506e-02 1.804393529892e-02 4.601075127721e-02 2.362627722323e-02 1.415783166885e-02 2.451395802200e-02 3.433073312044e-02 3.420807421207e-02 2.653156034648e-02 1.866063289344e-02 1.610345952213e-02 1.642494648695e-02 1.396381203085e-02 1.753373257816e-02 1.338965632021e-02 1.212950423360e-02 1.379042211920e-02 1.569234579802e-02 1.772242039442e-02 1.827679201961e-02 1.550009567291e-02 1.816848106682e-02 1.113343425095e-02 8.116021752357e-03 8.869747631252e-03 7.926163263619e-03 9.032407775521e-03 1.045506726950e-02 1.035605277866e-02 1.048891991377e-02 1.105861645192e-02 1.174069475383e-02 5.153705365956e-03 3.921514376998e-03 4.830333404243e-03 5.686330609024e-03 5.249217152596e-03 3.915063105524e-03 2.562838839367e-03 2.291220705956e-03
1.257562916726e-02 1.678311638534e-02 1.243890635669e-02 1.690702885389e-02 1.962617598474e-02 4.869878664613e-02 2.526030875742e-02 1.406659837812e-02 2.017639391124e-02 2.964151836932e-02 3.201002255082e-02 2.843690849841e-02 2.305612526834e-02 1.844155043364e-02 1.886296644807e-02 1.514962036163e-02 2.144796028733e-02 1.582660526037e-02 1.248611137271e-02 1.698294468224e-02 1.936257444322e-02 1.967752911150e-02 1.557807717472e-02 1.737958751619e-02 1.779450289905e-02 1.011666748673e-02 9.063395671546e-03 9.850719943643e-03 9.177786298096e-03 9.850875474513e-03 1.025592256337e-02 1.012445334345e-02 9.789706207812e-03 9.732547216117e-03 1.123005151749e-02 5.210296716541e-03 4.682882688940e-03 5.945709068328e-03 5.859585944563e-03 4.818656481802e-03 3.362805582583e-03 2.414074726403e-03 2.883477834985e-03
1.222759392112e-02 1.747869327664e-02 1.627900265157e-02 1.729295216501e-02 2.125405892730e-02 5.040660873055e-02 2.690381929278e-02 1.479441206902e-02 1.587527804077e-02 2.379745244980e-02 2.762774564326e-02 2.805751189590e-02 2.581271901727e-02 2.292814664543e-02 2.117606066167e-02 1.621448248625e-02 2.885898202658e-02 2.097015082836e-02 1.204238366336e-02 2.218412421644e-02 2.393570356071e-02 2.096000127494e-02 1.787151582539e-02 1.837030984461e-02 1.678925193846e-02 8.889094926417e-03 9.892903268337e-03 1.061524171382e-02 1.013040728867e-02 9.734946303070e-03 9.349845349789e-03 8.801743388176e-03 7.867202162743e-03 7.954567670822e-03 1.060954108834e-02 5.277739372104e-03 6.330592092127e-03 6.568867713213e-03 5.620671436191e-03 4.202371928841e-03 2.817583736032e-03 3.704182803631e-03 3.943058196455e-03
1.261083595455e-02 1.818945072591e-02 2.061071060598e-02 1.749989204109e-02 2.289167046547e-02 5.183294415474e-02 2.849607914686e-02 1.579902321100e-02 1.552897505462e-02 1.807687804103e-02 2.154112234712e-02 2.493889443576e-02 2.649009600282e-02 2.596459165215e-02 2.450153604150e-02 2.033268846571e-02 3.622560203075e-02 2.572562545538e-02 1.536217331886e-02 2.842320688069e-02 2.906168811023e-02 2.183014899492e-02 2.109895460308e-02 1.856203936040e-02 1.509911660105e-02 1.014600507915e-02 1.107329130173e-02 1.094343047589e-02 9.670874103904e-03 8.635853417218e-03 7.878921926022e-03 7.734954822809e-03 6.055774632841e-03 6.798747926950e-03 1.040247362107e-02 6.424910854548e-03 7.579381577671e-03 6.650395691395e-03 5.036540329456e-03 3.577727125958e-03 3.133392194286e-03 4.821115639061e-03 4.738816525787e-03
1.133049372584e-02 1.892735250294e-02 2.243157848716e-02 1.763979531825e-02 2.461688220501e-02 5.342253670096e-02 3.015057370067e-02 1.755217276514e-02 1.582444645464e-02 1.608290523291e-02 1.558776386082e-02 2.236397005618e-02 2.502913586795e-02 2.741071954370e-02 2.756796963513e-02 2.394719794393e-02 4.213267564774e-02 2.956012450159e-02 2.055091969669e-02 3.499846905470e-02 3.352561593056e-02 2.126130647957e-02 2.287935093045e-02 1.803715154529e-02 1.305256318301e-02 1.171765569597e-02 1.151731517166e-02 1.112425979227e-02 8.230290375650e-03 7.421602495015e-03 7.006726693362e-03 7.528790272772e-03 5.348582752049e-03 6.752329412848e-03 1.070940215141e-02 8.572362363338e-03 8.198362775147e-03 6.200664676726e-03 4.330536816269e-03 3.010870655999e-03 3.861069446430e-03 5.544452928007e-03 5.114742089063e-03
1.142981927842e-02 1.977086998522e-02 2.256899699569e-02 1.981726288795e-02 2.642134763300e-02 5.433572828770e-02 3.188415989280e-02 2.076493948698e-02 1.604624092579e-02 1.677533984184e-02 1.601083390415e-02 2.478668093681e-02 2.585173398256e-02 2.671569772065e-02 2.987701632082e-02 2.863451652229e-02 4.707360640168e-02 3.186144307256e-02 2.605578489602e-02 4.076248779893e-02 3.631260618567e-02 1.966406218708e-02 2.529352530837e-02 1.674992218614e-02 1.106006931514e-02 1.188601832837e-02 1.089024730027e-02 1.120086293668e-02 7.923930883408e-03 7.451474666595e-03 9.147623553872e-03 8.101335726678e-03 6.165307946503e-03 7.409702055156e-03 1.107762753963e-02 1.041879504919e-02 8.177062496543e-03 5.425861570984e-03 3.709762822837e-03 2.734931884333e-03 4.509908612818e-03 6.007466930896e-03 5.176269449294e-03
1.425641216338e-02 2.076257020235e-02 2.234068326652e-02 2.446341514587e-02 2.825652621686e-02 5.462784692645e-02 3.337419405580e-02 2.369241043925e-02 1.615741476417e-02 1.687836647034e-02 1.636273227632e-02 2.664239704609e-02 2.676342241466e-02 2.366765402257e-02 2.884280122817e-02 3.253940492868e-02 4.814502224326e-02 3.023704327643e-02 3.098201192915e-02 4.448727890849e-02 3.651081398129e-02 1.903908327222e-02 2.553137205541e-02 1.462099421769e-02 1.285141706467e-02 1.167304441333e-02 1.173649262637e-02 1.041114144027e-02 8.079807274044e-03 9.484687820077e-03 9.720113128424e-03 7.921162992716e-03 7.625267840922e-03 8.204776793718e-03 1.124709937721e-02 1.147652696818e-02 7.468811701983e-03 4.698188044131e-03 3.351212246343e-03 2.915446646512e-03 5.088792648166e-03 6.401102989912e-03 5.138165317476e-03
1.703647896647e-02 2.547202445567e-02 2.445594407618e-02 2.277523092926e-02 3.012830205262e-02 5.424595624208e-02 3.528561443090e-02 2.604307793081e-02 1.635922305286e-02 1.725158095360e-02 1.677002385259e-02 2.766537666321e-02 2.484136074781e-02 2.115335687995e-02 2.836965024471e-02 3.506985306740e-02 4.540124908090e-02 2.678354457021e-02 3.467410057783e-02 4.512681812048e-02 3.345973044634e-02 1.893109269440e-02 2.461796067655e-02 1.182621903718e-02 1.356763392687e-02 1.255172491074e-02 1.101034414023e-02 8.903570473194e-03 9.826331399381e-03 1.029594987631e-02 8.409611880779e-03 9.193912148476e-03 9.846966713667e-03 1.026671100408e-02 1.406830549240e-02 1.145894732326e-02 6.483437027782e-03 4.047852009535e-03 3.599035320804e-03 3.127484582365e-03 5.667527206242e-03 6.694884039462e-03 5.005960818380e-03
2.114370092750e-02 3.055435232818e-02 3.366387635469e-02 2.734156325459e-02 3.165578097105e-02 5.257945880294e-02 3.762380778790e-02 2.784274891019e-02 1.665942184627e-02 1.799948886037e-02 1.788962259889e-02 2.803771197796e-02 2.093438804150e-02 2.153281308711e-02 2.941913530231e-02 3.680687025189e-02 4.031157121062e-02 2.641790173948e-02 3.674757853150e-02 4.274037480354e-02 2.825746685266e-02 1.790587417781e-02 2.287807501853e-02 1.013893634081e-02 1.267526950687e-02 1.520672999322e-02 1.180609408766e-02 1.037519611418e-02 1.054074522108e-02 8.114292286336e-03 9.924120269716e-03 1.118101179600e-02 1.316323503852e-02 1.475930679590e-02 1.648810505867e-02 1.048594154418e-02 6.922749336809e-03 4.919166676700e-03 3.916206303984e-03 3.699234453961e-03 6.335135083646e-03 6.821603514254e-03 4.690725356340e-03
2.451406233013e-02 3.455435484648e-02 4.224415868521e-02 3.995881229639e-02 3.328512609005e-02 4.968428611755e-02 4.022852703929e-02 2.969772741199e-02 2.142551913857e-02 1.864034309983e-02 2.122863568366e-02 2.780992165208e-02 2.233163826168e-02 2.225715667009e-02 3.100167401135e-02 4.073527082801e-02 3.817337006330e-02 2.872884459794e-02 3.727775067091e-02 3.785690665245e-02 2.275923080742e-02 1.765784807503e-02 2.104013785720e-02 1.260692905635e-02 1.173591520637e-02 1.866426318884e-02 1.507599093020e-02 1.037418004125e-02 7.876704446971e-03 7.951444014907e-03 1.107086427510e-02 1.545522734523e-02 1.927411556244e-02 1.903698034585e-02 1.764824800193e-02 1.200062502176e-02 8.494579233229e-03 6.054057739675e-03 5.059067625552e-03 4.595160484314e-03 7.094816304743e-03 6.729018408805e-03 4.162123892456e-03
