VariationalSeries/SI/f8.grd
DSAA
101	101
32.816463539100	34.260883539100
35.556306596100	36.727886596100
4.553908947855e-04	1.786224937439e+01
[rows 38 to 56 of 101, columns 0 to 42 of 101]
1.961821131408e-02 3.609972074628e-02 3.864663839340e-02 3.932888060808e-02 4.385384172201e-02 4.576439410448e-02 4.567416012287e-02 4.387563094497e-02 4.168434441090e-02 4.062204062939e-02 4.820992052555e-02 5.289154127240e-02 5.385814234614e-02 6.522445380688e-02 8.080268651247e-02 1.031354963779e-01 1.360706537962e-01 1.600088030100e-01 1.212870925665e-01 1.327798813581e-01 1.604775339365e-01 1.646889150143e-01 1.265277564526e-01 8.293891698122e-02 9.328828752041e-02 8.297745138407e-02 7.982370257378e-02 6.923908740282e-02 8.123365789652e-02 8.013402670622e-02 8.288350701332e-02 9.613892436028e-02 1.152456551790e-01 1.388403177261e-01 1.322846263647e-01 9.421807527542e-02 9.161866456270e-02 9.546780586243e-02 1.177873611450e-01 1.442850083113e-01 1.692416667938e-01 2.125345915556e-01 1.857854425907e-01
2.139067091048e-02 3.939746692777e-02 4.244662448764e-02 4.241845756769e-02 4.199408739805e-02 4.050875082612e-02 4.085084795952e-02 4.742916673422e-02 5.307357385755e-02 4.990293458104e-02 4.426060989499e-02 4.143240302801e-02 4.176760837436e-02 4.797350242734e-02 5.184480920434e-02 5.769845098257e-02 7.467023283243e-02 9.538625180721e-02 9.763526916504e-02 1.283342540264e-01 1.466900259256e-01 1.316417157650e-01 1.260640770197e-01 1.102358698845e-01 8.140177279711e-02 6.968495994806e-02 6.170514598489e-02 9.598119556904e-02 1.306224614382e-01 1.334121525288e-01 1.027445793152e-01 8.451885730028e-02 1.031850650907e-01 9.804219007492e-02 1.309459805489e-01 1.193460598588e-01 9.623610973358e-02 1.234882771969e-01 1.485194265842e-01 1.638305634260e-01 1.828975081444e-01 2.349191159010e-01 2.304613739252e-01
2.218640781939e-02 4.111096262932e-02 4.493934288621e-02 4.489971324801e-02 4.492988437414e-02 4.476403445005e-02 4.429764300585e-02 5.264938250184e-02 5.728560686111e-02 5.721462517977e-02 4.773940891027e-02 5.211912468076e-02 5.457803234458e-02 5.460781976581e-02 5.197361484170e-02 4.664554819465e-02 4.598424211144e-02 6.668101996183e-02 9.001942723989e-02 1.650862842798e-01 1.964967697859e-01 1.717758178711e-01 1.138756424189e-01 1.053900346160e-01 1.076316386461e-01 7.315763086081e-02 5.548016354442e-02 5.293477326632e-02 6.430026888847e-02 1.042663753033e-01 1.272067129612e-01 1.400589197874e-01 1.638832837343e-01 1.383413374424e-01 1.233266741037e-01 1.388843208551e-01 1.677013784647e-01 1.247082948685e-01 1.867633461952e-01 1.815212517977e-01 1.324963569641e-01 2.368348091841e-01 3.113218545914e-01
2.107687480748e-02 3.928767517209e-02 4.356499388814e-02 4.421006515622e-02 4.444221407175e-02 4.444958642125e-02 4.491626471281e-02 4.536220803857e-02 4.511724039912e-02 4.380082711577e-02 4.184138029814e-02 3.980085998774e-02 4.102139919996e-02 4.840258136392e-02 5.515859648585e-02 6.022864207625e-02 6.246229261160e-02 6.121180579066e-02 7.084648311138e-02 8.830825239420e-02 1.410637348890e-01 1.915085762739e-01 1.752632707357e-01 1.368617415428e-01 9.980210661888e-02 1.197143122554e-01 1.348089724779e-01 1.320006847382e-01 1.390449404716e-01 1.520371884108e-01 1.687468439341e-01 1.550566852093e-01 2.370262145996e-01 2.712876796722e-01 1.954607963562e-01 1.517663896084e-01 2.206187695265e-01 1.838346868753e-01 1.382008492947e-01 2.251947671175e-01 1.437801867723e-01 2.263127863407e-01 2.993212044239e-01
1.785787194967e-02 3.547419980168e-02 3.988575562835e-02 4.039697721601e-02 4.153564199805e-02 4.927356913686e-02 4.932164773345e-02 4.302629455924e-02 4.337183013558e-02 4.384744912386e-02 4.403894394636e-02 4.357624053955e-02 4.292122274637e-02 4.167940840125e-02 3.926922008395e-02 3.745748475194e-02 4.655640199780e-02 5.588662996888e-02 7.906084507704e-02 8.675583451986e-02 9.381238371134e-02 1.578755825758e-01 2.016127109528e-01 2.093285769224e-01 1.737684905529e-01 1.054710224271e-01 9.835123270750e-02 1.508109867573e-01 2.042672634125e-01 1.875955313444e-01 1.902208328247e-01 1.333625763655e-01 1.399395018816e-01 2.647513747215e-01 2.503043711185e-01 3.169642090797e-01 2.097769826651e-01 3.022665977478e-01 2.673220634460e-01 2.295202314854e-01 3.180033862591e-01 3.205460309982e-01 2.073320150375e-01
2.999712526798e-02 5.839866772294e-02 4.477400332689e-02 4.598661512136e-02 4.513957723975e-02 4.079782962799e-02 4.300921782851e-02 5.285977944732e-02 5.253738909960e-02 4.356791451573e-02 4.278662428260e-02 4.225483909249e-02 4.267825558782e-02 4.304957762361e-02 4.629005864263e-02 4.289147257805e-02 4.659466072917e-02 8.024875819683e-02 9.382738918066e-02 9.146454185247e-02 8.992774784565e-02 5.515074729919e-02 6.599307805300e-02 8.448238670826e-02 8.557399362326e-02 7.291706651449e-02 6.191105768085e-02 5.723460018635e-02 7.314200699329e-02 8.325762301683e-02 8.895905315876e-02 1.125195175409e-01 1.413197964430e-01 2.407052963972e-01 1.645156145096e-01 1.533164381981e-01 1.876353174448e-01 2.586110532284e-01 2.098949998617e-01 3.688421547413e-01 3.813253045082e-01 4.054668545723e-01 4.194041192532e-01
5.305318161845e-02 2.683860361576e-01 1.082120537758e-01 2.295325249434e-01 6.146882101893e-02 4.717510566115e-02 4.883109405637e-02 5.903369560838e-02 6.508974730968e-02 5.115478485823e-02 3.934741020203e-02 4.069621488452e-02 4.197762906551e-02 4.303118959069e-02 4.371837526560e-02 4.636600613594e-02 5.567941442132e-02 5.283795669675e-02 1.192209720612e-01 1.145589798689e-01 8.107686042786e-02 7.825651764870e-02 7.892449200153e-02 7.673856616020e-02 1.108757108450e-01 7.029497623444e-02 7.275941967964e-02 9.412163496017e-02 1.109118983150e-01 7.871248573065e-02 9.637667238712e-02 1.190506890416e-01 1.423680186272e-01 1.712207347155e-01 2.367479801178e-01 1.692499071360e-01 1.823278367519e-01 2.075406461954e-01 2.057561427355e-01 2.737154066563e-01 3.259278535843e-01 4.417102932930e-01 4.195131957531e-01
9.779915213585e-02 6.227803230286e-02 6.802343577147e-02 7.147061824799e-02 7.413014769554e-02 7.959572225809e-02 8.521769940853e-02 7.865864038467e-02 7.544434815645e-02 6.940145790577e-02 6.439952552319e-02 6.166442483664e-02 5.808433517814e-02 4.842491820455e-02 5.175638943911e-02 4.484060779214e-02 4.550702124834e-02 6.201552599669e-02 6.983602643013e-01 6.570651531219e-01 8.610779792070e-02 9.057389944792e-02 8.596448600292e-02 8.160891383886e-02 1.071780174971e-01 1.254408061504e-01 1.187454909086e-01 1.242862641811e-01 1.269462257624e-01 1.303239017725e-01 1.377997249365e-01 1.504374742508e-01 1.615680158138e-01 1.368749588728e-01 1.356844902039e-01 1.941901445389e-01 2.467975616455e-01 3.564541637897e-01 4.392054080963e-01 4.242310822010e-01 4.012523293495e-01 3.773115277290e-01 3.670904338360e-01
3.832728564739e-01 8.673913478851e-01 7.262134552002e-02 8.667247742414e-02 9.334427863359e-02 9.179072082043e-02 8.316636085510e-02 7.341974228621e-02 6.523249298334e-02 6.513313949108e-02 7.648032903671e-02 7.235416769981e-02 5.484966561198e-02 3.576478734612e-02 3.504357114434e-02 8.824071288109e-02 1.441531628370e-01 1.492768526077e-01 3.346703648567e-01 4.520054161549e-01 1.343232244253e-01 1.473860591650e-01 1.286620199680e-01 1.098406687379e-01 1.016322821379e-01 1.012769117951e-01 1.246954724193e-01 9.603814035654e-02 7.767748087645e-02 9.277869015932e-02 1.169180423021e-01 1.403283774853e-01 1.658420264721e-01 2.156760096550e-01 1.675503998995e-01 1.859550923109e-01 2.121983170509e-01 1.936844885349e-01 2.893777489662e-01 2.891251742840e-01 4.474869668484e-01 3.171091973782e-01 3.443941175938e-01
1.239842325449e-01 2.019092887640e-01 2.181081101298e-02 2.014549262822e-02 2.352073416114e-02 1.316110044718e-01 2.990104258060e-01 2.482528388500e-01 1.375354379416e-01 4.313054680824e-02 3.642370179296e-02 4.302299395204e-02 4.271526634693e-02 3.646093234420e-02 1.869480311871e-01 2.547225356102e-01 9.123560786247e-02 1.020711362362e-01 1.210496127605e-01 1.883805394173e-01 5.216188430786e-01 1.417122036219e-01 1.573804020882e-01 1.938259601593e-01 1.350481510162e-01 1.346585601568e-01 1.243069097400e-01 1.206423118711e-01 1.671765446663e-01 2.119915187359e-01 4.004945755005e-01 2.570660710335e-01 4.804730415344e-01 2.111461758614e-01 6.130390167236e-01 4.228252172470e-01 3.441227376461e-01 3.270014822483e-01 3.408201634884e-01 3.569942116737e-01 4.269332587719e-01 5.065514445305e-01 5.229046940804e-01
1.102573499084e-01 1.847117841244e-01 1.711975596845e-02 1.510811224580e-02 6.522137671709e-02 2.495902031660e-01 4.833686649799e-01 3.801054954529e-01 1.481905281544e-01 1.458068005741e-02 1.346561778337e-02 1.544832158834e-02 1.471487153322e-02 1.527919061482e-02 1.296872496605e-01 1.166281625628e-01 9.557148069143e-02 1.083985269070e-01 8.608905225992e-02 4.038015007973e-02 1.835414469242e-01 1.546702027321e+00 1.098012179136e-01 1.800579875708e-01 4.736537933350e-01 2.538552284241e-01 1.611115336418e-01 1.456909626722e-01 1.534108519554e-01 1.681845039129e-01 2.770203053951e-01 3.948437869549e-01 2.067747712135e-01 3.170894384384e-01 5.959158539772e-01 1.003637433052e+00 4.349341690540e-01 3.009032011032e-01 2.452025860548e-01 2.321954667568e-01 2.987009286880e-01 5.319296121597e-01 6.841252446175e-01
4.583907127380e-02 6.807181239128e-02 1.318460330367e-02 1.185283996165e-02 9.837621822953e-03 1.426725834608e-01 2.936454117298e-01 1.797716617584e-01 1.115463003516e-01 2.310526557267e-02 8.322122506797e-03 4.649686813354e-02 6.349699944258e-02 5.964292958379e-02 8.111459016800e-02 8.112170547247e-02 8.331469446421e-02 7.560494542122e-02 8.284477889538e-02 7.317066937685e-02 1.113669574261e-01 2.058846652508e-01 9.347459673882e-02 1.390910148621e-01 3.925444185734e-01 3.335622251034e-01 7.270513772964e-01 6.321948170662e-01 1.997534185648e-01 5.207132101059e-01 1.789893031120e+00 1.990509033203e+00 2.093813419342e+00 4.092431366444e-01 5.903831124306e-01 7.067490816116e-01 4.420540332794e-01 2.423953711987e-01 1.695321351290e-01 1.728948503733e-01 3.438151478767e-01 3.064132928848e-01 3.312106430531e-01
2.193226106465e-02 7.001729309559e-02 4.769266769290e-02 2.524089626968e-02 1.670744270086e-02 7.182163186371e-03 4.592291638255e-02 5.311923101544e-02 5.410284921527e-02 4.912377893925e-02 2.594626508653e-02 4.674701765180e-02 5.562125518918e-02 6.843291968107e-02 7.781703770161e-02 6.904266774654e-02 6.862605363131e-02 6.105588749051e-02 6.848607957363e-02 5.304827541113e-02 7.164649665356e-02 1.214642673731e-01 1.970300972462e-01 4.575900435448e-01 1.048552751541e+00 6.369752287865e-01 5.986012220383e-01 6.621509194374e-01 6.098639965057e-01 1.687694340944e-01 9.364916384220e-02 1.005444973707e-01 1.582061052322e-01 2.947901189327e-01 7.937883138657e-01 6.930494308472e+00 2.516044378281e+00 1.525840401649e+00 1.087258458138e+00 8.423114418983e-01 9.334269762039e-01 7.806077003479e-01 1.169949769974e+00
2.284862287343e-02 4.407929256558e-02 4.730661958456e-02 2.346481569111e-02 1.506101060659e-02 5.869689863175e-03 2.739519998431e-02 2.809817343950e-02 2.746164985001e-02 2.626621164382e-02 2.896368689835e-02 3.489161282778e-02 3.824517503381e-02 7.235632091761e-02 6.247249990702e-02 8.270943164825e-02 9.849543869495e-02 8.179972320795e-02 5.499085038900e-02 8.731047809124e-02 8.306632190943e-02 1.009679213166e-01 1.808415800333e-01 1.974954158068e-01 4.027439057827e-01 3.882360219955e+00 7.579081058502e-01 1.384947896004e+00 6.004309654236e-01 8.686518669128e-02 5.569391697645e-02 5.870737880468e-02 6.778322160244e-02 9.086924791336e-02 1.459057331085e-01 6.455687284470e-01 4.260316848755e+00 1.301746249199e+00 3.557858765125e-01 1.640816926956e+00 4.501070976257e-01 2.671479582787e-01 3.361975252628e-01
1.095437631011e-02 1.957586035132e-02 2.641457132995e-02 3.053337149322e-02 3.192454203963e-02 2.965748496354e-02 2.658278681338e-02 2.784735523164e-02 2.703578025103e-02 2.378791384399e-02 2.030145749450e-02 2.509765885770e-02 2.903745882213e-02 3.746951371431e-02 7.657251507044e-02 6.813844293356e-02 8.131660521030e-02 8.903533220291e-02 6.303693354130e-02 6.370272487402e-02 9.494638442993e-02 9.087400883436e-02 9.381470084190e-02 1.045753210783e-01 2.164975255728e-01 7.483777403831e-01 7.284567952156e-01 3.170428276062e-01 1.077334880829e-01 6.067837029696e-02 4.562996700406e-02 3.915456682444e-02 3.886899352074e-02 4.701113328338e-02 7.414130121469e-02 2.188839316368e-01 7.768170237541e-01 4.242985844612e-01 5.027893185616e-01 8.603519201279e-02 2.807620465755e-01 2.300836592913e-01 2.072239816189e-01
1.736606471241e-02 2.917805686593e-02 3.723382204771e-02 4.190633073449e-02 4.322731494904e-02 4.156211391091e-02 3.923132270575e-02 3.551385179162e-02 3.090822324157e-02 2.551931887865e-02 1.909157261252e-02 1.838127151132e-02 2.700031921268e-02 3.804555535316e-02 8.536110818386e-02 8.030477911234e-02 6.952212750912e-02 5.898993089795e-02 7.023451477289e-02 1.079115867615e-01 1.069580540061e-01 8.100119233131e-02 5.545778572559e-02 6.263313442469e-02 1.140142604709e-01 5.951447486877e-01 8.658514022827e-01 2.471183836460e-01 1.336596310139e-01 6.283328682184e-02 4.149807244539e-02 2.891083247960e-02 2.575268223882e-02 2.838029712439e-02 3.929714113474e-02 6.700224429369e-02 5.679075419903e-02 1.495804041624e-01 1.361827969551e+00 1.548563122749e+00 9.000908732414e-01 2.002864032984e-01 1.634885072708e-01
8.650743402541e-03 1.832285150886e-02 2.281156741083e-02 2.507362887263e-02 2.445064671338e-02 2.337597310543e-02 2.264541573822e-02 2.114641107619e-02 2.108709886670e-02 1.851816475391e-02 1.673431321979e-02 1.517201494426e-02 1.837539300323e-02 2.718263491988e-02 5.894329026341e-02 6.757857650518e-02 6.492464244366e-02 6.174648925662e-02 1.178200915456e-01 1.179632321000e-01 1.260374486446e-01 1.718346178532e-01 4.439635947347e-02 4.220048710704e-02 1.090290546417e-01 2.157302945852e-01 1.954505890608e-01 1.494305282831e-01 1.268492341042e-01 6.961085647345e-02 3.773063421249e-02 3.139523789287e-02 2.774198167026e-02 2.733183465898e-02 3.437001258135e-02 6.440845131874e-02 4.649031907320e-02 1.651398390532e-01 7.399314641953e-01 4.492596387863e-01 2.827847301960e-01 1.347271651030e-01 1.155587434769e-01
8.412351831794e-03 1.223428640515e-02 1.600844599307e-02 1.750998012722e-02 1.753628067672e-02 1.682252064347e-02 1.856868155301e-02 2.105863951147e-02 2.339204587042e-02 2.424331381917e-02 2.346041798592e-02 2.452132478356e-02 2.603894285858e-02 2.871926501393e-02 5.466227605939e-02 6.242281198502e-02 5.292473733425e-02 6.287077814341e-02 8.241800218821e-02 1.277976334095e-01 9.205657988787e-02 1.242713108659e-01 5.254364386201e-02 5.733282119036e-02 1.294170469046e-01 8.761186152697e-02 4.907866120338e-01 1.027977466583e-01 1.132816299796e-01 5.785116553307e-02 3.746856749058e-02 2.792085520923e-02 2.679529227316e-02 2.871194854379e-02 3.520237281919e-02 4.882312566042e-02 9.127706289291e-02 1.141090393066e-01 2.296654134989e-01 3.024793565273e-01 1.911854892969e-01 1.176901608706e-01 1.318889409304e-01
7.078411988914e-03 1.285600848496e-02 1.613524928689e-02 1.794919371605e-02 2.838263660669e-02 2.171536721289e-02 2.581671252847e-02 2.914682403207e-02 3.214697912335e-02 3.811753541231e-02 4.841328784823e-02 5.810450762510e-02 6.157656386495e-02 5.418673157692e-02 9.878841042519e-02 1.057880073786e-01 7.128247618675e-02 5.046163499355e-02 7.164274901152e-02 2.250082343817e-01 1.012967228889e-01 8.301328122616e-02 5.513181909919e-02 4.818436503410e-02 7.599836587906e-02 1.229007542133e-01 2.218949049711e-01 8.265893161297e-02 1.215107366443e-01 4.727546498179e-02 3.551282733679e-02 2.480909600854e-02 2.539181150496e-02 3.278265520930e-02 3.989227488637e-02 4.789052158594e-02 6.226617470384e-02 8.733712136745e-02 1.909062117338e-01 2.268699258566e-01 1.424009203911e-01 1.149258464575e-01 1.318862587214e-01
