VariationalSeries/SI/f8.grd
DSAA
101	101
32.816463539100	34.260883539100
35.556306596100	36.727886596100
4.553908947855e-04	1.786224937439e+01
[rows 0 to 18 of 101, columns 0 to 42 of 101]
2.578235929832e-03 4.625426605344e-03 4.143478814512e-03 2.524466952309e-03 2.027134411037e-03 2.710989210755e-03 5.377260036767e-03 7.429745048285e-03 6.550991907716e-03 3.816923359409e-03 2.817071042955e-03 3.289125394076e-03 3.533011535183e-03 3.440138418227e-03 2.961705904454e-03 2.678062301129e-03 4.077048040926e-03 4.813222680241e-03 3.514447482303e-03 3.055879147723e-03 4.697221331298e-03 6.465779151767e-03 6.616532802582e-03 4.524266812950e-03 2.834304235876e-03 3.415582934394e-03 5.602856166661e-03 6.394101306796e-03 8.136977441609e-03 6.535327993333e-03 4.340646322817e-03 4.036933649331e-03 3.463413100690e-03 2.715647453442e-03 1.971580786631e-03 2.115135779604e-03 2.299716696143e-03 2.886888338253e-03 4.056026693434e-03 4.540738184005e-03 3.796271746978e-03 3.888236591592e-03 3.756342921406e-03
4.788100719452e-03 9.064968675375e-03 8.976086042821e-03 6.353684235364e-03 4.468309693038e-03 5.263792350888e-03 1.040140073746e-02 1.426028274000e-02 1.242981106043e-02 7.059358060360e-03 4.972511436790e-03 5.755123216659e-03 6.127092987299e-03 5.860940553248e-03 4.953656811267e-03 4.048827104270e-03 6.485569756478e-03 8.623171597719e-03 7.936242967844e-03 5.006921477616e-03 7.786478847265e-03 1.140929106623e-02 1.293416228145e-02 9.850812144578e-03 5.431070458144e-03 6.701298523694e-03 9.438606910408e-03 1.077602151781e-02 1.551918219775e-02 1.215838547796e-02 7.082997821271e-03 6.351439747959e-03 8.215239271522e-03 4.722567740828e-03 3.691063728184e-03 4.006272647530e-03 4.581816028804e-03 6.476002279669e-03 8.135168813169e-03 7.976843975484e-03 5.880895070732e-03 7.017921656370e-03 7.768639829010e-03
4.730524960905e-03 9.725021198392e-03 1.098695024848e-02 9.510871954262e-03 6.205471698195e-03 6.128817331046e-03 1.214341074228e-02 1.635423116386e-02 1.379565987736e-02 7.361749187112e-03 6.500800140202e-03 7.385326549411e-03 7.658764254302e-03 7.091747596860e-03 5.834183655679e-03 4.744385369122e-03 4.377233795822e-03 6.562516093254e-03 7.591767702252e-03 6.268023513258e-03 1.050459127873e-02 1.555073540658e-02 1.522793993354e-02 1.372136175632e-02 8.720680139959e-03 8.374433964491e-03 8.622453548014e-03 9.880785830319e-03 1.816108264029e-02 1.365506276488e-02 6.899501662701e-03 5.852447357029e-03 1.121868472546e-02 6.058089900762e-03 4.649573937058e-03 5.326156970114e-03 7.756376639009e-03 9.490302763879e-03 9.883265011013e-03 7.956565357745e-03 5.688421428204e-03 6.501547526568e-03 8.692310191691e-03
4.072996322066e-03 8.790025487542e-03 1.120641920716e-02 1.154687162489e-02 9.379607625306e-03 6.351353134960e-03 1.284127775580e-02 1.694460399449e-02 1.351548638195e-02 6.409586872905e-03 7.484924048185e-03 8.279067464173e-03 8.233988657594e-03 7.303358521312e-03 5.785687826574e-03 4.878242034465e-03 4.663492552936e-03 4.166436847299e-03 5.103646777570e-03 8.178202435374e-03 1.755962148309e-02 1.971614174545e-02 1.528085395694e-02 1.644317246974e-02 1.272509247065e-02 8.810941129923e-03 8.361174724996e-03 8.706228807569e-03 1.831414736807e-02 1.334513816983e-02 7.449471857399e-03 6.325043737888e-03 1.293196901679e-02 6.983579136431e-03 6.142776459455e-03 8.656096644700e-03 1.065053418279e-02 1.069866586477e-02 8.992078714073e-03 7.305528037250e-03 7.548099849373e-03 6.569635123014e-03 7.956874556839e-03
4.139412194490e-03 8.449941873550e-03 9.987005032599e-03 1.194865535945e-02 1.152218412608e-02 8.232739754021e-03 1.327429991215e-02 1.717841625214e-02 1.288643945009e-02 7.080841343850e-03 8.312982507050e-03 8.821928873658e-03 8.335190825164e-03 7.925867103040e-03 7.359786424786e-03 6.328649818897e-03 5.303675308824e-03 4.565710667521e-03 7.646876387298e-03 1.490961201489e-02 2.434339933097e-02 2.161313220859e-02 1.421012077481e-02 1.781382039189e-02 1.652762293816e-02 1.222552265972e-02 7.953109219670e-03 8.762724697590e-03 1.746325381100e-02 1.266343519092e-02 8.819831535220e-03 7.178530097008e-03 1.379923615605e-02 7.519635371864e-03 9.756972081959e-03 1.161273662001e-02 1.165347546339e-02 9.459603577852e-03 7.627045270056e-03 7.540055550635e-03 9.401513263583e-03 8.799913339317e-03 6.292812060565e-03
4.529724363238e-03 8.801762014627e-03 9.539615362883e-03 1.060901023448e-02 1.183149125427e-02 9.929696097970e-03 1.345924288034e-02 1.691436395049e-02 1.184460241348e-02 8.100070990622e-03 9.052137844265e-03 9.068091399968e-03 9.457063861191e-03 9.231065399945e-03 8.443194441497e-03 7.059352938086e-03 5.864903330803e-03 5.426468327641e-03 1.197523064911e-02 2.101756632328e-02 2.819482982159e-02 2.131955139339e-02 1.242888066918e-02 1.770785637200e-02 1.916544139385e-02 1.641160622239e-02 1.221671793610e-02 1.176840718836e-02 1.748724654317e-02 1.423319615424e-02 8.905992843211e-03 7.480440195650e-03 1.599727012217e-02 1.053391303867e-02 1.244633086026e-02 1.222126651555e-02 1.005394570529e-02 8.160213939846e-03 7.709876168519e-03 1.055692788213e-02 1.213456038386e-02 1.025509275496e-02 5.791645031422e-03
4.587319679558e-03 9.198031388223e-03 1.085508428514e-02 1.044797897339e-02 1.028224732727e-02 1.001890376210e-02 1.345823612064e-02 1.646408624947e-02 1.109780836850e-02 9.799493476748e-03 9.597847238183e-03 1.003402005881e-02 1.023325230926e-02 9.658991359174e-03 8.443510159850e-03 6.898572668433e-03 5.822751205415e-03 8.439187891781e-03 1.582466252148e-02 2.482071332633e-02 2.913216315210e-02 1.948923245072e-02 1.181130856276e-02 1.894823275506e-02 1.971272192895e-02 1.931848563254e-02 1.606085337698e-02 2.059265784919e-02 2.902480214834e-02 1.827116310596e-02 9.887895546854e-03 8.737385272980e-03 1.756960898638e-02 1.242386363447e-02 1.236288808286e-02 1.019100099802e-02 8.470763452351e-03 7.778531406075e-03 1.128775160760e-02 1.399583183229e-02 1.406916789711e-02 1.034879870713e-02 6.748395040631e-03
4.488108213991e-03 9.097158908844e-03 1.156565546989e-02 1.217555627227e-02 1.128797326237e-02 9.360507130623e-03 1.348216831684e-02 1.637943089008e-02 1.255459059030e-02 1.269559841603e-02 9.868748486042e-03 1.051601395011e-02 1.030960958451e-02 9.333524852991e-03 7.719795685261e-03 6.253650877625e-03 5.760647822171e-03 1.089227572083e-02 1.899196207523e-02 2.672207914293e-02 2.863311208785e-02 1.757068932056e-02 1.210485771298e-02 2.080386690795e-02 1.823087967932e-02 2.031119912863e-02 1.882327347994e-02 3.051444143057e-02 4.002052545547e-02 2.162089571357e-02 1.082568336278e-02 9.164587594569e-03 1.735099405050e-02 1.146203000098e-02 1.244225073606e-02 8.847399614751e-03 7.683614734560e-03 1.121818367392e-02 1.478702854365e-02 1.599033549428e-02 1.391689758748e-02 1.132995169610e-02 7.854959927499e-03
4.193359054625e-03 8.558562025428e-03 1.134745217860e-02 1.286698598415e-02 1.313681062311e-02 1.161765679717e-02 1.352496538311e-02 1.647653989494e-02 1.283300109208e-02 1.476743724197e-02 1.206894777715e-02 1.052374579012e-02 9.856415912509e-03 8.418164215982e-03 8.540748618543e-03 8.554200641811e-03 8.199293166399e-03 1.266462914646e-02 2.050844766200e-02 2.615073136985e-02 2.601758018136e-02 1.536766439676e-02 1.123653817922e-02 1.983598247170e-02 1.759282127023e-02 1.892750523984e-02 1.929307542741e-02 3.894120827317e-02 4.635537788272e-02 2.403483912349e-02 9.807275608182e-03 8.818821050227e-03 1.761346682906e-02 1.155732385814e-02 1.366760116071e-02 1.046264637262e-02 1.165543496609e-02 1.521367393434e-02 1.742921955884e-02 1.610706187785e-02 1.180414669216e-02 1.315842382610e-02 9.072094224393e-03
4.929187241942e-03 8.693977259099e-03 1.027653831989e-02 1.232352945954e-02 1.381750404835e-02 1.359909959137e-02 1.371131278574e-02 1.664249598980e-02 1.215072348714e-02 1.560568716377e-02 1.490576658398e-02 1.025604922324e-02 1.028512604535e-02 1.127575058490e-02 1.190342940390e-02 1.219375059009e-02 1.198481768370e-02 1.408481318504e-02 2.063347026706e-02 2.408988401294e-02 2.257040515542e-02 1.324811391532e-02 1.025306154042e-02 1.725136488676e-02 1.689967513084e-02 1.556833088398e-02 1.731707155704e-02 4.381736367941e-02 4.905244335532e-02 2.510066144168e-02 1.018372736871e-02 9.850223548710e-03 1.909376867115e-02 1.147228293121e-02 1.399812009186e-02 1.272604241967e-02 1.637041941285e-02 1.829321682453e-02 1.781288348138e-02 1.394155994058e-02 9.403571486473e-03 1.426070183516e-02 1.011530403048e-02
5.003684200346e-03 1.000997330993e-02 1.035302598029e-02 1.082352921367e-02 1.302932761610e-02 1.440214458853e-02 1.372367609292e-02 1.654852926731e-02 1.137247495353e-02 1.523991487920e-02 1.683456078172e-02 1.371896918863e-02 1.324862614274e-02 1.408833079040e-02 1.460108719766e-02 1.492338906974e-02 1.496634352952e-02 1.836491376162e-02 2.564756199718e-02 2.702764980495e-02 2.258809469640e-02 1.658474467695e-02 1.152707356960e-02 1.462406106293e-02 1.510753575712e-02 1.485647819936e-02 1.406160276383e-02 4.583582654595e-02 4.993829503655e-02 2.475762926042e-02 1.119941286743e-02 1.014782395214e-02 1.869962550700e-02 1.159489061683e-02 1.474716514349e-02 1.777913793921e-02 1.971040479839e-02 1.873684860766e-02 1.546192821115e-02 1.318225450814e-02 1.213514991105e-02 1.380879245698e-02 1.096440292895e-02
4.290159326047e-03 9.011605754495e-03 1.077407691628e-02 1.130904350430e-02 1.111550163478e-02 1.349157467484e-02 1.450059842318e-02 1.608682982624e-02 1.123346202075e-02 1.395715773106e-02 1.743018627167e-02 1.687414385378e-02 1.526291389018e-02 1.597303338349e-02 1.636649668217e-02 1.657716929913e-02 1.666099019349e-02 2.425215393305e-02 3.305272758007e-02 3.414078056812e-02 2.923728339374e-02 2.279996126890e-02 1.662173308432e-02 1.233296655118e-02 1.535048149526e-02 1.522843260318e-02 1.492714416236e-02 4.369996115565e-02 4.403248429298e-02 2.265095524490e-02 1.278982218355e-02 1.357727870345e-02 1.730593666434e-02 1.801147125661e-02 2.027906477451e-02 2.103642374277e-02 2.004238776863e-02 1.604467630386e-02 1.797827146947e-02 2.130571193993e-02 1.445661857724e-02 1.269886083901e-02 1.260058674961e-02
3.149933414534e-03 6.890084594488e-03 9.070176631212e-03 1.070210337639e-02 1.175109017640e-02 1.179154217243e-02 1.422020141035e-02 1.533510349691e-02 1.255065575242e-02 1.313012000173e-02 1.669454947114e-02 1.885692216456e-02 1.585212163627e-02 1.628503017128e-02 1.651551388204e-02 1.668530702591e-02 1.695971004665e-02 2.653826400638e-02 3.577129542828e-02 3.633670508862e-02 3.126342594624e-02 2.538931742311e-02 1.985012739897e-02 1.458352804184e-02 2.080686576664e-02 1.997515372932e-02 1.662764139473e-02 3.791714832187e-02 3.458246588707e-02 1.933497190475e-02 2.055182680488e-02 2.299437858164e-02 2.256877720356e-02 2.357318438590e-02 2.322326600552e-02 2.101617306471e-02 1.866082660854e-02 1.751800999045e-02 1.773514039814e-02 2.833726257086e-02 1.900719478726e-02 1.374013628811e-02 1.504919864237e-02
4.056273028255e-03 7.240895647556e-03 7.122724317014e-03 8.379930630326e-03 1.020527444780e-02 1.162169035524e-02 1.221796218306e-02 1.426822226495e-02 1.372621860355e-02 1.404284499586e-02 1.504631061107e-02 1.919615454972e-02 1.911787688732e-02 1.489018276334e-02 1.471961010247e-02 1.487479265779e-02 1.547478046268e-02 2.421802096069e-02 3.198983520269e-02 3.295174986124e-02 2.954008802772e-02 2.509365417063e-02 2.082098834217e-02 1.706675626338e-02 2.064961381257e-02 2.125824615359e-02 1.863429695368e-02 3.096795827150e-02 2.529591321945e-02 1.801513694227e-02 2.427427656949e-02 2.728355489671e-02 2.684860303998e-02 2.546146139503e-02 2.172806486487e-02 1.850681565702e-02 1.722752489150e-02 1.586759462953e-02 1.437557861209e-02 2.980782836676e-02 2.839306369424e-02 1.449678838253e-02 1.696953363717e-02
4.719954915345e-03 8.803539909422e-03 8.973627351224e-03 8.908463642001e-03 8.744700811803e-03 9.254612028599e-03 1.084538456053e-02 1.313067320734e-02 1.368642598391e-02 1.390199735761e-02 1.417367719114e-02 1.795016787946e-02 2.087788470089e-02 1.787441968918e-02 1.237959042192e-02 1.237044855952e-02 1.298065856099e-02 1.903137750924e-02 2.444687299430e-02 2.573183923960e-02 2.409973740578e-02 2.180563844740e-02 1.949305087328e-02 1.766696572304e-02 1.636136136949e-02 1.766046509147e-02 1.720317639410e-02 2.387623302639e-02 1.858726516366e-02 2.030767500401e-02 2.622026391327e-02 2.896193787456e-02 2.753408066928e-02 2.259431593120e-02 1.625451259315e-02 1.932576484978e-02 1.549800764769e-02 1.624993048608e-02 1.570784486830e-02 2.475676313043e-02 3.718307241797e-02 1.675341464579e-02 1.731041260064e-02
4.918001126498e-03 9.689837694168e-03 1.076350640506e-02 1.033680979162e-02 9.992845356464e-03 1.080997847021e-02 1.095902360976e-02 1.192210521549e-02 1.397903822362e-02 1.400998514146e-02 1.299672760069e-02 1.565303653479e-02 2.050469070673e-02 2.117526344955e-02 1.540436409414e-02 1.197367999703e-02 1.111883763224e-02 1.824237965047e-02 1.762521825731e-02 1.830828003585e-02 1.798920705914e-02 1.687950082123e-02 1.633080840111e-02 1.648242957890e-02 1.590225473046e-02 1.468266081065e-02 2.133909054101e-02 2.334693446755e-02 2.350025437772e-02 2.306909300387e-02 2.731748670340e-02 2.762632071972e-02 2.288213931024e-02 2.158546261489e-02 1.369300018996e-02 2.294979989529e-02 2.048189006746e-02 1.887270063162e-02 1.611169427633e-02 1.759709976614e-02 4.194144159555e-02 2.507588826120e-02 1.907521858811e-02
6.033414509147e-03 1.047536171973e-02 1.185570564121e-02 1.200759597123e-02 1.133035123348e-02 9.812160395086e-03 1.098459307104e-02 1.223279349506e-02 1.322239264846e-02 1.495213992894e-02 1.506152562797e-02 1.491687726229e-02 1.859098300338e-02 2.248683013022e-02 2.017623931170e-02 1.372074428946e-02 1.396735571325e-02 1.894819922745e-02 1.908960379660e-02 1.565388590097e-02 1.234346255660e-02 1.260411646217e-02 1.354717835784e-02 1.398296002299e-02 1.405490282923e-02 1.584790088236e-02 2.341719157994e-02 2.324211038649e-02 2.354171685874e-02 2.487631142139e-02 2.622878365219e-02 2.663474343717e-02 2.774503827095e-02 2.425724640489e-02 1.638920418918e-02 2.584321424365e-02 2.283840067685e-02 1.884603500366e-02 1.417062617838e-02 1.234004180878e-02 4.029666632414e-02 3.675726801157e-02 2.070369943976e-02
6.933381780982e-03 1.283574197441e-02 1.397676486522e-02 1.275773253292e-02 1.296829059720e-02 1.267765276134e-02 1.040113996714e-02 9.647566825151e-03 1.175295282155e-02 1.493055745959e-02 1.869709789753e-02 1.944773271680e-02 1.728155277669e-02 2.168991230428e-02 2.333599328995e-02 1.765708997846e-02 1.531840115786e-02 1.916609518230e-02 2.007442526519e-02 1.730332709849e-02 1.358160004020e-02 1.251343823969e-02 1.090110559016e-02 1.218311954290e-02 1.316931564361e-02 1.660212501884e-02 2.029591053724e-02 1.936664804816e-02 1.951172016561e-02 2.100277692080e-02 2.413947880268e-02 2.764360420406e-02 3.017918393016e-02 2.519803680480e-02 1.888766884804e-02 2.857560850680e-02 2.207373641431e-02 1.716654747725e-02 1.376178022474e-02 1.206720154732e-02 3.264632076025e-02 4.875354841352e-02 2.178024686873e-02
6.868389435112e-03 1.351944077760e-02 1.622008532286e-02 1.546250842512e-02 1.395050436258e-02 1.457525137812e-02 1.376336161047e-02 1.094301324338e-02 1.130748260766e-02 1.416587550193e-02 1.822693273425e-02 2.037558704615e-02 1.910188049078e-02 1.934579387307e-02 2.406190708280e-02 2.253616228700e-02 1.608910784125e-02 1.919111609459e-02 2.094114013016e-02 1.843627728522e-02 1.487772166729e-02 1.627671159804e-02 1.502792630345e-02 1.377753634006e-02 1.271961070597e-02 1.510499697179e-02 1.593065634370e-02 1.568042673171e-02 1.509135775268e-02 2.071992494166e-02 2.286774665117e-02 2.744309045374e-02 2.846355922520e-02 2.529592998326e-02 2.112775668502e-02 2.761916816235e-02 1.952991075814e-02 1.569217070937e-02 1.555170398206e-02 1.385806780308e-02 2.263295650482e-02 5.661941319704e-02 2.219468913972e-02
