VariationalSeries/SI/f82_max.grd
DSAA
101	101
32.816463539100	34.260883539100
35.556306596100	36.727886596100
1.377559510729e-05	2.263082027435e+00
[rows 57 to 75 of 101, columns 0 to 42 of 101]
7.623214623891e-04 1.252138870768e-03 1.357920933515e-03 1.359253772534e-03 1.439010957256e-03 1.759797101840e-03 1.970177516341e-03 2.160111675039e-03 2.337857615203e-03 2.389409113675e-03 2.299021231011e-03 3.223717911169e-03 5.521271843463e-03 3.017811337486e-03 2.194183412939e-03 3.307035192847e-03 2.961379708722e-03 3.314082277939e-03 4.005873110145e-03 4.181780852377e-03 4.296053200960e-03 3.215252188966e-03 2.239589579403e-03 1.969560980797e-03 2.136200433597e-03 2.958680270240e-03 4.727825056762e-03 5.864180624485e-03 4.576845560223e-03 2.674291376024e-03 2.091091359034e-03 1.650492893532e-03 1.729012001306e-03 2.072025090456e-03 2.454743720591e-03 3.152114804834e-03 3.632756182924e-03 3.917020279914e-03 6.464418023825e-03 8.482927456498e-03 7.275069132447e-03 6.450226064771e-03 7.255970500410e-03
9.626598912291e-04 1.575694768690e-03 1.799894263968e-03 1.826677820645e-03 1.806730288081e-03 1.757321297191e-03 1.755209406838e-03 1.837930176407e-03 1.914305845276e-03 3.117587184533e-03 1.011183857918e-02 1.170686352998e-02 4.373605828732e-03 2.259552478790e-03 2.268762793392e-03 2.118645235896e-03 2.293286845088e-03 2.284097252414e-03 2.600575098768e-03 3.297848161310e-03 3.997665364295e-03 4.272640682757e-03 2.986934036016e-03 1.881238655187e-03 2.166320336983e-03 3.305050311610e-03 4.991230554879e-03 5.347097292542e-03 5.416389554739e-03 3.445207141340e-03 2.075157128274e-03 1.884617260657e-03 1.808659988455e-03 2.158210845664e-03 2.548241987824e-03 2.637456869707e-03 2.710312372074e-03 2.832594560459e-03 2.858242485672e-03 3.084959927946e-03 3.719660220668e-03 5.087286233902e-03 5.857692100108e-03
1.287948573008e-03 2.117471303791e-03 2.449843799695e-03 3.493238938972e-03 4.484876524657e-03 5.691697355360e-03 7.489877287298e-03 1.092641241848e-02 2.005478367209e-02 2.832031808794e-02 1.883432455361e-02 4.793625790626e-03 3.237207420170e-03 2.832205733284e-03 2.059596357867e-03 2.163961762562e-03 2.287378069013e-03 2.250763587654e-03 2.145557431504e-03 2.287061884999e-03 3.858841490000e-03 4.375352524221e-03 3.102415474132e-03 1.782140345313e-03 1.400258741342e-03 2.159493742511e-03 3.062127158046e-03 3.148071235046e-03 3.301247255877e-03 2.685521030799e-03 1.873921835795e-03 1.968945609406e-03 1.863806741312e-03 2.091799397022e-03 2.524580806494e-03 2.615668810904e-03 2.491002902389e-03 2.282865578309e-03 2.114190254360e-03 2.366827335209e-03 3.016462782398e-03 3.869218984619e-03 5.105096381158e-03
1.258690026589e-03 2.270658034831e-03 3.960113506764e-03 5.656877998263e-03 7.159282453358e-03 9.480563923717e-03 1.379634905607e-02 2.060778811574e-02 2.071345597506e-02 9.581291116774e-03 2.312160795555e-03 2.696140669286e-03 2.932274015620e-03 2.605478046462e-03 2.336263656616e-03 2.452584216371e-03 2.457531401888e-03 2.357785357162e-03 1.834125607274e-03 1.787872868590e-03 2.778870752081e-03 3.102080663666e-03 2.301728818566e-03 1.438815612346e-03 1.104377093725e-03 1.192464143969e-03 1.598833710887e-03 1.977002946660e-03 2.330361399800e-03 2.015396021307e-03 1.843605423346e-03 1.720927306451e-03 1.836848794483e-03 2.034527016804e-03 2.441464923322e-03 2.501570153981e-03 2.262379741296e-03 1.935664215125e-03 1.784229418263e-03 1.983205322176e-03 2.920737955719e-03 3.673268947750e-03 4.670228809118e-03
7.624257705174e-04 1.329063321464e-03 1.624744501896e-03 1.710116514005e-03 1.713039702736e-03 1.705274567939e-03 1.689961994998e-03 1.653289538808e-03 1.621229341254e-03 1.585104037076e-03 1.486786757596e-03 1.567766303197e-03 1.715861028060e-03 2.195369219407e-03 2.469142666087e-03 2.578970510513e-03 2.481831004843e-03 2.201508032158e-03 1.625604112633e-03 1.294484594837e-03 1.554317190312e-03 1.614125445485e-03 1.273177214898e-03 9.431476937607e-04 8.300073095597e-04 9.129763930105e-04 1.171860960312e-03 1.409026677720e-03 1.675915205851e-03 1.804286497645e-03 1.707485876977e-03 1.525510102510e-03 1.765983644873e-03 2.138025360182e-03 2.551635028794e-03 2.467826474458e-03 2.048058202490e-03 1.622398383915e-03 1.808329718187e-03 2.024813788012e-03 3.011976135895e-03 3.740415442735e-03 4.402069840580e-03
3.579375625122e-04 6.672361632809e-04 8.654181146994e-04 9.558484889567e-04 9.909463115036e-04 1.019694725983e-03 1.047108438797e-03 1.067231874913e-03 1.098899752833e-03 1.130631309934e-03 1.107755815610e-03 1.041155308485e-03 1.061753020622e-03 1.409634365700e-03 1.658543129452e-03 1.745986985043e-03 1.588400686160e-03 1.413006568328e-03 1.193193020299e-03 1.012046006508e-03 8.272423874587e-04 7.727777119726e-04 6.376852979884e-04 7.097911438905e-04 8.373629534617e-04 8.805519319139e-04 9.719919180498e-04 1.171102747321e-03 1.418638508767e-03 1.551967696287e-03 1.528881490231e-03 1.443406566978e-03 1.763978274539e-03 2.368880435824e-03 2.752391621470e-03 2.483488293365e-03 1.860846765339e-03 1.597914961167e-03 1.853486639448e-03 2.176141599193e-03 2.922831801698e-03 3.288788022473e-03 3.794948570430e-03
2.464740537107e-04 4.151185275987e-04 5.155212711543e-04 5.865158163942e-04 6.310280878097e-04 6.698797806166e-04 7.071257568896e-04 7.382764015347e-04 7.756244158372e-04 8.138547418639e-04 8.188901701942e-04 7.924958481453e-04 7.622895645909e-04 7.352625252679e-04 7.424655486830e-04 8.422327809967e-04 8.882657857612e-04 8.762464858592e-04 8.040345855989e-04 7.672379724681e-04 6.593169528060e-04 6.187545368448e-04 5.462147528306e-04 7.229861803353e-04 8.914045174606e-04 9.764485876076e-04 9.707186836749e-04 9.611423593014e-04 1.171723008156e-03 1.303071039729e-03 1.334329135716e-03 1.326096244156e-03 1.791271381080e-03 2.506774850190e-03 2.765543991700e-03 2.307058079168e-03 1.629104604945e-03 1.606838312000e-03 1.938076806255e-03 2.176473615691e-03 2.514729276299e-03 2.894832054153e-03 2.973599592224e-03
1.993636979023e-04 3.395805542823e-04 4.280813445803e-04 4.708043124992e-04 5.012615001760e-04 5.270705441944e-04 5.460132961161e-04 5.495865480043e-04 5.681946058758e-04 5.901527474634e-04 5.947891040705e-04 5.848075379618e-04 5.748768453486e-04 5.617712158710e-04 5.839157965966e-04 6.709957378916e-04 7.132213213481e-04 7.037182804197e-04 6.507551297545e-04 6.075418205000e-04 6.405977765098e-04 6.222023512237e-04 5.425830022432e-04 7.217211532407e-04 9.108692174777e-04 1.026409561746e-03 1.039853203110e-03 1.006813137792e-03 1.031587598845e-03 1.130445627496e-03 1.177065190859e-03 1.239230157807e-03 1.781997852959e-03 2.452560700476e-03 2.524769632146e-03 1.984716858715e-03 1.509460154921e-03 1.665552379563e-03 2.029750263318e-03 2.144019119442e-03 2.229424659163e-03 2.411677967757e-03 2.214723266661e-03
1.914681051858e-04 3.067430516239e-04 3.891291853506e-04 4.270901554264e-04 4.433742142282e-04 4.573613696266e-04 4.622467095032e-04 4.555447667371e-04 4.576395731419e-04 4.634114447981e-04 4.680894489866e-04 4.858392348979e-04 4.998276708648e-04 5.111408536322e-04 5.245852516964e-04 5.449525779113e-04 5.826471606269e-04 5.904595018364e-04 5.959991831332e-04 5.726694362238e-04 5.884398706257e-04 6.153071299195e-04 5.462638800964e-04 6.836613174528e-04 8.642114698887e-04 9.842617437243e-04 1.005132566206e-03 9.835147066042e-04 1.037486945279e-03 1.067403587513e-03 1.087241689675e-03 1.159285544418e-03 1.671663136221e-03 2.201869152486e-03 2.138513606042e-03 1.705831615254e-03 1.482923282310e-03 1.785767613910e-03 2.055061049759e-03 2.005476737395e-03 1.939868205227e-03 1.956199994311e-03 1.804771600291e-03
1.793749834178e-04 2.847721625585e-04 3.573217545636e-04 3.894515684806e-04 4.031432035845e-04 4.132164176553e-04 4.141971876379e-04 4.049884446431e-04 4.068082489539e-04 4.374487034511e-04 4.638143000193e-04 4.875534505118e-04 5.085207521915e-04 5.261017940938e-04 5.420137895271e-04 5.574051174335e-04 5.687418160960e-04 5.704169161618e-04 5.589799839072e-04 5.444930284284e-04 5.457315128297e-04 5.937805399299e-04 5.613434477709e-04 6.201562355272e-04 7.732409285381e-04 8.795637986623e-04 1.017285627313e-03 1.110491692089e-03 1.114600687288e-03 1.078340690583e-03 1.054030959494e-03 1.080578775145e-03 1.469418522902e-03 1.834714552388e-03 1.757053076290e-03 1.522072474472e-03 1.601741183549e-03 1.817314769141e-03 1.943629118614e-03 1.762850792147e-03 1.625400385819e-03 1.544749946333e-03 1.544127007946e-03
1.654593797866e-04 2.622403844725e-04 3.285141719971e-04 3.591724671423e-04 3.720648819581e-04 3.775437944569e-04 3.746087022591e-04 3.739909443539e-04 3.813538351096e-04 4.140270175412e-04 4.434390284587e-04 4.709811182693e-04 4.962537786923e-04 5.173948011361e-04 5.337396287359e-04 5.443083355203e-04 5.455579375848e-04 5.898864474148e-04 6.023375317454e-04 5.589939537458e-04 5.104519659653e-04 5.448082229123e-04 5.560722202063e-04 5.573130911216e-04 6.803277065046e-04 7.685850141570e-04 9.280027006753e-04 1.078361412510e-03 1.113843289204e-03 1.077142427675e-03 1.033131731674e-03 1.019784365781e-03 1.173032098450e-03 1.423695473932e-03 1.397484214976e-03 1.291656401008e-03 1.385360723361e-03 1.540103345178e-03 1.593050546944e-03 1.386106712744e-03 1.273647998460e-03 1.180855557323e-03 1.164493500255e-03
1.537294592708e-04 2.440536482027e-04 3.069693339057e-04 3.374867956154e-04 3.485868510325e-04 3.491563547868e-04 3.434251120780e-04 3.459010040388e-04 3.596834430937e-04 3.735843347386e-04 4.031628486700e-04 4.317373677623e-04 4.581688554026e-04 4.804010968655e-04 4.964484833181e-04 5.183181492612e-04 5.674831918441e-04 6.388012552634e-04 6.703622057103e-04 6.522464682348e-04 5.970625788905e-04 5.311834393069e-04 5.462042172439e-04 5.530679482035e-04 6.060656160116e-04 6.769841420464e-04 6.977807497606e-04 8.393957396038e-04 9.498200961389e-04 9.833464864641e-04 9.712634491734e-04 9.814345976338e-04 1.011872431263e-03 1.050322898664e-03 1.036705565639e-03 1.002607517876e-03 1.062899013050e-03 1.236166222952e-03 1.316272071563e-03 1.081941649318e-03 9.667883859947e-04 8.632490644231e-04 9.489853982814e-04
1.452361611882e-04 2.312521246495e-04 2.920022525359e-04 3.209181013517e-04 3.285274433438e-04 3.257527423557e-04 3.199798229616e-04 3.198916383553e-04 3.307821461931e-04 3.449232317507e-04 3.504214109853e-04 3.781593695749e-04 4.036456812173e-04 4.254726518411e-04 4.453761794139e-04 4.937658086419e-04 5.772332078777e-04 6.586505915038e-04 7.138938526623e-04 7.306106854230e-04 7.107235142030e-04 6.684872205369e-04 6.175600574352e-04 5.706716328859e-04 5.488976021297e-04 6.065272027627e-04 6.186326500028e-04 5.927165620960e-04 7.204468711279e-04 8.268115925603e-04 8.970522903837e-04 9.489365038462e-04 9.807561291382e-04 9.533978882246e-04 8.513773791492e-04 8.304172079079e-04 9.348569437861e-04 1.172247808427e-03 1.359524903819e-03 1.221304177307e-03 8.989479974844e-04 8.033853373490e-04 9.133613202721e-04
1.421623164788e-04 2.260014007334e-04 2.843022230081e-04 3.098110901192e-04 3.137172025163e-04 3.091332619078e-04 3.079989401158e-04 3.121423069388e-04 3.090189711656e-04 3.120006294921e-04 3.210226714145e-04 3.547559317667e-04 3.901743330061e-04 4.269086348359e-04 4.594063793775e-04 5.049101891927e-04 5.870612803847e-04 6.703054532409e-04 7.452586432919e-04 7.917706388980e-04 7.998803630471e-04 7.802358595654e-04 7.466724491678e-04 7.124051917344e-04 6.923000328243e-04 6.793517386541e-04 6.544564967044e-04 6.170656415634e-04 7.134114275686e-04 8.003635448404e-04 8.652791148052e-04 9.245330584235e-04 9.560516336933e-04 8.932825294323e-04 8.495565853082e-04 8.729575201869e-04 9.418524568900e-04 1.132233534008e-03 1.308959326707e-03 1.187418354675e-03 9.174123406410e-04 8.000483503565e-04 9.104530327022e-04
1.445654197596e-04 2.286296512466e-04 2.850297605619e-04 3.073411062360e-04 3.085157368332e-04 3.021230513696e-04 3.032048989553e-04 3.041819145437e-04 3.108274540864e-04 3.124590148218e-04 3.324110584799e-04 3.658057830762e-04 3.984514332842e-04 4.295310063753e-04 4.546621639747e-04 5.198880098760e-04 6.129567627795e-04 7.010019035079e-04 7.861311314628e-04 8.479373063892e-04 8.682154002599e-04 8.554495288990e-04 8.238784503192e-04 7.845598156564e-04 7.521841907874e-04 7.200620602816e-04 6.661869701929e-04 6.089853704907e-04 6.989968824200e-04 7.747149211355e-04 8.396676857956e-04 9.023386519402e-04 9.232882875949e-04 8.487094892189e-04 8.614870603196e-04 8.905184804462e-04 9.632324799895e-04 1.097225816920e-03 1.182253006846e-03 1.039735274389e-03 8.529109763913e-04 7.428827811964e-04 8.450063760392e-04
1.483107771492e-04 2.338328049518e-04 2.893548517022e-04 3.097768640146e-04 3.093479608651e-04 3.080432070419e-04 3.210726135876e-04 3.301567630842e-04 3.353109350428e-04 3.360907430761e-04 3.331098123454e-04 3.516284341458e-04 3.876140108332e-04 4.336647980381e-04 4.485244862735e-04 5.094817606732e-04 6.273379549384e-04 7.290502544492e-04 8.096786914393e-04 8.604622562416e-04 8.718211902305e-04 8.484762511216e-04 8.046806324273e-04 7.532897288911e-04 7.050700951368e-04 6.564844516106e-04 5.877548246644e-04 6.084352498874e-04 6.857695989311e-04 7.539740763605e-04 8.160214056261e-04 8.678341982886e-04 8.682556799613e-04 7.993397302926e-04 8.785201935098e-04 1.097378320992e-03 1.038258080371e-03 1.088427146897e-03 1.048446400091e-03 8.896755171008e-04 7.718475535512e-04 6.758387899026e-04 7.668486214243e-04
1.462203072151e-04 2.297879691469e-04 2.826743584592e-04 3.015207184944e-04 3.009688225575e-04 3.093042178079e-04 3.177123435307e-04 3.218092897441e-04 3.228602290619e-04 3.209196147509e-04 3.209302667528e-04 3.602405777201e-04 4.192358464934e-04 4.695080278907e-04 4.845040093642e-04 4.739378055092e-04 5.998788983561e-04 7.038709591143e-04 7.624860736541e-04 7.831065449864e-04 7.721894071437e-04 7.303646416403e-04 6.746602593921e-04 6.263373652473e-04 5.871736211702e-04 5.450301105157e-04 5.464723799378e-04 6.035407423042e-04 6.719077937305e-04 7.332226377912e-04 7.866717642173e-04 8.163255988620e-04 7.936267647892e-04 7.666112505831e-04 9.160545305349e-04 9.800660191104e-04 1.000654650852e-03 1.093639875762e-03 1.060306560248e-03 8.691102266312e-04 7.504905224778e-04 6.898553692736e-04 7.446170784533e-04
1.338492875220e-04 2.090041816700e-04 2.555763931014e-04 2.719387412071e-04 2.887204464059e-04 3.012718516402e-04 2.958544355351e-04 2.835076011252e-04 2.801808586810e-04 2.993387752213e-04 3.269272274338e-04 3.780194092542e-04 4.468788101804e-04 4.989614826627e-04 5.134821403772e-04 5.048646125942e-04 5.492185009643e-04 6.376167293638e-04 6.706439307891e-04 6.632432923652e-04 6.302193505690e-04 5.718722823076e-04 5.485603469424e-04 6.495895213448e-04 6.588248070329e-04 6.316438084468e-04 6.188275292516e-04 6.211939034984e-04 6.533792475238e-04 7.067579426803e-04 7.439987384714e-04 7.451469427906e-04 6.997422897257e-04 7.080771611072e-04 8.345918613486e-04 1.186713576317e-03 1.017451286316e-03 1.426915754564e-03 1.266162958927e-03 1.065932563506e-03 9.036551346071e-04 7.440314511769e-04 8.387764100917e-04
1.385827199556e-04 2.042783889920e-04 2.506887540221e-04 2.897180092987e-04 3.192093863618e-04 3.261764650233e-04 3.167058748659e-04 2.988633350469e-04 2.780727227218e-04 3.021702577826e-04 3.349625039846e-04 3.969020617660e-04 4.730827349704e-04 5.261224578135e-04 5.404177354649e-04 5.319194169715e-04 5.041990661994e-04 5.806245608255e-04 6.028702482581e-04 6.354257347994e-04 8.630126831122e-04 7.911389693618e-04 5.956508684903e-04 6.776185473427e-04 6.579255568795e-04 6.061575259082e-04 5.756940809079e-04 5.762292421423e-04 6.310971803032e-04 6.722839898430e-04 6.865605828352e-04 6.596209714189e-04 5.996105028316e-04 6.361334235407e-04 7.057765033096e-04 1.054837717675e-03 1.322211464867e-03 2.072679810226e-03 1.917055575177e-03 1.262745936401e-03 9.616905590519e-04 8.853364270180e-04 1.089746830985e-03
