VariationalSeries/SI/f82_max.grd
DSAA
101	101
32.816463539100	34.260883539100
35.556306596100	36.727886596100
1.377559510729e-05	2.263082027435e+00
[rows 76 to 94 of 101, columns 43 to 85 of 101]
3.486514324322e-03 2.969425404444e-03 5.422098562121e-03 1.367950066924e-02 1.464022323489e-02 2.918535843492e-02 4.658005759120e-02 5.237007141113e-02 3.242702409625e-02 9.067160077393e-03 3.270981460810e-02 7.334273308516e-02 5.480557307601e-02 1.437246985734e-02 6.424049381167e-03 9.108625352383e-03 9.650143794715e-03 4.959478043020e-03 4.634968005121e-03 5.770616233349e-03 2.121233753860e-02 4.847574234009e-02 1.140367146581e-02 7.708579767495e-03 5.603735800833e-03 3.756862366572e-03 1.907053869218e-03 1.639697584324e-03 1.597804366611e-03 1.507031149231e-03 1.430490170605e-03 1.490628463216e-03 1.569142565131e-03 1.664422568865e-03 1.680997316726e-03 1.564326114021e-03 1.434721867554e-03 1.341065741144e-03 1.275548944250e-03 1.236667390913e-03 1.380767556839e-03 2.120467834175e-03 2.891406416893e-03
5.669249687344e-03 7.649590261281e-03 9.780836291611e-03 1.020901743323e-02 1.399527303874e-02 1.937037147582e-02 2.500754036009e-02 2.344844304025e-02 3.761192038655e-02 5.491304770112e-02 5.442634597421e-02 2.609988301992e-02 1.864690147340e-02 1.646352745593e-02 1.061827223748e-02 1.134864613414e-02 3.152431687340e-03 1.927905832417e-03 2.371369861066e-03 2.655195770785e-03 2.011213218793e-03 2.408902160823e-03 3.818225581199e-03 3.835106268525e-03 3.480306128040e-03 2.134564798325e-03 1.040439936332e-03 9.342559496872e-04 1.092272577807e-03 1.258215634152e-03 1.341872382909e-03 1.370903803036e-03 1.363244489767e-03 1.303295837715e-03 1.133380224928e-03 9.095617569983e-04 7.287070038728e-04 7.217942038551e-04 7.648590835743e-04 8.885819115676e-04 1.119043794461e-03 1.908870064653e-03 2.553097205237e-03
1.201004628092e-02 1.813581585884e-02 1.201804075390e-02 5.629225634038e-03 6.580627989024e-03 2.389697358012e-02 6.703005731106e-02 8.922227472067e-02 6.677812337875e-02 3.293368592858e-02 1.785801723599e-02 1.151541993022e-02 8.243188261986e-03 1.329921558499e-02 1.115671917796e-02 4.147036932409e-03 1.377250417136e-03 1.252570655197e-03 1.306196325459e-03 1.771524432115e-03 1.321222400293e-03 1.203724066727e-03 1.393502578139e-03 1.569039421156e-03 1.421824214049e-03 1.299270428717e-03 1.051534316503e-03 1.094301114790e-03 9.206121321768e-04 1.053550164215e-03 1.102616079152e-03 1.027340535074e-03 9.820343693718e-04 9.486622293480e-04 6.673818570562e-04 6.449325592257e-04 6.850525969639e-04 6.825111340731e-04 6.683665560558e-04 7.071688305587e-04 8.650380768813e-04 1.657743821852e-03 2.430637599900e-03
1.708956062794e-02 1.990806311369e-02 6.722089834511e-03 6.981404032558e-03 2.454307302833e-02 4.394016787410e-02 4.531449824572e-02 3.883223608136e-02 3.269245103002e-02 1.546473708004e-02 1.371911820024e-02 1.658635213971e-02 1.021539047360e-02 6.489043124020e-03 2.816442167386e-03 1.527794054709e-03 9.666571277194e-04 9.178935433738e-04 8.821304654703e-04 1.110301120207e-03 9.861384751275e-04 9.868755005300e-04 9.182236972265e-04 9.067681967281e-04 8.787772385404e-04 8.971137576737e-04 8.671577088535e-04 8.818953065202e-04 9.487299830653e-04 9.088948136196e-04 9.209094569087e-04 7.586987921968e-04 8.393809548579e-04 8.805733523332e-04 7.006122032180e-04 5.349510465749e-04 6.402346771210e-04 6.813110667281e-04 6.842353614047e-04 6.723448168486e-04 6.902815657668e-04 8.909855969250e-04 1.498441910371e-03
7.465808186680e-03 1.239416003227e-02 1.787782460451e-02 2.309532277286e-02 2.527715265751e-02 2.072765305638e-02 2.347834222019e-02 2.897493168712e-02 4.136648774147e-02 1.613364927471e-02 1.668732613325e-02 1.016761083156e-02 4.105588886887e-03 1.722212182358e-03 1.191904186271e-03 9.713610052131e-04 8.709887042642e-04 7.852919516154e-04 7.197829545476e-04 6.787088932469e-04 7.545049302280e-04 5.842028185725e-04 5.921141710132e-04 5.900129326619e-04 6.221567746252e-04 6.534755812027e-04 6.594755686820e-04 6.040959269740e-04 5.184808978811e-04 6.220905925147e-04 6.046203197911e-04 5.871260073036e-04 6.590262637474e-04 7.342451717705e-04 6.752696936019e-04 5.290962290019e-04 5.947885219939e-04 6.679486250505e-04 6.859474815428e-04 6.952644325793e-04 8.062476990744e-04 9.678085916676e-04 1.219814876094e-03
8.226486854255e-03 2.500928193331e-02 4.635472595692e-02 2.724075876176e-02 1.747410744429e-02 3.041804395616e-02 4.055141657591e-02 5.456962063909e-02 2.666267566383e-02 1.373334694654e-02 6.506125442684e-03 3.778338432312e-03 1.580067444593e-03 1.013529254124e-03 7.152188918553e-04 6.034491234459e-04 5.541685968637e-04 5.151740624569e-04 5.290772533044e-04 5.638229777105e-04 5.794620956294e-04 5.370596772991e-04 5.226405919529e-04 5.610457155854e-04 6.703505641781e-04 7.808768423274e-04 8.540845010430e-04 8.301354246214e-04 6.557388696820e-04 5.063022836111e-04 5.033296183683e-04 4.645514418371e-04 4.713815869763e-04 5.893938359804e-04 6.103540072218e-04 5.689646932296e-04 5.408665747382e-04 6.336819496937e-04 6.690114387311e-04 6.757524679415e-04 7.732888916507e-04 1.071325968951e-03 1.449831179343e-03
1.545528788120e-02 4.847933351994e-02 3.717672452331e-02 3.015376813710e-02 3.305675834417e-02 3.166425600648e-02 2.213272638619e-02 2.153549157083e-02 1.683198288083e-02 8.631844073534e-03 3.160245949402e-03 1.968235475942e-03 1.051538740285e-03 6.767041631974e-04 5.390767473727e-04 4.441987548489e-04 4.433248832356e-04 4.735054390039e-04 4.625614965335e-04 4.473082663026e-04 4.860874614678e-04 4.986776039004e-04 4.842763883062e-04 4.855000297539e-04 6.110057001933e-04 7.501574000344e-04 8.519217954017e-04 8.498888928443e-04 6.901981541887e-04 4.679188423324e-04 4.890220589004e-04 5.063982098363e-04 4.140810924582e-04 4.335964331403e-04 5.173294339329e-04 5.778069025837e-04 5.838083452545e-04 5.798969068564e-04 6.339428946376e-04 6.617658073083e-04 6.551812402904e-04 7.433896535076e-04 9.406632161699e-04
2.078488655388e-02 3.525292873383e-02 2.098677307367e-02 1.280426979065e-02 8.544171229005e-03 1.050923299044e-02 9.233868680894e-03 1.102900784463e-02 9.276652708650e-03 3.236379707232e-03 2.290748292580e-03 1.368125784211e-03 1.116098952480e-03 8.281078189611e-04 5.162677261978e-04 4.194599750917e-04 4.558549844660e-04 4.598085070029e-04 4.186613077763e-04 4.008345713373e-04 4.651795316022e-04 5.095326923765e-04 5.332664586604e-04 5.146177718416e-04 4.766776983161e-04 5.697403103113e-04 6.359776016325e-04 6.304165581241e-04 5.211401730776e-04 4.205997101963e-04 4.345036577433e-04 4.769306397066e-04 4.551277379505e-04 3.857643750962e-04 3.957553708460e-04 4.721754521597e-04 5.249560927041e-04 5.143305170350e-04 5.852464237250e-04 6.355909281410e-04 6.474247202277e-04 6.809628102928e-04 7.642013952136e-04
2.965740486979e-02 2.445984818041e-02 7.920382544398e-03 6.001767702401e-03 6.366385146976e-03 3.826201660559e-03 5.444592796266e-03 8.785796351731e-03 5.854402668774e-03 2.851652447134e-03 2.158763352782e-03 1.196854747832e-03 1.166215981357e-03 1.105468836613e-03 6.913988618180e-04 5.460227839649e-04 4.634330689441e-04 4.422800848261e-04 3.813363728113e-04 3.863242163789e-04 4.675808304455e-04 5.608067731373e-04 6.166205857880e-04 5.760262138210e-04 4.920389037579e-04 4.221225390211e-04 4.565496346913e-04 4.876703897025e-04 4.860647895839e-04 5.199980223551e-04 4.673559451476e-04 4.326761991251e-04 4.370782116894e-04 3.964769130107e-04 3.842564183287e-04 4.612719349097e-04 5.042942357250e-04 4.911816795357e-04 5.270031397231e-04 5.928933387622e-04 6.216819165275e-04 6.951257819310e-04 8.774567395449e-04
4.689773917198e-02 2.059783600271e-02 4.047311842442e-03 2.885276218876e-03 2.209912752733e-03 2.713857684284e-03 2.905619563535e-03 6.595411803573e-03 6.681087426841e-03 4.072900861502e-03 2.030565170571e-03 1.160054584034e-03 1.003822777420e-03 1.049001002684e-03 8.605693583377e-04 5.290643312037e-04 4.591367032845e-04 4.253169754520e-04 3.533805720508e-04 3.818494151346e-04 4.784279735759e-04 6.246467819437e-04 6.812777719460e-04 6.051060627215e-04 5.082702264190e-04 4.477013717405e-04 4.717559495475e-04 5.255097057670e-04 5.491438205354e-04 5.440847598948e-04 5.040406831540e-04 4.189725732431e-04 4.808978701476e-04 3.974886494689e-04 3.742139379028e-04 4.061073414050e-04 5.104511510581e-04 5.619761068374e-04 5.986695177853e-04 6.804161821492e-04 7.813649717718e-04 8.111599599943e-04 7.884252117947e-04
4.026893526316e-02 1.243114192039e-02 3.080518683419e-03 1.735033700243e-03 1.586782163940e-03 1.841671532020e-03 3.407711861655e-03 4.360967315733e-03 5.246552638710e-03 3.661422990263e-03 2.405569655821e-03 1.347218872979e-03 8.819316281006e-04 7.583471597172e-04 7.260772981681e-04 6.132109556347e-04 5.321273929439e-04 5.847372231074e-04 4.880143096671e-04 4.214683431201e-04 5.255567375571e-04 7.018300238997e-04 7.306512561627e-04 6.137884920463e-04 5.212036776356e-04 4.749608633574e-04 4.929367569275e-04 5.536379176192e-04 5.985577590764e-04 5.591747467406e-04 4.973632167093e-04 4.114763869438e-04 4.904579254799e-04 3.790631308220e-04 3.657579072751e-04 3.529239038471e-04 3.835348179564e-04 5.052447668277e-04 6.436035037041e-04 8.286343072541e-04 1.011651242152e-03 1.083741197363e-03 1.095913932659e-03
2.119237929583e-02 3.902475582436e-03 1.836843905039e-03 1.597638824023e-03 1.335918554105e-03 1.361031783745e-03 2.197956200689e-03 1.217604731210e-03 3.186166053638e-03 4.815232474357e-03 3.421989502385e-03 2.603832632303e-03 1.302019809373e-03 8.006650023162e-04 6.841521244496e-04 6.904964102432e-04 7.322462042794e-04 6.583985523321e-04 5.774952005595e-04 5.141748697497e-04 6.284796982072e-04 7.719277055003e-04 7.433483842760e-04 6.260387017392e-04 5.587717751041e-04 5.257859011181e-04 5.233612610027e-04 5.813160096295e-04 6.328006274998e-04 6.073400145397e-04 5.083827418275e-04 4.038706247229e-04 4.627348680515e-04 4.193645145278e-04 3.628336417023e-04 3.607623220887e-04 3.476434212644e-04 3.635319299065e-04 4.653916112147e-04 7.114377222024e-04 9.715244523250e-04 1.132663222961e-03 1.225047744811e-03
5.734800826758e-03 2.226674230769e-03 1.441513770260e-03 1.378606073558e-03 1.074612489901e-03 9.762158151716e-04 9.876703843474e-04 9.254632168449e-04 1.158932223916e-03 3.972128499299e-03 4.402551800013e-03 6.453881971538e-03 4.129924811423e-03 1.483800122514e-03 9.207353577949e-04 7.675426895730e-04 8.266566437669e-04 9.785764850676e-04 9.108533267863e-04 7.279909332283e-04 7.161438115872e-04 8.022360270843e-04 7.213046774268e-04 6.226233090274e-04 5.859953234904e-04 5.802988307551e-04 5.914416979067e-04 5.942155257799e-04 6.477385759354e-04 6.521814502776e-04 5.633773398586e-04 4.348764487077e-04 4.338458238635e-04 4.342094471212e-04 4.055243625771e-04 4.154242924415e-04 4.113470786251e-04 4.041721113026e-04 3.989059769083e-04 4.094347823411e-04 5.529511836357e-04 7.363329059444e-04 8.680433966219e-04
2.051829360425e-03 1.282781246118e-03 1.291708322242e-03 1.126147806644e-03 9.166504023597e-04 8.318041218445e-04 7.203046698123e-04 7.188672316261e-04 8.508645696566e-04 1.645969343372e-03 6.580953951925e-03 1.615956984460e-02 1.108752563596e-02 3.534497227520e-03 1.553539186716e-03 9.644053643569e-04 8.593021193519e-04 1.031280728057e-03 9.978642920032e-04 1.057426910847e-03 1.017628586851e-03 8.388687274419e-04 7.503437227570e-04 6.731475587003e-04 6.525244098157e-04 6.573410937563e-04 6.561868940480e-04 6.392344366759e-04 6.496464484371e-04 6.870742072351e-04 6.223208620213e-04 4.550653102342e-04 4.225890734233e-04 4.167181032244e-04 4.375764692668e-04 4.697579424828e-04 4.916685284115e-04 4.984962870367e-04 4.943073145114e-04 4.763631441165e-04 4.774928675033e-04 5.024030106142e-04 5.184952751733e-04
1.852641929872e-03 1.056820969097e-03 1.149774645455e-03 8.793294546194e-04 7.168111042120e-04 6.748937303200e-04 5.869745509699e-04 6.096009747125e-04 6.138758035377e-04 1.141433953308e-03 4.985129460692e-03 1.344840601087e-02 1.214912999421e-02 7.827130146325e-03 1.896893139929e-03 1.046878402121e-03 7.967613055371e-04 1.149091403931e-03 1.363864750601e-03 1.279122312553e-03 1.046036370099e-03 8.182759047486e-04 8.100272971205e-04 7.617775117978e-04 7.361386087723e-04 7.191151962616e-04 6.883983151056e-04 6.280639790930e-04 6.558157620020e-04 6.945202476345e-04 6.130367401056e-04 4.757521091960e-04 4.926145193167e-04 4.767383215949e-04 4.520700313151e-04 4.389698733576e-04 4.690080531873e-04 4.870890115853e-04 4.820204048883e-04 4.510301805567e-04 5.002930411138e-04 5.906169535592e-04 6.547620869242e-04
2.284325193614e-03 1.199508667924e-03 1.009476953186e-03 7.803167100064e-04 5.846720887348e-04 5.517405807041e-04 5.641096504405e-04 5.529093323275e-04 5.564196617343e-04 7.138026412576e-04 1.892795087770e-03 6.901243235916e-03 2.507810667157e-02 1.934936083853e-02 3.243697341532e-03 1.223347848281e-03 1.349308062345e-03 1.439264160581e-03 1.279559568502e-03 1.018220325932e-03 8.270915132016e-04 8.440557285212e-04 8.945148438215e-04 8.661231840961e-04 8.071450865828e-04 7.323383470066e-04 6.336663500406e-04 5.783264641650e-04 6.789136677980e-04 6.995225558057e-04 6.312461919151e-04 7.012306014076e-04 7.028991822153e-04 6.646650726907e-04 5.977568798698e-04 4.646470770240e-04 3.912834217772e-04 3.885028709192e-04 3.992344718426e-04 4.290946817491e-04 5.041685071774e-04 6.283012335189e-04 7.782666361891e-04
2.418976742774e-03 1.361869391985e-03 1.021218020469e-03 6.807596073486e-04 5.109369521961e-04 5.359357455745e-04 5.291912239045e-04 5.388868157752e-04 4.849381803069e-04 5.461355322041e-04 1.069597201422e-03 3.510967362672e-03 1.218511629850e-02 1.073736976832e-02 3.584595397115e-03 2.039735438302e-03 1.676354208030e-03 1.300512230955e-03 1.001760130748e-03 8.021778194234e-04 7.990412996151e-04 8.523316937499e-04 9.060431038961e-04 8.615630795248e-04 7.441805792041e-04 6.037919083610e-04 4.982722457498e-04 5.435841740109e-04 6.836237153038e-04 7.200188119896e-04 7.483906229027e-04 8.222823962569e-04 8.163007441908e-04 7.601966499351e-04 6.460734875873e-04 4.866426752415e-04 4.984951228835e-04 5.174485850148e-04 5.480170948431e-04 5.740039632656e-04 5.810743314214e-04 6.467007915489e-04 8.343065273948e-04
2.261358778924e-03 1.217641518451e-03 8.588906493969e-04 5.344604142010e-04 4.906178801320e-04 5.292435525917e-04 5.111592472531e-04 4.420138138812e-04 3.510061651468e-04 4.925702232867e-04 9.097781730816e-04 1.553908339702e-03 4.298283252865e-03 5.102898925543e-03 3.693632315844e-03 2.261382294819e-03 1.429921132512e-03 1.016055932269e-03 9.416248649359e-04 9.142374619842e-04 8.230684907176e-04 7.781269960105e-04 7.525361725129e-04 6.611261633225e-04 5.215650890023e-04 4.641765845008e-04 4.583049449138e-04 4.903877270408e-04 6.381558487192e-04 7.150440360419e-04 5.297348834574e-04 5.777758779004e-04 5.777707556263e-04 5.401404923759e-04 5.259572644718e-04 5.747856921516e-04 6.211157888174e-04 6.824253941886e-04 7.491684518754e-04 7.867191452533e-04 7.724020397291e-04 7.196647929959e-04 8.188691572286e-04
2.020275453106e-03 9.002299630083e-04 6.170633714646e-04 3.828683402389e-04 4.593249468599e-04 5.096881650388e-04 4.882057255600e-04 4.027569084428e-04 2.972709480673e-04 4.433195863385e-04 8.174687973224e-04 1.265113241971e-03 2.990846754983e-03 3.833664115518e-03 2.978680655360e-03 1.763288048096e-03 1.091511687264e-03 1.012879307382e-03 9.964777855203e-04 8.352516451851e-04 6.639484199695e-04 5.545055610128e-04 4.851559351664e-04 4.065459943376e-04 3.798777470365e-04 3.739756939467e-04 3.756230580620e-04 4.171460168436e-04 5.563087179326e-04 6.520046736114e-04 5.062388372608e-04 3.972899867222e-04 3.796722448897e-04 4.851233097725e-04 5.738482577726e-04 6.516975117847e-04 7.418508757837e-04 8.539684349671e-04 9.590684785508e-04 1.001745113172e-03 9.527466027066e-04 8.400067454204e-04 8.072474156506e-04
