VariationalSeries/SI/f82_max.grd
DSAA
101	101
32.816463539100	34.260883539100
35.556306596100	36.727886596100
1.377559510729e-05	2.263082027435e+00
[rows 57 to 75 of 101, columns 43 to 85 of 101]
9.518375620246e-03 1.131196692586e-02 5.765486042947e-03 6.386955268681e-03 6.321557797492e-03 1.015952508897e-02 1.145212352276e-02 1.543228793889e-02 1.347411703318e-02 7.345544174314e-03 5.106620956212e-03 4.290572833270e-03 3.160724183545e-03 5.605237558484e-03 2.343417517841e-02 7.867698371410e-02 1.739809960127e-01 1.641080379486e-01 2.373955100775e-01 8.011291921139e-02 2.311700396240e-02 1.767465844750e-02 3.202039748430e-02 5.871054902673e-02 1.004688814282e-01 9.109713882208e-02 9.909257292747e-02 8.043867349625e-02 1.047710403800e-01 9.673682600260e-02 1.021619662642e-01 7.614379376173e-02 7.906962931156e-02 1.110208928585e-01 6.894888728857e-02 4.330924898386e-02 5.055207386613e-02 7.085493952036e-02 8.884757757187e-02 6.426715850830e-02 2.677582949400e-02 2.355241589248e-02 2.277260646224e-02
7.600253913552e-03 1.282482314855e-02 4.656655713916e-03 4.952413495630e-03 4.906654357910e-03 7.375798653811e-03 1.439379807562e-02 4.632585495710e-02 3.685783222318e-02 7.923861034214e-03 4.714688286185e-03 3.222443396226e-03 2.482885029167e-03 2.453925786540e-03 4.879564978182e-03 4.691764339805e-02 5.494510009885e-02 5.709910392761e-02 4.641462117434e-02 4.697202518582e-02 3.428550064564e-02 2.604773826897e-02 2.009790018201e-02 1.211642101407e-02 3.136086091399e-02 6.251911818981e-02 1.091242432594e-01 1.112680137157e-01 1.213906779885e-01 6.670845299959e-02 8.801410347223e-02 8.028379082680e-02 6.882139295340e-02 6.049439311028e-02 6.150724366307e-02 4.624007642269e-02 4.538283124566e-02 5.464218929410e-02 5.372252687812e-02 4.923869296908e-02 5.112956464291e-02 5.363364145160e-02 5.021413043141e-02
6.329290103167e-03 6.105809006840e-03 4.239631816745e-03 4.506645724177e-03 4.582527093589e-03 6.712906528264e-03 2.045111544430e-02 5.416820570827e-02 5.273821204901e-02 1.180313341320e-02 4.868961870670e-03 2.758190967143e-03 1.959827728570e-03 1.784575986676e-03 1.825454062782e-03 2.285420661792e-03 3.148521995172e-03 4.288549534976e-03 5.561666563153e-03 6.872200407088e-03 8.087062276900e-03 9.503014385700e-03 6.391854956746e-03 6.423130631447e-03 1.537088677287e-02 7.150593400002e-02 1.231803447008e-01 1.398549228907e-01 1.343183815479e-01 1.355739980936e-01 8.934362977743e-02 7.743196934462e-02 6.572137773037e-02 5.983585119247e-02 8.403753489256e-02 7.243193686008e-02 6.007930636406e-02 3.761219233274e-02 4.043731838465e-02 3.398139402270e-02 2.995682694018e-02 2.831369079649e-02 2.475012093782e-02
5.839054007083e-03 5.257982295007e-03 4.102667327970e-03 4.568713251501e-03 5.188641604036e-03 6.815817672759e-03 4.947650805116e-02 5.322526767850e-02 6.509311497211e-02 9.099438786507e-03 4.271100275218e-03 2.660592319444e-03 1.779105514288e-03 1.443972461857e-03 1.378100365400e-03 1.450763200410e-03 1.776347751729e-03 2.340977312997e-03 3.374834079295e-03 3.934118896723e-03 4.506033845246e-03 9.040767326951e-03 4.641817416996e-03 4.273177590221e-03 1.310002338141e-02 2.921436913311e-02 1.043988242745e-01 1.159628927708e-01 1.231815367937e-01 1.315944492817e-01 1.096438094974e-01 8.493877202272e-02 5.899327620864e-02 7.567296922207e-02 5.266126617789e-02 4.633948579431e-02 3.842317685485e-02 3.176371753216e-02 2.986182272434e-02 2.939439751208e-02 3.114908002317e-02 4.422350972891e-02 6.155518442392e-02
4.947243258357e-03 3.854035167024e-03 4.030625801533e-03 4.847193602473e-03 7.550598587841e-03 1.234750449657e-02 3.744287043810e-02 8.315975964069e-02 3.203603625298e-02 5.074395332485e-03 3.108481643721e-03 2.267158124596e-03 1.623788964935e-03 1.218691701069e-03 1.115097780712e-03 1.115671359003e-03 1.212313072756e-03 1.625664765015e-03 2.238854765892e-03 2.560473745689e-03 2.659210702404e-03 5.525934975594e-03 3.301700577140e-03 3.596563357860e-03 8.020822890103e-03 2.739628776908e-02 7.414118945599e-02 1.006705909967e-01 1.044591292739e-01 7.968096435070e-02 6.139098480344e-02 8.789456635714e-02 6.010570749640e-02 4.239230602980e-02 4.707840457559e-02 5.948394536972e-02 5.387422069907e-02 3.810507431626e-02 3.557682782412e-02 3.466951474547e-02 3.360602259636e-02 3.730624541640e-02 4.631297290325e-02
3.589606145397e-03 2.960780169815e-03 3.702986752614e-03 8.741368539631e-03 1.997644454241e-02 4.614331573248e-02 6.729827821255e-02 4.235269129276e-02 4.499292466789e-03 3.076151246205e-03 2.210437553003e-03 1.821691170335e-03 1.420577638783e-03 1.161256572232e-03 1.022369251586e-03 1.064824289642e-03 1.112606958486e-03 1.344710122794e-03 1.941039110534e-03 2.387948101386e-03 2.536248881370e-03 2.686303574592e-03 2.698744880036e-03 4.013067577034e-03 9.761000983417e-03 2.556829527020e-02 3.137530386448e-02 3.138536959887e-02 6.056537106633e-02 7.009947299957e-02 8.222442120314e-02 5.247481912374e-02 6.793700158596e-02 4.986465349793e-02 5.578486993909e-02 6.581240147352e-02 1.316190361977e-01 8.304435014725e-02 4.888060688972e-02 4.003499820828e-02 4.118377715349e-02 4.046932235360e-02 3.908834233880e-02
2.316715428606e-03 2.425032900646e-03 3.066480858251e-03 3.875383175910e-03 8.552554994822e-03 5.291569232941e-02 3.433117642999e-02 4.584502894431e-03 2.675274387002e-03 2.359107602388e-03 1.977793406695e-03 1.670954632573e-03 1.309695537202e-03 1.117306179367e-03 9.956518188119e-04 1.098054461181e-03 1.136350911111e-03 1.113836420700e-03 1.596453948878e-03 2.037154976279e-03 2.301467815414e-03 2.288616029546e-03 2.868412761018e-03 4.650889895856e-03 1.451538689435e-02 2.880428172648e-02 1.705346256495e-02 2.236811816692e-02 2.083123289049e-02 1.076301336288e-01 1.566427201033e-01 8.469974994659e-02 4.652234539390e-02 6.369432806969e-02 2.517111971974e-02 2.648869343102e-02 9.827828407288e-02 4.728947579861e-02 3.849840909243e-02 2.950990758836e-02 3.032463788986e-02 3.381646797061e-02 3.644285351038e-02
1.947899465449e-03 2.118699951097e-03 2.483712276444e-03 3.142206231132e-03 3.553566988558e-03 4.948265384883e-03 5.471018142998e-03 3.730044467375e-03 1.939347130246e-03 2.002251567319e-03 1.755304634571e-03 1.605665544048e-03 1.313911867328e-03 1.063476549461e-03 1.087672077119e-03 1.108986907639e-03 1.185513217933e-03 1.173938857391e-03 1.344697899185e-03 1.726654125378e-03 2.052052179351e-03 2.177883172408e-03 2.294449601322e-03 3.824035637081e-03 1.073640212417e-02 6.620459724218e-03 6.409010849893e-03 1.048528403044e-02 2.376635372639e-02 4.708498343825e-02 4.933036118746e-02 6.230238080025e-02 9.934780001640e-02 5.328914150596e-02 5.078588053584e-02 3.944370523095e-02 4.038718715310e-02 3.421228751540e-02 1.821532100439e-02 2.273142710328e-02 2.220354229212e-02 2.396186813712e-02 3.013757057488e-02
1.532076741569e-03 1.726454938762e-03 2.057402627543e-03 2.523397561163e-03 2.712838817388e-03 3.019626718014e-03 3.195002675056e-03 1.998695312068e-03 1.702831010334e-03 1.770751434378e-03 1.651073340327e-03 1.431943615898e-03 1.196793396957e-03 1.072658342309e-03 1.061890972778e-03 1.216726610437e-03 1.198686310090e-03 1.030627870932e-03 1.188461552374e-03 1.508467132226e-03 1.785204396583e-03 2.085790038109e-03 2.962780417874e-03 3.102452261373e-03 3.148744348437e-03 4.393967799842e-03 4.277787171304e-03 1.050279848278e-02 1.467889733613e-02 1.975807920098e-02 4.101431369781e-02 7.198292016983e-02 5.331736057997e-02 9.734444320202e-02 6.222338601947e-02 3.498248755932e-02 2.907336503267e-02 2.641806565225e-02 3.176773339510e-02 2.989961206913e-02 3.726262971759e-02 3.666000813246e-02 4.263934493065e-02
1.414267346263e-03 1.397827989422e-03 1.573577523232e-03 1.786921871826e-03 1.926178112626e-03 1.896833302453e-03 1.810973393731e-03 1.748395618051e-03 1.891728141345e-03 1.869981177151e-03 1.742108957842e-03 1.518131350167e-03 1.242103171535e-03 1.099643297493e-03 9.938930161297e-04 9.760158718564e-04 1.101231318898e-03 1.116894884035e-03 1.125825801864e-03 1.358583685942e-03 1.573132700287e-03 1.858194125816e-03 2.845495939255e-03 3.205714514479e-03 3.457110607997e-03 7.160708773881e-03 9.846660308540e-03 1.265559997410e-02 1.775853522122e-02 1.918251253664e-02 4.199328273535e-02 7.971513271332e-02 3.763232380152e-02 4.012308269739e-02 7.101508229971e-02 6.007257103920e-02 4.167124629021e-02 3.542670607567e-02 4.432163387537e-02 2.281968668103e-02 3.027756884694e-02 3.674845024943e-02 4.387583211064e-02
1.161935389973e-03 1.315839821473e-03 1.381972222589e-03 1.397852087393e-03 1.565543236211e-03 1.687828334980e-03 1.818303833716e-03 1.614043838345e-03 1.552695175633e-03 1.602145959623e-03 1.721288310364e-03 1.713336561806e-03 1.474929507822e-03 1.250196597539e-03 1.185214263387e-03 1.070538884960e-03 9.222251828760e-04 1.023520366289e-03 1.158745842986e-03 1.280743512325e-03 1.406030380167e-03 1.613159431145e-03 2.421331824735e-03 2.361740916967e-03 2.620016923174e-03 6.478238385171e-03 1.384988706559e-02 1.869612932205e-02 2.629603631794e-02 1.381344906986e-02 4.074699431658e-02 2.039701491594e-02 2.189162746072e-02 2.518893219531e-02 4.025519639254e-02 4.417994990945e-02 5.723863467574e-02 5.214741453528e-02 3.873998671770e-02 3.311564028263e-02 2.537248283625e-02 2.732345275581e-02 2.200879529119e-02
1.136694685556e-03 1.257094205357e-03 1.251027104445e-03 1.274416572414e-03 1.361896400340e-03 1.516325981356e-03 1.641174079850e-03 1.466021640226e-03 1.146499067545e-03 1.224160892889e-03 1.329288119450e-03 1.564407371916e-03 1.624515745789e-03 1.350083388388e-03 1.273035188206e-03 1.540988334455e-03 1.366246957332e-03 1.110536046326e-03 1.208995236084e-03 1.258589792997e-03 1.536307623610e-03 1.705330447294e-03 1.899866387248e-03 2.332773059607e-03 2.708045300096e-03 4.723379854113e-03 9.960720315576e-03 1.187608204782e-02 1.630720868707e-02 9.233491495252e-03 1.963657140732e-02 1.503801811486e-02 2.497790567577e-02 1.522754691541e-02 3.008433058858e-02 2.251066826284e-02 3.570508584380e-02 4.380891099572e-02 3.909666463733e-02 5.274752900004e-02 4.798381030560e-02 3.838484734297e-02 3.369095921516e-02
1.094588194974e-03 1.183628453873e-03 1.138435793109e-03 1.160155166872e-03 1.165313413367e-03 1.136119244620e-03 1.258466742001e-03 1.189760514535e-03 1.417506719008e-03 1.535140792839e-03 1.393197453581e-03 1.407897914760e-03 1.551511930302e-03 1.615024521016e-03 1.479469938204e-03 1.910525839776e-03 1.700903987512e-03 1.296948408708e-03 1.305243698880e-03 1.298898132518e-03 1.492808689363e-03 1.619277754799e-03 1.808292581700e-03 2.406639512628e-03 2.829247154295e-03 4.230192396790e-03 6.353835575283e-03 7.349401712418e-03 7.870617322624e-03 9.948944672942e-03 1.668176613748e-02 2.555911801755e-02 1.722239889205e-02 4.107923805714e-02 1.435586530715e-02 1.872638426721e-02 3.822015970945e-02 5.350305885077e-02 2.621884457767e-02 2.964312769473e-02 1.888703554869e-02 3.555295616388e-02 3.137519583106e-02
9.761629044078e-04 1.055131433532e-03 1.014732406475e-03 9.984632488340e-04 9.269342990592e-04 9.372811764479e-04 9.891313966364e-04 1.303546712734e-03 1.620386028662e-03 1.665496383794e-03 1.455467194319e-03 1.606734120287e-03 1.788798952475e-03 1.740037929267e-03 1.726833172143e-03 1.782827312127e-03 1.923824893311e-03 2.252494450659e-03 2.017372287810e-03 1.811429508962e-03 1.861680648290e-03 2.006832975894e-03 2.398138400167e-03 2.444342942908e-03 2.972103422508e-03 3.654188942164e-03 5.949272774160e-03 5.988236982375e-03 1.076601259410e-02 2.176192961633e-02 2.702662535012e-02 1.377801224589e-02 1.383400149643e-02 4.177130013704e-02 2.206402085721e-02 2.715935930610e-02 2.409186027944e-02 3.123418241739e-02 2.281161211431e-02 8.739317767322e-03 8.321115747094e-03 1.123324967921e-02 2.221244201064e-02
8.998096454889e-04 9.009372442961e-04 8.935708901845e-04 8.815545588732e-04 9.058654541150e-04 9.589679539204e-04 1.018829294480e-03 1.216159551404e-03 1.364033785649e-03 1.299533178098e-03 1.528213266283e-03 1.644394476898e-03 1.596069778316e-03 1.677288906649e-03 2.289472613484e-03 3.188413800672e-03 3.619291121140e-03 4.589211195707e-03 4.580660723150e-03 4.934131167829e-03 3.517975797877e-03 3.362342948094e-03 3.899391042069e-03 3.265407169238e-03 3.723705653101e-03 5.146994255483e-03 1.546054705977e-02 1.442684326321e-02 1.394914649427e-02 1.879449374974e-02 1.054702419788e-02 1.111846789718e-02 1.493779011071e-02 8.533570915461e-03 4.624092578888e-02 6.439524888992e-02 5.749517679214e-02 1.331136375666e-02 6.302002351731e-03 5.207980982959e-03 5.090788472444e-03 6.020032335073e-03 6.352287251502e-03
8.363492670469e-04 8.676781435497e-04 8.336552418768e-04 8.977533434518e-04 9.626496466808e-04 1.101552043110e-03 1.101975212805e-03 1.276271417737e-03 1.397780259140e-03 1.627177349292e-03 1.683088834397e-03 1.998053863645e-03 2.093439688906e-03 1.934747677296e-03 4.702491220087e-03 1.687631197274e-02 1.333807595074e-02 7.910977117717e-03 8.887819014490e-03 1.107610762119e-02 8.186521008611e-03 4.314732737839e-03 5.021750926971e-03 6.292634177953e-03 6.107264198363e-03 1.138653513044e-02 1.602111943066e-02 1.420525275171e-02 1.156900450587e-02 1.045192126185e-02 1.186117995530e-02 1.108986511827e-02 8.363868109882e-03 6.969143636525e-03 1.184223406017e-02 5.440250411630e-02 5.668663978577e-02 1.169166062027e-02 4.161539487541e-03 4.239781294018e-03 3.816733369604e-03 3.667656332254e-03 6.031017284840e-03
8.386411354877e-04 9.036138071679e-04 1.142923953012e-03 1.277631614357e-03 1.174274249934e-03 1.946314005181e-03 2.288220217451e-03 2.325657522306e-03 1.966160023585e-03 1.925510587171e-03 2.108854241669e-03 2.650109585375e-03 2.640264108777e-03 9.751833975315e-03 6.893101334572e-02 8.682032674551e-02 4.051779210567e-02 2.305021882057e-02 1.842320524156e-02 1.444617565721e-02 6.907046772540e-03 6.841411348432e-03 1.495029125363e-02 3.189736604691e-02 2.615724503994e-02 1.394813787192e-02 1.628172770143e-02 1.323226653039e-02 1.403570082039e-02 9.739066474140e-03 2.412870898843e-02 9.648877196014e-03 7.395055145025e-03 5.228186957538e-03 3.472101641819e-03 1.120833121240e-02 1.237223949283e-02 3.027642378584e-03 2.035572659224e-03 2.395835006610e-03 2.962677041069e-03 3.312342101708e-03 3.097433829680e-03
1.027585589327e-03 1.617103582248e-03 2.205031923950e-03 2.396287862211e-03 3.093243809417e-03 4.112154711038e-03 4.040020052344e-03 3.563639242202e-03 3.063936950639e-03 2.362956758589e-03 2.846996765584e-03 3.146711969748e-03 1.751555316150e-02 9.661401063204e-02 1.321634054184e-01 4.608864337206e-02 1.450720708817e-02 8.868147619069e-03 9.033096022904e-03 7.890046574175e-03 7.585120853037e-03 1.727508753538e-02 3.404557704926e-02 4.527754709125e-02 3.642625361681e-02 1.874122582376e-02 1.291108876467e-02 9.500999934971e-03 8.592526428401e-03 7.656436879188e-03 1.036885194480e-02 4.746348597109e-03 5.369234364480e-03 4.353661555797e-03 2.735334448516e-03 1.621892559342e-03 1.338575384580e-03 1.302993274294e-03 1.368627534248e-03 1.704909955151e-03 2.289537573233e-03 2.895842073485e-03 2.962769707665e-03
1.702803419903e-03 2.547075506300e-03 3.384220413864e-03 4.544117953628e-03 8.792991749942e-03 8.717425167561e-03 1.219410449266e-02 8.802685886621e-03 1.000781822950e-02 5.945136304945e-03 3.329729894176e-03 2.283813618124e-02 9.202209115028e-02 9.160365164280e-02 2.396562322974e-02 7.212532684207e-03 1.338262204081e-02 1.768289506435e-02 1.249480806291e-02 1.453687157482e-02 1.758347637951e-02 1.769080013037e-02 2.575073577464e-02 2.102884650230e-02 1.424412243068e-02 1.109301578254e-02 6.914340425283e-03 2.688566455618e-03 2.754435176030e-03 2.727573271841e-03 3.493580035865e-03 2.555759390816e-03 2.253247657791e-03 1.556814066134e-03 1.592212822288e-03 1.622043433599e-03 1.674579689279e-03 1.758065191098e-03 1.869997126050e-03 2.014085650444e-03 2.036491641775e-03 2.430571010336e-03 3.084389260039e-03
