VariationalSeries/SI/f82_max.grd
DSAA
101	101
32.816463539100	34.260883539100
35.556306596100	36.727886596100
1.377559510729e-05	2.263082027435e+00
[rows 38 to 56 of 101, columns 43 to 85 of 101]
1.380701363087e-01 2.143825441599e-01 2.295159399509e-01 1.357500404119e-01 2.282492816448e-01 1.118487641215e-01 1.148552671075e-01 1.544833332300e-01 1.322662383318e-01 1.060024350882e-01 1.564493328333e-01 8.120340853930e-02 8.930531144142e-02 7.563763856888e-02 1.173809021711e-01 8.545434474945e-02 9.250490367413e-02 5.251095816493e-02 7.168587297201e-02 1.087778583169e-01 1.108313873410e-01 8.493300527334e-02 5.857712030411e-02 4.638417437673e-02 3.992420434952e-02 3.603006154299e-02 3.350724279881e-02 3.429330885410e-02 3.048872388899e-02 2.288715727627e-02 2.271662652493e-02 2.689460851252e-02 3.073915839195e-02 3.161050751805e-02 3.205655515194e-02 3.212336078286e-02 3.163571283221e-02 2.922187000513e-02 2.595510520041e-02 2.314090915024e-02 2.086016908288e-02 2.094102278352e-02 1.771333999932e-02
1.375204622746e-01 2.846165001392e-01 1.840298175812e-01 2.567160725594e-01 1.848169267178e-01 2.607184350491e-01 2.197082638741e-01 1.357101351023e-01 1.375966370106e-01 1.103314682841e-01 1.776447445154e-01 1.149476021528e-01 7.443638145924e-02 8.572136610746e-02 1.559135466814e-01 9.291335195303e-02 1.063808277249e-01 1.662079542875e-01 1.489752978086e-01 1.009415462613e-01 6.815577298403e-02 4.632257297635e-02 4.231052100658e-02 3.816790133715e-02 3.842661902308e-02 3.672503307462e-02 3.218922764063e-02 2.807464636862e-02 2.532582916319e-02 2.530083619058e-02 2.777835167944e-02 2.609367296100e-02 2.141605317593e-02 1.815158315003e-02 1.754306815565e-02 1.513502001762e-02 1.620236597955e-02 1.780069060624e-02 1.958797127008e-02 2.168471552432e-02 2.348457649350e-02 3.076097555459e-02 3.173292428255e-02
2.022618502378e-01 1.417036652565e-01 2.505573034286e-01 1.982879638672e-01 2.111620604992e-01 2.749542295933e-01 1.674400866032e-01 1.520690172911e-01 1.088610738516e-01 1.130730658770e-01 1.901476085186e-01 1.030055731535e-01 1.057027280331e-01 1.037162989378e-01 1.265124380589e-01 2.043434381485e-01 1.394097507000e-01 7.214769721031e-02 6.736550480127e-02 4.467091336846e-02 3.396308794618e-02 4.894751310349e-02 6.427882611752e-02 5.789186060429e-02 4.170742630959e-02 3.633386269212e-02 3.551999107003e-02 3.274772316217e-02 2.828424610198e-02 2.629398927093e-02 2.473140880466e-02 2.509371191263e-02 2.400866150856e-02 2.232275530696e-02 2.177734486759e-02 2.288992889225e-02 2.258455008268e-02 2.050382085145e-02 2.715978026390e-02 3.703133761883e-02 3.043557144701e-02 2.278123050928e-02 1.970769651234e-02
2.242013365030e-01 2.057808935642e-01 3.268216252327e-01 2.733488082886e-01 2.582863569260e-01 2.849903404713e-01 2.679781615734e-01 1.477041393518e-01 1.663901358843e-01 1.583996415138e-01 1.868533343077e-01 1.464388221502e-01 1.359211802483e-01 2.316645532846e-01 1.493434458971e-01 1.105173975229e-01 9.392622858286e-02 7.604566961527e-02 5.594817176461e-02 9.028554707766e-02 9.726315736771e-02 5.108663067222e-02 8.060149103403e-02 6.132024526596e-02 5.518361181021e-02 4.865987226367e-02 4.297048598528e-02 3.842166438699e-02 3.460551053286e-02 3.325997665524e-02 6.222475320101e-02 2.643062546849e-02 2.514239400625e-02 2.379817888141e-02 3.021041490138e-02 3.770731762052e-02 3.440425172448e-02 3.936664015055e-02 3.352712094784e-02 3.675774112344e-02 3.708389028907e-02 3.626707196236e-02 3.329804539680e-02
2.138051092625e-01 2.962934076786e-01 2.561616599560e-01 2.543490827084e-01 2.362100780010e-01 2.991443872452e-01 4.711438119411e-01 2.039873600006e-01 2.371432781219e-01 2.373978793621e-01 2.157456427813e-01 2.160737514496e-01 2.472041547298e-01 1.405415385962e-01 1.526659131050e-01 8.604868501425e-02 1.161030679941e-01 1.552882641554e-01 1.221607998013e-01 1.171193197370e-01 1.217877492309e-01 8.209279179573e-02 5.080264434218e-02 4.929895699024e-02 4.570922628045e-02 4.284681007266e-02 5.221948400140e-02 9.027023613453e-02 1.083174869418e-01 9.604220837355e-02 4.738470911980e-02 3.428071364760e-02 3.253782540560e-02 3.539378568530e-02 4.431273043156e-02 4.544272646308e-02 4.115247726440e-02 3.683149442077e-02 2.745086513460e-02 3.414846211672e-02 4.079461470246e-02 4.071894660592e-02 3.916341066360e-02
2.539283633232e-01 3.683838248253e-01 6.087308526039e-01 3.733767569065e-01 6.006203889847e-01 3.098337650299e-01 7.382810115814e-01 2.119168490171e-01 4.096940159798e-01 2.966262400150e-01 2.587817311287e-01 2.535514235497e-01 1.432801783085e-01 1.751132905483e-01 1.973721981049e-01 1.928908526897e-01 1.194153726101e-01 7.105436921120e-02 1.525931954384e-01 1.319520026445e-01 7.231251150370e-02 6.601808220148e-02 6.237396225333e-02 1.135522127151e-01 1.395988017321e-01 1.233278512955e-01 8.117669820786e-02 5.853829532862e-02 6.361668556929e-02 4.023517295718e-02 3.215978667140e-02 4.824247583747e-02 5.997693166137e-02 5.382239073515e-02 4.748935624957e-02 6.412836164236e-02 7.596923410892e-02 6.793444603682e-02 4.871393740177e-02 3.556010127068e-02 4.443372786045e-02 4.880114644766e-02 5.147322639823e-02
3.129958808422e-01 3.947143852711e-01 4.647433161736e-01 6.175633668900e-01 5.160394906998e-01 5.234106779099e-01 8.662621378899e-01 3.429377973080e-01 4.003070592880e-01 3.154000043869e-01 3.175388276577e-01 1.838371157646e-01 1.980316340923e-01 2.473612874746e-01 1.931385695934e-01 1.380463242531e-01 1.994723230600e-01 1.852363049984e-01 1.464919149876e-01 1.853581815958e-01 1.876192688942e-01 1.626580506563e-01 1.163445487618e-01 6.363868713379e-02 6.989140063524e-02 6.304325908422e-02 5.012222379446e-02 5.171573907137e-02 5.567124858499e-02 5.982673913240e-02 5.825370922685e-02 4.970765486360e-02 4.774494469166e-02 4.007866978645e-02 7.311990857124e-02 8.934887498617e-02 8.377250283957e-02 6.171143054962e-02 3.739298135042e-02 2.279958315194e-02 3.186783194542e-02 3.659119084477e-02 3.368493169546e-02
2.965962886810e-01 4.351072907448e-01 5.168961286545e-01 4.935857355595e-01 7.344084382057e-01 5.489214658737e-01 8.827825188637e-01 4.863408803940e-01 4.165807068348e-01 4.618527889252e-01 3.535579741001e-01 2.319423258305e-01 2.311254292727e-01 2.461470365524e-01 1.424419134855e-01 2.110467255116e-01 2.722618579865e-01 1.875935047865e-01 1.113949939609e-01 1.102567762136e-01 9.727038443089e-02 7.545693218708e-02 7.271020859480e-02 8.041582256556e-02 8.043925464153e-02 7.104957848787e-02 6.140021234751e-02 5.980198457837e-02 4.986382648349e-02 5.512028560042e-02 5.263217166066e-02 4.801191017032e-02 3.329972177744e-02 6.103770807385e-02 7.281606644392e-02 6.903827190399e-02 4.822736978531e-02 2.593640424311e-02 3.571221977472e-02 3.359270840883e-02 2.512765116990e-02 2.395246550441e-02 2.589173801243e-02
4.399644136429e-01 6.150100827217e-01 6.276472210884e-01 6.848795413971e-01 7.454148530960e-01 9.382365942001e-01 8.847320079803e-01 1.718107104301e+00 6.331191062927e-01 4.005590081215e-01 3.723987340927e-01 3.325662314892e-01 2.819607257843e-01 4.301147460938e-01 3.763273358345e-01 2.195593267679e-01 2.028487622738e-01 2.105501890182e-01 1.541531383991e-01 1.364013850689e-01 1.351164579391e-01 1.285015344620e-01 1.375364363194e-01 1.025065332651e-01 1.321423202753e-01 1.169154495001e-01 7.334230840206e-02 6.677138805389e-02 6.767763197422e-02 6.318622082472e-02 5.394539982080e-02 5.216412618756e-02 5.437428131700e-02 6.258812546730e-02 5.819346383214e-02 4.466356709599e-02 3.408407419920e-02 3.087746910751e-02 3.009406477213e-02 2.976621128619e-02 2.909915335476e-02 2.803279645741e-02 2.695471234620e-02
2.791049480438e-01 8.136570453644e-01 5.629422068596e-01 6.999788284302e-01 1.110097646713e+00 8.853486180305e-01 1.049340844154e+00 1.256976366043e+00 6.184235811234e-01 5.855684280396e-01 7.439357042313e-01 4.736445844173e-01 5.875537395477e-01 4.556455612183e-01 3.812195062637e-01 3.323874473572e-01 2.824761867523e-01 2.443947345018e-01 2.156752794981e-01 3.031554222107e-01 3.543035984039e-01 1.475954502821e-01 9.578514099121e-02 9.719045460224e-02 1.366170197725e-01 8.618658035994e-02 7.449586689472e-02 7.084684073925e-02 6.541178375483e-02 6.223462149501e-02 5.976129323244e-02 6.180983409286e-02 6.541080772877e-02 5.592773854733e-02 4.281124472618e-02 3.999689593911e-02 3.787920996547e-02 3.105188906193e-02 3.072078153491e-02 3.071545809507e-02 2.834483049810e-02 2.904305420816e-02 3.050545230508e-02
7.501220703125e-01 8.802596330643e-01 1.004920005798e+00 1.060242414474e+00 1.232165575027e+00 1.702589154243e+00 2.263082027435e+00 1.043947339058e+00 8.431197404861e-01 5.896590948105e-01 8.388255834579e-01 8.345302939415e-01 3.146995902061e-01 5.026875138283e-01 5.515703558922e-01 2.736061811447e-01 2.530521750450e-01 2.680295407772e-01 2.954712808132e-01 3.478524386883e-01 2.681452035904e-01 1.145455688238e-01 1.292621791363e-01 1.062077283859e-01 9.893118590117e-02 8.493223786354e-02 8.257300406694e-02 8.194143325090e-02 6.809142976999e-02 4.727277532220e-02 4.235764965415e-02 4.640758410096e-02 4.925876110792e-02 5.060567334294e-02 4.963213205338e-02 4.752492159605e-02 4.236558452249e-02 4.345425590873e-02 4.843794181943e-02 4.960057511926e-02 4.440884664655e-02 3.853965923190e-02 3.363271802664e-02
5.002264976501e-01 8.922903537750e-01 9.211617112160e-01 1.168197393417e+00 1.163228392601e+00 1.150947213173e+00 1.126749038696e+00 9.325529932976e-01 6.539093255997e-01 7.398306131363e-01 7.124733328819e-01 7.499291300774e-01 9.079563617706e-01 3.977092206478e-01 3.376143276691e-01 2.097317129374e-01 1.908129900694e-01 1.348589211702e-01 1.242188811302e-01 1.058134213090e-01 9.105481952429e-02 1.031298711896e-01 1.270925998688e-01 1.462126374245e-01 1.496141850948e-01 1.312549263239e-01 1.047115474939e-01 7.249314337969e-02 5.040898919106e-02 4.156404361129e-02 3.390301764011e-02 3.819966688752e-02 4.965725541115e-02 3.327611088753e-02 3.760940209031e-02 4.108799621463e-02 3.282956033945e-02 4.016680270433e-02 4.747039079666e-02 5.029600858688e-02 5.707595869899e-02 7.169634103775e-02 8.139769732952e-02
1.972249746323e-01 2.690976858139e-01 4.245269000530e-01 2.011376619339e+00 1.105517506599e+00 1.054769039154e+00 5.882912278175e-01 6.050192117691e-01 5.602080821991e-01 8.907224535942e-01 8.306379318237e-01 1.177607178688e+00 1.705488681793e+00 1.251706957817e+00 8.149836659431e-01 3.751153051853e-01 1.764308512211e-01 1.257004141808e-01 1.141515672207e-01 1.538140326738e-01 2.002021372318e-01 1.853704154491e-01 1.367915272713e-01 8.789917826653e-02 9.670898318291e-02 9.145642071962e-02 1.305643916130e-01 1.945653110743e-01 9.019155800343e-02 4.753945022821e-02 4.402572289109e-02 7.236701250076e-02 4.740261659026e-02 2.962352335453e-02 2.602581307292e-02 2.702047489583e-02 2.716282755136e-02 2.795704826713e-02 2.845943160355e-02 2.844054810703e-02 2.848632633686e-02 3.152422979474e-02 2.751445397735e-02
3.581899031997e-02 8.901136368513e-02 2.145762890577e-01 2.859239876270e-01 2.918995320797e-01 2.855336368084e-01 2.222969830036e-01 3.039247989655e-01 3.026893436909e-01 4.840881824493e-01 9.795508980751e-01 1.107447028160e+00 1.521241068840e+00 8.820235729218e-01 6.296811103821e-01 3.563009202480e-01 1.626167148352e-01 8.524044603109e-02 9.047071635723e-02 1.986537873745e-01 6.325130462646e-01 2.641109526157e-01 2.258270680904e-01 1.689218282700e-01 1.721419841051e-01 1.478053331375e-01 1.589574068785e-01 1.113638058305e-01 5.528385192156e-02 7.293779402971e-02 6.149647757411e-02 6.200231239200e-02 3.771757707000e-02 3.421622514725e-02 2.386652491987e-02 2.180570363998e-02 2.261596918106e-02 2.259374782443e-02 2.440134622157e-02 2.259110473096e-02 2.940636873245e-02 3.454205393791e-02 3.340597078204e-02
2.488064393401e-02 4.632611200213e-02 1.346973627806e-01 7.871687412262e-02 6.947050243616e-02 5.673306807876e-02 8.604847639799e-02 1.421018689871e-01 1.482534855604e-01 1.577484011650e-01 4.470453560352e-01 2.195089101791e+00 1.747486710548e+00 7.866770625114e-01 3.621217310429e-01 1.043232828379e-01 6.249798461795e-02 4.110974445939e-02 5.104330927134e-02 1.308721899986e-01 3.000388145447e-01 5.225886702538e-01 2.616485655308e-01 1.990847438574e-01 1.570819765329e-01 1.178991496563e-01 1.249031201005e-01 1.167247369885e-01 1.024309024215e-01 9.236972033978e-02 1.125442981720e-01 4.822610691190e-02 4.468335211277e-02 3.608351200819e-02 3.689103946090e-02 3.439079597592e-02 2.882470935583e-02 2.457416616380e-02 2.814291790128e-02 3.248555213213e-02 3.805544972420e-02 3.746423497796e-02 3.194845467806e-02
1.674000918865e-02 6.893277168274e-02 1.617294996977e-01 1.213628649712e-01 2.952782064676e-02 3.460696339607e-02 3.308402374387e-02 6.705536693335e-02 7.320298999548e-02 1.247928291559e-01 2.337733060122e-01 6.019790172577e-01 1.286949753761e+00 8.825070858002e-01 1.193105936050e+00 2.879487276077e-01 3.545761108398e-02 2.232894860208e-02 3.519363701344e-02 1.170538142323e-01 3.560578525066e-01 5.580486655235e-01 4.255572557449e-01 2.896651625633e-01 2.013220041990e-01 1.267467439175e-01 1.438107043505e-01 1.064916253090e-01 1.029934883118e-01 1.024914085865e-01 8.512841910124e-02 6.788328289986e-02 4.780490696430e-02 5.098053440452e-02 4.581697657704e-02 3.641690686345e-02 3.235828503966e-02 3.001470491290e-02 2.787746489048e-02 3.255382925272e-02 3.571468591690e-02 3.473260253668e-02 3.077271394432e-02
1.431395020336e-02 3.520334884524e-02 2.389540821314e-01 2.877636551857e-01 1.506196558475e-01 2.333166636527e-02 1.774964667857e-02 3.338523209095e-02 3.337752446532e-02 2.712778560817e-02 2.300704084337e-02 9.671536087990e-02 4.354272782803e-01 2.528611123562e-01 1.453326106071e+00 1.761417239904e-01 9.932980686426e-02 3.760330006480e-02 3.125415369868e-02 1.012208461761e-01 1.983578801155e-01 1.758362770081e+00 5.451405048370e-01 2.372196018696e-01 2.401492893696e-01 1.268095970154e-01 1.360538303852e-01 1.148724481463e-01 1.656773537397e-01 1.272513866425e-01 7.298523932695e-02 7.251898944378e-02 6.761191785336e-02 6.438737362623e-02 6.322211772203e-02 5.040541291237e-02 4.982213303447e-02 5.512474849820e-02 3.561493754387e-02 2.731158211827e-02 2.695024013519e-02 2.662544697523e-02 3.076934255660e-02
9.152285754681e-03 1.575290784240e-02 1.974501460791e-02 1.119518801570e-01 6.903687119484e-02 1.661627367139e-02 1.415617857128e-02 1.660753972828e-02 1.557700708508e-02 1.496390812099e-02 1.084186416119e-02 1.211961917579e-02 3.709935396910e-02 2.324147075415e-01 6.606060266495e-01 1.613211631775e-01 1.347674876451e-01 6.329532712698e-02 3.694254159927e-02 7.246597111225e-02 8.458676189184e-02 1.156899854541e-01 1.057897210121e-01 8.008898794651e-02 1.177552789450e-01 1.960135102272e-01 1.712529808283e-01 1.708193421364e-01 1.103382483125e-01 1.441529989243e-01 1.504185646772e-01 1.311169415712e-01 8.010160923004e-02 6.635362654924e-02 6.361731141806e-02 5.553775653243e-02 4.746303334832e-02 4.827263578773e-02 4.680340737104e-02 3.098162449896e-02 2.551737241447e-02 2.629134058952e-02 2.836780250072e-02
1.006390713155e-02 1.603692770004e-02 1.055214740336e-02 1.189574040473e-02 1.209772005677e-02 1.422392949462e-02 1.310107205063e-02 1.230419147760e-02 1.136922184378e-02 8.629880845547e-03 6.061939056963e-03 5.123551003635e-03 8.544216863811e-03 2.404160350561e-01 3.730401098728e-01 3.896142840385e-01 1.100831925869e-01 1.181239783764e-01 1.039699539542e-01 4.244298487902e-02 4.603287205100e-02 8.645083010197e-02 2.361076325178e-01 2.235418409109e-01 2.914732694626e-01 2.933083474636e-01 2.748864293098e-01 2.596748769283e-01 2.460814714432e-01 2.347024977207e-01 2.497989088297e-01 3.060325086117e-01 2.616065740585e-01 1.070732250810e-01 4.363322630525e-02 5.122845619917e-02 5.609698966146e-02 3.874726220965e-02 3.840994089842e-02 2.715631760657e-02 2.677371911705e-02 1.976277679205e-02 2.224578335881e-02
