VariationalSeries/SI/f83_max.grd
DSAA
101	101
32.816463539100	34.260883539100
35.556306596100	36.727886596100
1.516467455076e-05	2.495448589325e+00
[rows 0 to 18 of 101, columns 0 to 42 of 101]
2.299725078046e-03 4.110234789550e-03 3.641658229753e-03 2.178981201723e-03 1.830172725022e-03 2.390814013779e-03 4.762401338667e-03 6.637673825026e-03 5.935613531619e-03 3.543852129951e-03 2.240350935608e-03 2.574837999418e-03 2.733329776675e-03 2.638880629092e-03 2.262708498165e-03 3.443619469181e-03 5.174959078431e-03 5.989135708660e-03 4.266828298569e-03 2.777029527351e-03 3.159733023494e-03 3.381606424227e-03 2.496884437278e-03 2.239352092147e-03 2.376570831984e-03 3.248964669183e-03 4.749664571136e-03 5.424927920103e-03 7.067098282278e-03 5.631995853037e-03 4.320092499256e-03 4.059989936650e-03 3.523739287630e-03 2.796329092234e-03 2.271171426401e-03 2.199389273301e-03 2.022401662543e-03 2.741995500401e-03 3.848449559882e-03 4.414257593453e-03 3.697288921103e-03 3.136591752991e-03 2.987706800923e-03
4.256591200829e-03 8.032499812543e-03 7.877520285547e-03 5.500922910869e-03 3.886642865837e-03 4.622790031135e-03 9.165547788143e-03 1.267251744866e-02 1.121011376381e-02 6.531094666570e-03 3.846894251183e-03 4.399274941534e-03 4.645948298275e-03 4.422930534929e-03 3.852668683976e-03 5.121684633195e-03 8.153294213116e-03 1.067140139639e-02 9.634337387979e-03 5.742656067014e-03 5.763250868767e-03 8.832055144012e-03 4.643684718758e-03 4.169376101345e-03 4.901740234345e-03 6.348307244480e-03 7.962407544255e-03 9.090642444789e-03 1.343921199441e-02 1.046368759125e-02 7.022269535810e-03 6.364432629198e-03 5.951865576208e-03 4.800745751709e-03 5.163525231183e-03 5.398438312113e-03 5.427882540971e-03 6.098195444793e-03 7.670811843127e-03 7.719970773906e-03 5.711874458939e-03 5.657645873725e-03 6.181058473885e-03
4.163229372352e-03 8.545574732125e-03 9.578130207956e-03 8.203139528632e-03 5.272034090012e-03 5.336519330740e-03 1.060562394559e-02 1.440646871924e-02 1.234208047390e-02 6.762541830540e-03 4.858274478465e-03 5.477246362716e-03 5.659142974764e-03 5.236272700131e-03 4.311829805374e-03 4.144458565861e-03 5.354478955269e-03 7.998409681022e-03 9.145071730018e-03 7.433783262968e-03 9.106440469623e-03 1.365532074124e-02 5.977291613817e-03 5.164295434952e-03 6.519142072648e-03 7.891614921391e-03 8.191988803446e-03 8.249426260591e-03 1.566322892904e-02 1.173481717706e-02 6.804672069848e-03 5.835094954818e-03 8.144502528012e-03 4.334739409387e-03 4.859382286668e-03 5.580176133662e-03 6.999300792813e-03 8.868130855262e-03 9.273347444832e-03 7.683220319450e-03 7.852175273001e-03 5.248507484794e-03 6.928996648639e-03
3.698021406308e-03 8.140325546265e-03 9.693742729723e-03 9.908456355333e-03 7.964596152306e-03 5.463987588882e-03 1.108501665294e-02 1.473951432854e-02 1.192661002278e-02 5.807459354401e-03 5.376594141126e-03 5.935348570347e-03 5.910088773817e-03 5.258462391794e-03 4.181593656540e-03 4.231434781104e-03 4.037228878587e-03 4.644279833883e-03 6.044113542885e-03 6.884947419167e-03 1.527612470090e-02 1.738016307354e-02 6.695248652250e-03 5.671309307218e-03 7.191191893071e-03 8.246305398643e-03 7.888848893344e-03 7.535006385297e-03 1.569046266377e-02 1.140919514000e-02 5.781586281955e-03 4.702331032604e-03 9.387603029609e-03 4.991708789021e-03 5.446705035865e-03 7.703398354352e-03 9.531452320516e-03 9.932780638337e-03 8.407475426793e-03 9.728159755468e-03 9.481305256486e-03 5.818686913699e-03 6.352545227855e-03
3.617000300437e-03 7.787571288645e-03 9.219592437148e-03 1.018613297492e-02 9.748155251145e-03 6.889806129038e-03 1.131121627986e-02 1.472450606525e-02 1.117953564972e-02 4.921880085021e-03 5.766166839749e-03 6.138393655419e-03 5.931357387453e-03 5.904528312385e-03 5.420417059213e-03 4.576309584081e-03 4.460866563022e-03 4.411137662828e-03 6.240418646485e-03 1.264672074467e-02 2.123640663922e-02 1.909556053579e-02 7.185055408627e-03 8.074535056949e-03 7.194921839982e-03 8.057014085352e-03 7.227519527078e-03 7.499961648136e-03 1.485279016197e-02 1.074792537838e-02 6.832235492766e-03 5.346136167645e-03 1.000888366252e-02 6.102849263698e-03 8.564108051360e-03 1.025150064379e-02 1.036369428039e-02 8.748380467296e-03 6.023136898875e-03 9.985553100705e-03 1.158833596855e-02 7.775374688208e-03 5.031401291490e-03
3.372601000592e-03 6.792443338782e-03 8.209608495235e-03 8.972167037427e-03 9.955187328160e-03 8.288640528917e-03 1.130161806941e-02 1.424987614155e-02 1.007473934442e-02 5.465460009873e-03 6.122990511358e-03 6.708628498018e-03 7.151639554650e-03 6.921138614416e-03 6.225734949112e-03 5.065771751106e-03 4.102679435164e-03 4.659523721784e-03 9.937700815499e-03 1.803215779364e-02 2.471039630473e-02 1.886297017336e-02 8.084696717560e-03 1.229608710855e-02 7.560789119452e-03 7.554754149169e-03 6.473711226135e-03 8.136336691678e-03 1.328670978546e-02 1.073997747153e-02 6.904706824571e-03 5.815907847136e-03 1.160688977689e-02 9.140480309725e-03 1.084818225354e-02 1.072433963418e-02 8.901339955628e-03 6.155878305435e-03 6.778584327549e-03 9.408618323505e-03 1.419439539313e-02 9.033616632223e-03 4.897174425423e-03
4.249023739249e-03 7.547008339316e-03 6.970964372158e-03 6.900392472744e-03 8.593629114330e-03 8.325632661581e-03 1.112333498895e-02 1.361864712089e-02 9.040249511600e-03 6.026527378708e-03 6.747714709491e-03 7.680784445256e-03 7.783217355609e-03 7.237183861434e-03 6.158099044114e-03 5.818618461490e-03 5.519039463252e-03 6.882513407618e-03 1.341550704092e-02 2.154794521630e-02 2.559093013406e-02 1.722862757742e-02 1.070356741548e-02 1.558657921851e-02 1.095570530742e-02 6.877823267132e-03 6.335399113595e-03 1.510384492576e-02 2.118653245270e-02 1.368282642215e-02 7.658191490918e-03 6.509159691632e-03 1.274616178125e-02 1.071686018258e-02 1.071560196579e-02 8.897731080651e-03 6.202626973391e-03 6.793646607548e-03 9.844483807683e-03 1.242749765515e-02 1.457940228283e-02 1.068048551679e-02 4.900178406388e-03
4.311512224376e-03 8.624293841422e-03 8.910816162825e-03 6.449076347053e-03 6.162587087601e-03 6.969038862735e-03 1.096826512367e-02 1.331438217312e-02 8.419173769653e-03 6.513867527246e-03 7.620417512953e-03 8.134825155139e-03 7.865610532463e-03 6.937463767827e-03 6.496205460280e-03 7.371696643531e-03 8.216918446124e-03 9.086903184652e-03 1.644795760512e-02 2.338101342320e-02 2.511915564537e-02 1.548511069268e-02 1.161508914083e-02 1.713896356523e-02 1.332619599998e-02 8.489594794810e-03 6.098099984229e-03 2.296335436404e-02 2.969921007752e-02 1.604521274567e-02 8.369245566428e-03 7.819926366210e-03 1.258756127208e-02 9.839217178524e-03 9.142637252808e-03 6.488793529570e-03 6.503137294203e-03 9.688660502434e-03 1.280019339174e-02 1.413922570646e-02 1.282194815576e-02 1.338328048587e-02 5.634689237922e-03
3.729110118002e-03 8.153351955116e-03 1.013848185539e-02 9.227935224771e-03 6.130004301667e-03 6.031312514096e-03 1.084898039699e-02 1.319854054600e-02 8.103604428470e-03 7.260280195624e-03 8.080210536718e-03 8.158501237631e-03 7.466793991625e-03 6.424716208130e-03 6.778302602470e-03 7.838432677090e-03 1.063223741949e-02 1.090641040355e-02 1.815382204950e-02 2.302709408104e-02 2.279582992196e-02 1.343927066773e-02 1.185007300228e-02 1.638759858906e-02 1.437742542475e-02 9.804897010326e-03 7.697163615376e-03 2.962878718972e-02 3.466992452741e-02 1.767964661121e-02 9.187377057970e-03 7.455322425812e-03 1.276991050690e-02 8.516927249730e-03 1.003723498434e-02 1.003445871174e-02 9.712345898151e-03 1.302635483444e-02 1.498571783304e-02 1.416738424450e-02 1.040815468878e-02 1.661401428282e-02 6.617323029786e-03
3.778885584325e-03 6.771361920983e-03 9.557696059346e-03 1.082658302039e-02 9.234515950084e-03 6.008087191731e-03 1.087554637343e-02 1.317760348320e-02 7.918091490865e-03 7.682773750275e-03 8.102258667350e-03 7.755740080029e-03 8.465849794447e-03 9.218777529895e-03 9.640221484005e-03 9.773611091077e-03 1.154289022088e-02 1.263042725623e-02 1.869118399918e-02 2.136064134538e-02 1.975087262690e-02 1.145458780229e-02 1.070501841605e-02 1.432241685688e-02 1.388762146235e-02 1.007677149028e-02 8.323666639626e-03 3.362613171339e-02 3.682684153318e-02 1.831816881895e-02 8.055858314037e-03 6.462971679866e-03 1.384003460407e-02 8.453734219074e-03 1.027673203498e-02 1.044729072601e-02 1.350249443203e-02 1.555087789893e-02 1.521636825055e-02 1.218847185373e-02 8.724407292902e-03 1.805177144706e-02 9.143193252385e-03
3.795001190156e-03 7.603955920786e-03 7.879930548370e-03 1.035636104643e-02 1.133393310010e-02 9.114553220570e-03 1.077953074127e-02 1.296827662736e-02 7.658321410418e-03 7.760556414723e-03 8.515654131770e-03 9.969397448003e-03 1.105339732021e-02 1.165274437517e-02 1.192853227258e-02 1.203035842627e-02 1.190154161304e-02 1.564331538975e-02 2.193974703550e-02 2.325394190848e-02 1.954458467662e-02 1.444500684738e-02 1.013970840722e-02 1.221522223204e-02 1.252653170377e-02 8.975704200566e-03 9.644671343267e-03 3.547973930836e-02 3.768194466829e-02 1.794132776558e-02 7.726243697107e-03 7.282523438334e-03 1.355901639909e-02 8.970566093922e-03 1.191508118063e-02 1.445473171771e-02 1.612411066890e-02 1.581762172282e-02 1.312113087624e-02 1.011911872774e-02 9.878550656140e-03 1.734608225524e-02 1.189482584596e-02
3.211538074538e-03 6.765292957425e-03 8.101434446871e-03 8.611744269729e-03 1.118998602033e-02 1.179799158126e-02 1.045408751816e-02 1.249794475734e-02 7.578956894577e-03 9.179646149278e-03 1.068343222141e-02 1.190678309649e-02 1.274272333831e-02 1.321826688945e-02 1.337614841759e-02 1.334542781115e-02 1.320147980005e-02 2.081650309265e-02 2.846434339881e-02 2.958486229181e-02 2.548986114562e-02 1.996809430420e-02 1.460528746247e-02 1.036608591676e-02 1.454540062696e-02 1.394182443619e-02 1.181073579937e-02 3.404624760151e-02 3.333917632699e-02 1.632517762482e-02 9.969887323678e-03 1.180178206414e-02 1.273722294718e-02 1.431758981198e-02 1.623911969364e-02 1.696868613362e-02 1.627435348928e-02 1.405449025333e-02 1.344273798168e-02 1.557376515120e-02 1.173334848136e-02 1.482972037047e-02 1.425592321903e-02
2.759821712971e-03 5.249355453998e-03 6.738273426890e-03 7.976787164807e-03 9.458770044148e-03 1.199166290462e-02 1.205410156399e-02 1.182324346155e-02 9.410203434527e-03 1.094395294785e-02 1.203971356153e-02 1.273491978645e-02 1.314810570329e-02 1.337388064712e-02 1.338483300060e-02 1.330901216716e-02 1.330286823213e-02 2.290588244796e-02 3.095582500100e-02 3.160947933793e-02 2.732298336923e-02 2.224168367684e-02 1.737853139639e-02 1.270430907607e-02 1.956072263420e-02 1.891477964818e-02 1.594964601099e-02 2.964343130589e-02 2.615796402097e-02 1.388278044760e-02 1.744472421706e-02 1.968994177878e-02 1.961604505777e-02 1.897393725812e-02 1.847061701119e-02 1.791006699204e-02 1.736728474498e-02 1.647716201842e-02 1.507101301104e-02 2.110147662461e-02 1.310948748142e-02 1.127740833908e-02 1.837116852403e-02
3.422527574003e-03 6.644316948950e-03 6.534102372825e-03 6.129907909781e-03 7.516850251704e-03 1.028588600457e-02 1.283161994070e-02 1.224671024829e-02 1.046999543905e-02 1.163751259446e-02 1.221935637295e-02 1.240279991180e-02 1.230694167316e-02 1.202016230673e-02 1.169906184077e-02 1.163090486079e-02 1.191882416606e-02 2.102020755410e-02 2.784665673971e-02 2.878448367119e-02 2.583871595562e-02 2.189910039306e-02 1.807036995888e-02 1.427296828479e-02 1.932431012392e-02 1.996578462422e-02 1.763597130775e-02 2.425279654562e-02 1.908118277788e-02 1.516781095415e-02 2.047978341579e-02 2.317284792662e-02 2.211248315871e-02 1.995964907110e-02 1.794713735580e-02 1.687954179943e-02 1.594013161957e-02 1.485016662627e-02 1.357326284051e-02 2.231448702514e-02 2.043266594410e-02 1.164551172405e-02 2.086660824716e-02
4.414040595293e-03 8.828893303871e-03 8.870681747794e-03 8.705304004252e-03 8.416858501732e-03 7.995483465493e-03 1.124801579863e-02 1.371299568564e-02 1.212934684008e-02 1.137749943882e-02 1.152129750699e-02 1.126576401293e-02 1.075574848801e-02 1.007818430662e-02 9.488056413829e-03 9.587572887540e-03 9.704007767141e-03 1.659726537764e-02 2.139200083911e-02 2.256140112877e-02 2.110845595598e-02 1.895156502724e-02 1.672079600394e-02 1.432876568288e-02 1.513828244060e-02 1.651299372315e-02 1.613547839224e-02 2.463371492922e-02 1.398464851081e-02 1.542172301561e-02 1.998495496809e-02 2.220581471920e-02 2.126179262996e-02 1.758435741067e-02 1.298771053553e-02 1.347413193434e-02 1.145949773490e-02 1.212800014764e-02 1.181120984256e-02 1.839531958103e-02 2.726513147354e-02 1.180693693459e-02 2.098044194281e-02
4.477493930608e-03 9.098701179028e-03 9.424972347915e-03 9.878312237561e-03 1.022167224437e-02 1.031312718987e-02 1.025881059468e-02 1.231906190515e-02 1.433374546468e-02 1.150570064783e-02 1.033873017877e-02 9.795790538192e-03 9.098740294576e-03 8.586182259023e-03 9.243420325220e-03 9.805731475353e-03 1.044504530728e-02 1.368090417236e-02 1.497115287930e-02 1.605539023876e-02 1.572329178452e-02 1.458508893847e-02 1.361569762230e-02 1.290407776833e-02 1.234999299049e-02 1.211793813854e-02 1.605636253953e-02 2.607104927301e-02 1.779294013977e-02 1.740970276296e-02 2.069643698633e-02 2.101993933320e-02 1.762159913778e-02 1.761362701654e-02 9.523424319923e-03 1.599299162626e-02 1.521162223071e-02 1.409162301570e-02 1.208986993879e-02 1.288253907114e-02 3.094269521534e-02 1.680815778673e-02 1.859310269356e-02
4.858698230237e-03 8.387121371925e-03 8.330984041095e-03 8.699256926775e-03 9.436283260584e-03 1.038128696382e-02 1.100311335176e-02 1.133908797055e-02 1.318711414933e-02 1.395857706666e-02 1.193831022829e-02 1.150739844888e-02 1.162662450224e-02 1.053972076625e-02 9.532322175801e-03 1.076729968190e-02 1.189442072064e-02 1.407450530678e-02 1.420521177351e-02 1.187924016267e-02 1.073084305972e-02 1.258800458163e-02 1.576772145927e-02 1.639593765140e-02 1.481853704900e-02 1.195706706494e-02 1.777469553053e-02 2.652684226632e-02 1.787582039833e-02 1.878729835153e-02 1.977138034999e-02 2.030837908387e-02 2.181999571621e-02 1.959461718798e-02 1.197643298656e-02 1.800089143217e-02 1.692182570696e-02 1.399898063391e-02 1.053908094764e-02 1.257893443108e-02 2.968235500157e-02 2.582837454975e-02 1.446471270174e-02
5.544436164200e-03 1.021275576204e-02 1.099809259176e-02 9.487791918218e-03 8.740430697799e-03 9.446435607970e-03 9.641603566706e-03 9.534414857626e-03 1.031046733260e-02 1.284851413220e-02 1.400278601795e-02 1.443212293088e-02 1.446198299527e-02 1.329806447029e-02 1.303331647068e-02 1.258475612849e-02 1.182546094060e-02 1.409094687551e-02 1.478720363230e-02 1.314873620868e-02 1.084319595248e-02 9.975262917578e-03 1.100526191294e-02 1.229087635875e-02 1.261709816754e-02 1.268108468503e-02 1.555441319942e-02 2.546636201441e-02 1.820683293045e-02 1.593318581581e-02 1.825767196715e-02 2.102495729923e-02 2.348299510777e-02 2.002810500562e-02 1.378031913191e-02 1.988774165511e-02 1.621519215405e-02 1.258560083807e-02 9.488886222243e-03 1.147612743080e-02 2.386793494225e-02 3.498164936900e-02 1.602474600077e-02
5.439501255751e-03 1.066635549068e-02 1.267968770117e-02 1.194413937628e-02 9.044043719769e-03 7.002582773566e-03 8.511496707797e-03 9.659040719271e-03 1.037502661347e-02 1.047627069056e-02 1.385405939072e-02 1.539654750377e-02 1.468316093087e-02 1.473290007561e-02 1.491388119757e-02 1.471977494657e-02 1.303140353411e-02 1.395957358181e-02 1.526608224958e-02 1.406104862690e-02 1.072751730680e-02 1.290388777852e-02 1.252850051969e-02 1.288354489952e-02 1.137598510832e-02 1.110387686640e-02 1.167242601514e-02 2.356678992510e-02 2.153088152409e-02 1.704418472946e-02 1.649949885905e-02 1.778085529804e-02 2.201694250107e-02 1.965697482228e-02 1.592602208257e-02 1.921028085053e-02 1.413591019809e-02 1.129447668791e-02 1.066176965833e-02 1.042867731303e-02 1.634569652379e-02 4.092618450522e-02 1.685548573732e-02
