VariationalSeries/SI/f83_max.grd
DSAA
101	101
32.816463539100	34.260883539100
35.556306596100	36.727886596100
1.516467455076e-05	2.495448589325e+00
[rows 0 to 18 of 101, columns 43 to 85 of 101]
3.621420823038e-03 6.178924813867e-03 7.117741275579e-03 5.640225950629e-03 3.930210601538e-03 3.964316099882e-03 3.411064390093e-03 3.113443497568e-03 2.047765767202e-03 2.966861939058e-03 3.936630208045e-03 4.664987791330e-03 5.580371245742e-03 7.965557277203e-03 3.580247750506e-03 4.413074813783e-03 5.601431708783e-03 6.110209506005e-03 4.128152038902e-03 2.750454237685e-03 3.103537252173e-03 4.027407616377e-03 4.135908093303e-03 4.502868745476e-03 4.568485077471e-03 3.273812122643e-03 2.194958506152e-03 2.214133506641e-03 4.191587679088e-03 6.285340059549e-03 5.046632140875e-03 2.474585548043e-03 3.123694099486e-03 2.045110799372e-03 2.084773965180e-03 1.791105023585e-03 1.532378373668e-03 1.393797807395e-03 1.027179183438e-03 1.036405563354e-03 1.378873828799e-03 2.304478548467e-03 2.289859810844e-03
6.277275271714e-03 1.119128707796e-02 1.397411804646e-02 1.236458495259e-02 9.267461486161e-03 8.594448678195e-03 7.127487100661e-03 6.039030384272e-03 5.609965417534e-03 6.516712717712e-03 7.258026860654e-03 8.280921727419e-03 1.103776693344e-02 1.590905711055e-02 6.819382775575e-03 8.383342996240e-03 1.058193668723e-02 1.143653318286e-02 7.852811366320e-03 5.302844103426e-03 6.109691690654e-03 7.681533694267e-03 8.186143822968e-03 7.868481799960e-03 8.084095083177e-03 6.818627938628e-03 4.070380702615e-03 4.600280430168e-03 9.475112892687e-03 1.506147067994e-02 8.981037884951e-03 4.082680214196e-03 6.111809983850e-03 3.765493631363e-03 4.034153185785e-03 3.339170012623e-03 2.738291397691e-03 2.452712040395e-03 1.978041604161e-03 1.974948449060e-03 3.050130559132e-03 4.668687470257e-03 4.349756520241e-03
7.896879687905e-03 1.142741460353e-02 1.561072003096e-02 1.534757018089e-02 1.247270870954e-02 1.249978318810e-02 8.449794724584e-03 7.435847073793e-03 1.002334710211e-02 1.001935079694e-02 7.214194629341e-03 9.171377867460e-03 1.176341995597e-02 1.664105430245e-02 7.907977327704e-03 9.535999968648e-03 1.184036675841e-02 1.308961119503e-02 9.047526866198e-03 7.066547870636e-03 7.085856515914e-03 7.713224738836e-03 9.208190254867e-03 9.867020882666e-03 1.191866397858e-02 9.170131757855e-03 5.292404443026e-03 5.692506674677e-03 1.244417950511e-02 1.945562660694e-02 9.206756949425e-03 4.751873668283e-03 7.039730902761e-03 4.156249109656e-03 4.502240102738e-03 3.944195806980e-03 3.505734493956e-03 2.787247300148e-03 2.291952725500e-03 2.811688696966e-03 3.865462495014e-03 5.168438423425e-03 4.451489541680e-03
9.098969399929e-03 1.033303420991e-02 1.396103389561e-02 1.516284141690e-02 1.351913530380e-02 1.673194579780e-02 8.856410160661e-03 1.016719359905e-02 1.433535851538e-02 1.476157456636e-02 9.811912663281e-03 9.593680500984e-03 1.205185614526e-02 1.679408736527e-02 8.304975926876e-03 1.062550209463e-02 1.214369107038e-02 1.363938208669e-02 9.756509214640e-03 9.275870397687e-03 7.612029090524e-03 9.604252874851e-03 1.161480974406e-02 1.144415047020e-02 1.583093591034e-02 1.131400279701e-02 5.965459160507e-03 6.783246062696e-03 1.452380232513e-02 2.111101709306e-02 8.684298023582e-03 5.283267702907e-03 7.466340903193e-03 4.193028435111e-03 4.594802856445e-03 5.028998479247e-03 4.247005563229e-03 3.199877683073e-03 2.745674457401e-03 3.477313322946e-03 4.615293815732e-03 5.383582320064e-03 4.264625720680e-03
8.947149850428e-03 1.238848082721e-02 1.101296022534e-02 1.281637698412e-02 1.246448513120e-02 2.125056460500e-02 8.523483760655e-03 1.255201082677e-02 1.831565983593e-02 1.966959051788e-02 1.385777164251e-02 1.000901218504e-02 1.239111367613e-02 1.687914133072e-02 8.608412928879e-03 1.163678336889e-02 1.228842046112e-02 1.409453526139e-02 1.080331299454e-02 1.141021214426e-02 8.989057503641e-03 1.214562729001e-02 1.475607044995e-02 1.435250602663e-02 1.969177275896e-02 1.308353804052e-02 7.147294003516e-03 7.272028364241e-03 1.538589689881e-02 2.040589228272e-02 9.374900721014e-03 6.294253282249e-03 7.724677212536e-03 4.966031294316e-03 5.690714344382e-03 5.907195620239e-03 4.721597302705e-03 3.339591901749e-03 3.491042414680e-03 3.790873801336e-03 5.386586301029e-03 5.460200365633e-03 4.080211278051e-03
7.758151739836e-03 1.315009593964e-02 9.867673739791e-03 1.015836372972e-02 1.083658263087e-02 2.575491555035e-02 9.614500217140e-03 1.428093109280e-02 2.183787524700e-02 2.453201077878e-02 1.809661276639e-02 1.055220980197e-02 1.285052392632e-02 1.695096865296e-02 9.545454755425e-03 1.247726567090e-02 1.225873082876e-02 1.449638046324e-02 1.106455735862e-02 1.324473507702e-02 1.089671254158e-02 1.471188850701e-02 1.757684536278e-02 1.682000420988e-02 2.314311079681e-02 1.410546246916e-02 7.863857783377e-03 8.516496047378e-03 1.472883764654e-02 1.655380241573e-02 9.315484203398e-03 7.275895681232e-03 7.798694074154e-03 5.549689754844e-03 6.662135943770e-03 6.566268391907e-03 4.951230250299e-03 3.489261958748e-03 3.934017848223e-03 4.235635977238e-03 6.155868060887e-03 5.555417854339e-03 3.913522232324e-03
7.075464818627e-03 1.258983649313e-02 9.900747798383e-03 7.939368486404e-03 1.005670148879e-02 2.989947982132e-02 1.065581664443e-02 1.510037574917e-02 2.426674216986e-02 2.824432961643e-02 2.194424904883e-02 1.160208694637e-02 1.325692329556e-02 1.695217192173e-02 9.658990427852e-03 1.329539623111e-02 1.205076277256e-02 1.477623358369e-02 1.067330408841e-02 1.401061471552e-02 1.247156783938e-02 1.654186844826e-02 1.949343830347e-02 1.818935573101e-02 2.567662857473e-02 1.420524064451e-02 7.592302747071e-03 9.539543651044e-03 1.262107118964e-02 1.151007320732e-02 8.721042424440e-03 8.247069083154e-03 7.743895985186e-03 5.914561450481e-03 7.433252874762e-03 6.952273193747e-03 4.928422160447e-03 4.106689710170e-03 3.877267707139e-03 5.757421720773e-03 7.033973466605e-03 5.696526728570e-03 3.653807099909e-03
8.159345947206e-03 1.201980561018e-02 9.564782492816e-03 8.937411010265e-03 1.132384687662e-02 3.384237363935e-02 1.216743327677e-02 1.460857130587e-02 2.452062815428e-02 2.982406131923e-02 2.496560849249e-02 1.517707575113e-02 1.378084812313e-02 1.704749278724e-02 9.621316567063e-03 1.406261697412e-02 1.169617101550e-02 1.496151741594e-02 1.099999435246e-02 1.326955761760e-02 1.341469027102e-02 1.740160025656e-02 1.995778642595e-02 1.818636618555e-02 2.713797613978e-02 1.368204038590e-02 8.718745782971e-03 1.136349607259e-02 9.583163075149e-03 9.487323462963e-03 1.012290269136e-02 9.222661145031e-03 7.528529968113e-03 7.620546966791e-03 7.923241704702e-03 7.001775782555e-03 4.659024998546e-03 4.219051916152e-03 4.834122490138e-03 7.747559342533e-03 7.700274698436e-03 5.421736277640e-03 3.057710593566e-03
9.170755743980e-03 1.205633953214e-02 9.492484852672e-03 9.676534682512e-03 1.254255603999e-02 3.751262277365e-02 1.375097967684e-02 1.283710729331e-02 2.239035628736e-02 2.904394641519e-02 2.675889059901e-02 1.850773394108e-02 1.433433033526e-02 1.949571631849e-02 1.084078568965e-02 1.482458505780e-02 1.169629767537e-02 1.509002503008e-02 1.122395973653e-02 1.172903645784e-02 1.400865707546e-02 1.704904809594e-02 1.894006319344e-02 1.832862012088e-02 2.696684189141e-02 1.209970936179e-02 1.040039956570e-02 1.331774517894e-02 9.663967415690e-03 1.168352458626e-02 1.276488136500e-02 1.018079649657e-02 8.740360848606e-03 9.484206326306e-03 9.689179249108e-03 6.677980534732e-03 4.556495696306e-03 4.060654900968e-03 7.686553988606e-03 9.369327686727e-03 7.440536282957e-03 4.299836233258e-03 3.632994368672e-03
9.841374121606e-03 1.228344533592e-02 9.401933290064e-03 9.479381144047e-03 1.370874699205e-02 4.046953096986e-02 1.513716857880e-02 1.053091604263e-02 1.905464380980e-02 2.649416960776e-02 2.694892324507e-02 2.114266157150e-02 1.483937725425e-02 2.104083821177e-02 1.363271661103e-02 1.566906832159e-02 1.548815332353e-02 1.531587727368e-02 1.133996713907e-02 1.403252966702e-02 1.371481083333e-02 1.578799262643e-02 1.670516654849e-02 2.045447751880e-02 2.504615299404e-02 9.695842862129e-03 1.211769599468e-02 1.526563055813e-02 1.109587121755e-02 1.354094594717e-02 1.503305602819e-02 1.234316453338e-02 9.721492417157e-03 1.006287615746e-02 1.050940714777e-02 6.030537653714e-03 4.244221374393e-03 7.300965022296e-03 1.031960267574e-02 9.452811442316e-03 5.745100323111e-03 3.759527811781e-03 3.559604519978e-03
9.975019842386e-03 1.271263975650e-02 9.330080822110e-03 1.019026059657e-02 1.476072240621e-02 4.284344613552e-02 1.640660688281e-02 1.049913838506e-02 1.523096859455e-02 2.234613709152e-02 2.497427724302e-02 2.251120842993e-02 1.810130290687e-02 2.095042169094e-02 1.726222038269e-02 1.649475842714e-02 2.188940346241e-02 1.638288609684e-02 1.130457594991e-02 1.860529184341e-02 1.520571112633e-02 1.389990281314e-02 2.043280377984e-02 2.178412862122e-02 2.180010080338e-02 9.726882912219e-03 1.356645952910e-02 1.662078313529e-02 1.157498639077e-02 1.461986172944e-02 1.702274009585e-02 1.437975279987e-02 9.000473655760e-03 8.743397891521e-03 9.936300106347e-03 5.180445965379e-03 6.641484797001e-03 1.079609803855e-02 1.105555333197e-02 7.333382032812e-03 3.686545882374e-03 3.447689581662e-03 3.425084520131e-03
9.687917307019e-03 1.319121848792e-02 1.214751787484e-02 1.151755917817e-02 1.570976898074e-02 4.435975849628e-02 1.720897480845e-02 1.089877262712e-02 1.270661130548e-02 1.730883680284e-02 2.131896652281e-02 2.213142253458e-02 2.016869187355e-02 2.189973182976e-02 2.092954702675e-02 1.724380813539e-02 2.931012772024e-02 2.161551825702e-02 1.136644929647e-02 2.262368053198e-02 1.696622930467e-02 1.808726973832e-02 2.691278234124e-02 2.208618260920e-02 1.765516586602e-02 1.008572615683e-02 1.418438646942e-02 1.699171960354e-02 1.107748132199e-02 1.451925281435e-02 1.804978400469e-02 1.597629860044e-02 9.402792900801e-03 6.985038053244e-03 9.210076183081e-03 5.629896651953e-03 1.066855434328e-02 1.244108099490e-02 8.845277130604e-03 4.484485834837e-03 4.039840307087e-03 4.394354764372e-03 4.656335804611e-03
9.786219336092e-03 1.366684865206e-02 1.533687673509e-02 1.056770049036e-02 1.660747267306e-02 4.558838531375e-02 1.757420785725e-02 1.124863978475e-02 1.273224316537e-02 1.636265218258e-02 1.638046279550e-02 1.965313777328e-02 2.065034396946e-02 2.438672631979e-02 2.252937480807e-02 1.906717196107e-02 3.659234941006e-02 2.641315571964e-02 1.238425169140e-02 2.576432563365e-02 1.781045459211e-02 2.195009402931e-02 3.174500912428e-02 2.060609124601e-02 1.302219927311e-02 1.200557127595e-02 1.364366058260e-02 1.607778482139e-02 1.002862211317e-02 1.328432094306e-02 1.746064983308e-02 1.637903787196e-02 9.952188469470e-03 6.044025067240e-03 8.814196102321e-03 9.843809530139e-03 1.346563175321e-02 1.067043375224e-02 5.447522271425e-03 4.368389025331e-03 4.232119303197e-03 5.655039567500e-03 5.538095720112e-03
8.739693090320e-03 1.415129657835e-02 1.662695035338e-02 1.177470199764e-02 1.752838306129e-02 4.698934778571e-02 1.781146600842e-02 1.168619003147e-02 1.163395401090e-02 1.577695459127e-02 1.295134238899e-02 1.548653002828e-02 2.229969762266e-02 2.613858506083e-02 2.089384570718e-02 2.359948121011e-02 4.238371551037e-02 3.028212673962e-02 1.455659326166e-02 2.792608179152e-02 1.784739829600e-02 2.387294173241e-02 3.325399011374e-02 1.715259626508e-02 1.136564370245e-02 1.527186110616e-02 1.577771268785e-02 1.431073341519e-02 9.763832204044e-03 1.113642845303e-02 1.544186472893e-02 1.549051515758e-02 9.932954795659e-03 5.958239547908e-03 8.903652429581e-03 1.377582550049e-02 1.279437728226e-02 6.888687144965e-03 4.857765045017e-03 4.205222241580e-03 4.488267470151e-03 6.396253593266e-03 5.893008317798e-03
1.190488040447e-02 1.471984386444e-02 1.664486154914e-02 1.920451782644e-02 1.848060265183e-02 4.783167317510e-02 1.773967221379e-02 1.396465674043e-02 9.944015182555e-03 1.445825956762e-02 1.210744865239e-02 1.704473979771e-02 2.349127829075e-02 2.789288572967e-02 2.253681607544e-02 2.804747782648e-02 4.714304581285e-02 3.254380449653e-02 1.589111238718e-02 2.975348196924e-02 1.960808597505e-02 2.328029088676e-02 3.196301311255e-02 1.416090130806e-02 1.208278816193e-02 1.829750649631e-02 2.003959193826e-02 1.248094905168e-02 9.946687147021e-03 9.088794700801e-03 1.280079502612e-02 1.388527918607e-02 9.402074851096e-03 6.739897187799e-03 1.311263814569e-02 1.479215174913e-02 8.916471153498e-03 4.674086347222e-03 4.997679963708e-03 3.888948587701e-03 5.136775784194e-03 6.794211454690e-03 7.374855224043e-03
1.571837067604e-02 1.540024671704e-02 1.639179512858e-02 2.358333021402e-02 1.920008845627e-02 4.808320105076e-02 1.722418516874e-02 1.600711420178e-02 1.052000466734e-02 1.481601782143e-02 1.255670282990e-02 1.826557330787e-02 2.460013516247e-02 2.960129827261e-02 2.176629006863e-02 3.170889616013e-02 4.804637283087e-02 3.084406629205e-02 1.885004714131e-02 3.128251060843e-02 1.966856420040e-02 2.128557488322e-02 2.764916978776e-02 1.350694335997e-02 1.321842707694e-02 2.105379477143e-02 2.158825844526e-02 1.124505791813e-02 1.081765443087e-02 9.478917345405e-03 1.310933288187e-02 1.167613547295e-02 8.364705368876e-03 1.179124694318e-02 1.589505188167e-02 1.142931450158e-02 6.410919595510e-03 4.198560491204e-03 5.037893541157e-03 4.407429601997e-03 6.662238389254e-03 8.680458180606e-03 8.644975721836e-03
1.850268431008e-02 2.007487602532e-02 1.896700821817e-02 2.179636806250e-02 2.041179873049e-02 4.768754541874e-02 1.865745522082e-02 1.759559474885e-02 1.104308292270e-02 1.503761950880e-02 1.388388872147e-02 1.890297606587e-02 2.592367120087e-02 3.128501400352e-02 2.001042477787e-02 3.403795138001e-02 4.528430476785e-02 2.737349644303e-02 2.073304727674e-02 3.242662921548e-02 1.756621338427e-02 1.699563860893e-02 2.147292159498e-02 1.250390242785e-02 1.553725823760e-02 2.108043245971e-02 1.992601528764e-02 1.190175116062e-02 1.245231926441e-02 1.054041460156e-02 1.422237325460e-02 9.901020675898e-03 1.008803397417e-02 1.591587252915e-02 1.401439215988e-02 9.832414798439e-03 5.482672248036e-03 4.576369188726e-03 5.663624498993e-03 6.378429941833e-03 9.298668242991e-03 9.540799073875e-03 7.945952005684e-03
2.424227073789e-02 2.409590408206e-02 2.601629681885e-02 2.006281539798e-02 2.419283054769e-02 4.618553817272e-02 2.124239504337e-02 1.916867494583e-02 1.496361754835e-02 1.506442669779e-02 1.615601032972e-02 2.442546561360e-02 2.701636403799e-02 3.315947577357e-02 2.165766060352e-02 3.421068191528e-02 4.027361422777e-02 2.621350437403e-02 2.135971002281e-02 3.327699005604e-02 1.582598872483e-02 1.399584673345e-02 1.617382466793e-02 1.340865436941e-02 1.689649373293e-02 1.886733993888e-02 1.474438142031e-02 1.313969120383e-02 1.451954338700e-02 1.202084682882e-02 1.470229588449e-02 9.317978285253e-03 1.504847779870e-02 1.582157239318e-02 1.411253958941e-02 8.897470310330e-03 6.357094272971e-03 5.605450831354e-03 6.780030671507e-03 9.252300485969e-03 1.034116186202e-02 8.329026401043e-03 6.181205622852e-03
2.690352685750e-02 2.665981091559e-02 3.217600286007e-02 2.995298989117e-02 2.044567093253e-02 4.358382150531e-02 1.975602842867e-02 2.215690165758e-02 2.067484520376e-02 1.714547909796e-02 1.755159907043e-02 2.943665534258e-02 3.097154572606e-02 3.523629158735e-02 2.418006770313e-02 3.220983594656e-02 3.985521197319e-02 3.197872266173e-02 2.076941169798e-02 3.339819237590e-02 1.592539064586e-02 1.509878877550e-02 1.642237976193e-02 1.490980759263e-02 1.584079675376e-02 1.479365397245e-02 1.368504296988e-02 1.531224045902e-02 1.590936817229e-02 1.247074082494e-02 1.457845233381e-02 1.413665339351e-02 1.677443459630e-02 1.572577655315e-02 1.503994502127e-02 1.093211490661e-02 7.796477526426e-03 7.233933545649e-03 8.779206313193e-03 1.037024427205e-02 8.567187935114e-03 7.018522825092e-03 6.321016233414e-03
