VariationalSeries/SI/f83_max.grd
DSAA
101	101
32.816463539100	34.260883539100
35.556306596100	36.727886596100
1.516467455076e-05	2.495448589325e+00
[rows 76 to 94 of 101, columns 43 to 85 of 101]
3.841967321932e-03 3.270077751949e-03 5.975866690278e-03 1.507016737014e-02 1.613528281450e-02 3.216521069407e-02 5.133538320661e-02 5.771659687161e-02 3.573789820075e-02 9.993146173656e-03 3.605717420578e-02 8.084899932146e-02 6.042026728392e-02 1.581368595362e-02 7.078688126057e-03 1.003633160144e-02 1.062893588096e-02 5.460572429001e-03 5.103781353682e-03 6.354272831231e-03 2.335920371115e-02 5.338740348816e-02 1.256095431745e-02 8.489719592035e-03 6.176183931530e-03 4.140652250499e-03 2.102862112224e-03 1.808029832318e-03 1.761697465554e-03 1.661549438722e-03 1.575704780407e-03 1.642075250857e-03 1.728683942929e-03 1.833728165366e-03 1.852019689977e-03 1.723479013890e-03 1.580682932399e-03 1.477492740378e-03 1.405330374837e-03 1.362535869703e-03 1.521623576991e-03 2.336261328310e-03 3.185699461028e-03
6.243970710784e-03 8.423862978816e-03 1.077069900930e-02 1.124664302915e-02 1.542628556490e-02 2.134959213436e-02 2.756184339523e-02 2.585026249290e-02 4.146647453308e-02 6.053468212485e-02 6.000171601772e-02 2.877872250974e-02 2.051930315793e-02 1.813714951277e-02 1.169712562114e-02 1.249585300684e-02 3.470504423603e-03 2.125125611201e-03 2.611176343635e-03 2.923463238403e-03 2.214865293354e-03 2.652516821399e-03 4.203413147479e-03 4.224009346217e-03 3.833222668618e-03 2.351057948545e-03 1.147378818132e-03 1.030187704600e-03 1.202939078212e-03 1.385768176988e-03 1.477983896621e-03 1.510059693828e-03 1.501700142398e-03 1.435710233636e-03 1.248549669981e-03 1.001990400255e-03 8.027267758735e-04 7.947134436108e-04 8.421757374890e-04 9.791904594749e-04 1.232889015228e-03 2.103094710037e-03 2.812944352627e-03
1.322842948139e-02 1.997636072338e-02 1.323423255235e-02 6.205093115568e-03 7.246690802276e-03 2.634161897004e-02 7.388650625944e-02 9.835429489613e-02 7.363078743219e-02 3.631853684783e-02 1.966225914657e-02 1.267537102103e-02 9.082432836294e-03 1.465108431876e-02 1.228192821145e-02 4.562931600958e-03 1.516613643616e-03 1.380532863550e-03 1.438717474230e-03 1.950621954165e-03 1.455089310184e-03 1.325810328126e-03 1.534577924758e-03 1.729003619403e-03 1.566773978993e-03 1.431042910554e-03 1.158482860774e-03 1.205567037687e-03 1.014222623780e-03 1.160286832601e-03 1.214360236190e-03 1.131485332735e-03 1.082139089704e-03 1.045466051437e-03 7.356593268923e-04 7.104598334990e-04 7.546316483058e-04 7.518193451688e-04 7.362284231931e-04 7.794119301252e-04 9.533730335534e-04 1.826370484196e-03 2.677942393348e-03
1.881978474557e-02 2.192553691566e-02 7.403993513435e-03 7.687390316278e-03 2.705359086394e-02 4.843492433429e-02 4.995387792587e-02 4.282756149769e-02 3.603488206863e-02 1.702839136124e-02 1.509748119861e-02 1.825709082186e-02 1.125044468790e-02 7.141431327909e-03 3.102693241090e-03 1.681731431745e-03 1.064405078068e-03 1.012870809063e-03 9.732987382449e-04 1.222783350386e-03 1.086651231162e-03 1.087397220545e-03 1.011720742099e-03 9.991589467973e-04 9.682042291388e-04 9.883954189718e-04 9.553835261613e-04 9.715992491692e-04 1.045216456987e-03 1.001318916678e-03 1.014545676298e-03 8.358621271327e-04 9.249309659936e-04 9.703523828648e-04 7.721398142166e-04 5.893165362068e-04 7.052644505166e-04 7.504923851229e-04 7.537003839388e-04 7.405977230519e-04 7.608276209794e-04 9.816229576245e-04 1.650903723203e-03
8.221419528127e-03 1.365601457655e-02 1.969836466014e-02 2.545025944710e-02 2.786299958825e-02 2.285517752171e-02 2.584562450647e-02 3.193773701787e-02 4.559619352221e-02 1.775017753243e-02 1.838035508990e-02 1.119011733681e-02 4.517208319157e-03 1.897225040011e-03 1.312576932833e-03 1.069536199793e-03 9.590427507646e-04 8.646658970974e-04 7.924698293209e-04 7.476737373509e-04 8.310310658999e-04 6.431497167796e-04 6.518443697132e-04 6.495173438452e-04 6.849009660073e-04 7.193651399575e-04 7.259555859491e-04 6.649813149124e-04 5.709274555556e-04 6.850521895103e-04 6.661400548182e-04 6.468677893281e-04 7.260562269948e-04 8.091205381788e-04 7.441599154845e-04 5.831578746438e-04 6.552102859132e-04 7.357757422142e-04 7.555873598903e-04 7.661094423383e-04 8.883859263733e-04 1.066408352926e-03 1.343771116808e-03
9.065335616469e-03 2.755908295512e-02 5.108064413071e-02 2.998894825578e-02 1.923090219498e-02 3.353033959866e-02 4.469968006015e-02 6.015080958605e-02 2.936688996851e-02 1.511848624796e-02 7.158201187849e-03 4.155983217061e-03 1.740799867548e-03 1.116375322454e-03 7.879268378019e-04 6.644679815508e-04 6.102185579948e-04 5.672441911884e-04 5.824983818457e-04 6.207262631506e-04 6.383055588230e-04 5.916781956330e-04 5.753688164987e-04 6.176374736242e-04 7.379424059764e-04 8.595883846283e-04 9.401544230059e-04 9.137808810920e-04 7.218156242743e-04 5.575395771302e-04 5.545828607865e-04 5.118583794683e-04 5.195544217713e-04 6.495488341898e-04 6.726269493811e-04 6.270417943597e-04 5.958217661828e-04 6.980385514908e-04 7.369401282631e-04 7.443578797393e-04 8.520666160621e-04 1.180410152301e-03 1.597406342626e-03
1.703076250851e-02 5.342114716768e-02 4.094171151519e-02 3.324017301202e-02 3.643981367350e-02 3.490421175957e-02 2.439183741808e-02 2.369815483689e-02 1.853877119720e-02 9.501519612968e-03 3.475137054920e-03 2.163469558582e-03 1.158462488092e-03 7.452593417838e-04 5.946918972768e-04 4.896583268419e-04 4.887642571703e-04 5.220446037129e-04 5.099977133796e-04 4.924528184347e-04 5.351410945877e-04 5.494324723259e-04 5.331138381734e-04 5.344621022232e-04 6.726224673912e-04 8.257753215730e-04 9.377726237290e-04 9.355235379189e-04 7.597494986840e-04 5.155388498679e-04 5.388067220338e-04 5.579578573816e-04 4.562378744595e-04 4.779298033100e-04 5.701506161131e-04 6.367645110004e-04 6.433774833567e-04 6.388038746081e-04 6.983201601543e-04 7.289582863450e-04 7.220410625450e-04 8.192588575184e-04 1.036501838826e-03
2.290519326925e-02 3.884856030345e-02 2.313508838415e-02 1.410648785532e-02 9.413775056601e-03 1.157959364355e-02 1.015822030604e-02 1.213280670345e-02 1.021733786911e-02 3.563897451386e-03 2.518081804737e-03 1.503596315160e-03 1.229555113241e-03 9.123630588874e-04 5.689198151231e-04 4.623721179087e-04 5.025715217926e-04 5.069387843832e-04 4.615924553946e-04 4.412948328536e-04 5.121122812852e-04 5.609028157778e-04 5.870177992620e-04 5.665186326951e-04 5.247622029856e-04 6.271851598285e-04 7.000782643445e-04 6.939463783056e-04 5.736641469412e-04 4.633866192307e-04 4.787250072695e-04 5.254795541987e-04 5.014570779167e-04 4.254051018506e-04 4.357704892755e-04 5.204064655118e-04 5.785441026092e-04 5.665870266967e-04 6.446858169511e-04 7.001314661466e-04 7.131659658626e-04 7.504601380788e-04 8.422207320109e-04
3.265737742186e-02 2.695281244814e-02 8.723655715585e-03 6.613427307457e-03 7.015013135970e-03 4.214299842715e-03 5.987522192299e-03 9.675499983132e-03 6.447385530919e-03 3.141161752865e-03 2.373919356614e-03 1.318487804383e-03 1.284659141675e-03 1.217716606334e-03 7.617004448548e-04 6.016884581186e-04 5.106600001454e-04 4.876217572019e-04 4.204509605188e-04 4.253334773239e-04 5.147731280886e-04 6.173903238960e-04 6.788365426473e-04 6.341688567773e-04 5.417101201601e-04 4.647252499126e-04 5.038438830525e-04 5.382410017774e-04 5.354391760193e-04 5.728265969083e-04 5.148425116204e-04 4.761955060530e-04 4.815591673832e-04 4.368271911517e-04 4.227081080899e-04 5.078947870061e-04 5.552822258323e-04 5.408616852947e-04 5.805339314975e-04 6.531033432111e-04 6.848135963082e-04 7.660306291655e-04 9.668417624198e-04
5.164189264178e-02 2.268021553755e-02 4.459204152226e-03 3.179491264746e-03 2.436476759613e-03 2.990084001794e-03 3.204515203834e-03 7.263391278684e-03 7.357790134847e-03 4.485760349780e-03 2.236630767584e-03 1.277887611650e-03 1.105766161345e-03 1.155472360551e-03 9.479411528446e-04 5.828579887748e-04 5.062139243819e-04 4.689479828812e-04 3.896596317645e-04 4.204159486108e-04 5.267487722449e-04 6.877634441480e-04 7.501316140406e-04 6.662554224022e-04 5.596158443950e-04 4.929096903652e-04 5.207553622313e-04 5.800908547826e-04 6.061127060093e-04 5.993289523758e-04 5.552222719416e-04 4.611656768247e-04 5.292815039866e-04 4.379292658996e-04 4.116416093893e-04 4.471261636354e-04 5.620254669338e-04 6.187743274495e-04 6.591973360628e-04 7.492365548387e-04 8.604248869233e-04 8.932600612752e-04 8.682484040037e-04
4.437119141221e-02 1.368873566389e-02 3.393652383238e-03 1.912081032060e-03 1.748154521920e-03 2.028905786574e-03 3.752827644348e-03 4.802412819117e-03 5.775155965239e-03 4.030634649098e-03 2.648810390383e-03 1.483931206167e-03 9.710366721265e-04 8.353573502973e-04 7.997988723218e-04 6.754916394129e-04 5.861929967068e-04 6.441369187087e-04 5.375765031204e-04 4.640387778636e-04 5.786714609712e-04 7.728131022304e-04 8.045647409745e-04 6.758646923117e-04 5.739005282521e-04 5.229667876847e-04 5.442316760309e-04 6.112029659562e-04 6.606148672290e-04 6.170269334689e-04 5.478394450620e-04 4.532444290817e-04 5.398332723416e-04 4.172199114691e-04 4.029630508740e-04 3.882518503815e-04 4.222655261401e-04 5.562820588239e-04 7.086371770129e-04 9.123918134719e-04 1.113938167691e-03 1.193346339278e-03 1.206780201755e-03
2.335056476295e-02 4.297054838389e-03 2.023272216320e-03 1.760530401953e-03 1.472048694268e-03 1.499184523709e-03 2.420528791845e-03 1.341013936326e-03 3.507110755891e-03 5.300380289555e-03 3.767335554585e-03 2.866548253223e-03 1.433363766409e-03 8.815185283311e-04 7.532534655184e-04 7.605797145516e-04 8.065748261288e-04 7.252257782966e-04 6.368475733325e-04 5.661188624799e-04 6.920272135176e-04 8.500429685228e-04 8.185799815692e-04 6.893809768371e-04 6.152978166938e-04 5.789654096588e-04 5.762840737589e-04 6.417705444619e-04 6.983476923779e-04 6.700403173454e-04 5.607540369965e-04 4.448494873941e-04 5.093415384181e-04 4.615519137587e-04 3.997287130915e-04 3.974478458986e-04 3.829965426121e-04 4.005051159766e-04 5.124005256221e-04 7.833172567189e-04 1.069703721441e-03 1.247151638381e-03 1.348902471364e-03
6.318998988718e-03 2.452770015225e-03 1.588567160070e-03 1.519107958302e-03 1.183770364150e-03 1.075369538739e-03 1.087843789719e-03 1.020084251650e-03 1.275693299249e-03 4.372180439532e-03 4.846331197768e-03 7.102969102561e-03 4.545410629362e-03 1.633327570744e-03 1.013632630929e-03 8.450134773739e-04 9.114540880546e-04 1.078821835108e-03 1.004305551760e-03 8.029581513256e-04 7.885865634307e-04 8.834407199174e-04 7.943283417262e-04 6.856482941657e-04 6.453025853261e-04 6.390198832378e-04 6.512760883197e-04 6.559928879142e-04 7.147626020014e-04 7.193519268185e-04 6.212328444235e-04 4.794679116458e-04 4.775823617820e-04 4.779208102264e-04 4.466742684599e-04 4.575810162351e-04 4.530961741693e-04 4.452006251086e-04 4.394077113830e-04 4.510631843004e-04 6.088123191148e-04 8.107335306704e-04 9.557676385157e-04
2.260213950649e-03 1.412157318555e-03 1.423407346010e-03 1.240889076144e-03 1.009745406918e-03 9.162747301161e-04 7.936917245388e-04 7.921308279037e-04 9.370247717015e-04 1.811768859625e-03 7.242541760206e-03 1.778309978545e-02 1.220194622874e-02 3.890147898346e-03 1.710008597001e-03 1.061656861566e-03 9.477009298280e-04 1.137240906246e-03 1.100575900637e-03 1.164555083960e-03 1.120748696849e-03 9.238882921636e-04 8.263019844890e-04 7.412913837470e-04 7.185759022832e-04 7.238720427267e-04 7.225850713439e-04 7.038986659609e-04 7.167527219281e-04 7.576617063023e-04 6.860390421934e-04 5.016283248551e-04 4.652350908145e-04 4.587225848809e-04 4.819664754905e-04 5.174179677851e-04 5.415588966571e-04 5.490905605257e-04 5.444888374768e-04 5.247337976471e-04 5.260192556307e-04 5.534411757253e-04 5.711400881410e-04
2.041839063168e-03 1.164641929790e-03 1.266956212930e-03 9.689077269286e-04 7.896082825027e-04 7.435510051437e-04 6.475122063421e-04 6.719920202158e-04 6.759418756701e-04 1.256482210010e-03 5.486284848303e-03 1.479959953576e-02 1.337547320873e-02 8.617621846497e-03 2.087716944516e-03 1.153378747404e-03 8.778443443589e-04 1.265458064154e-03 1.501991646364e-03 1.408691401593e-03 1.152011798695e-03 9.010880021378e-04 8.920141845010e-04 8.388826390728e-04 8.106449968182e-04 7.918879855424e-04 7.580459350720e-04 6.915897829458e-04 7.233557989821e-04 7.656957022846e-04 6.756955408491e-04 5.238427547738e-04 5.423787515610e-04 5.248747766018e-04 4.976945347153e-04 4.834866267629e-04 5.165793700144e-04 5.365055985749e-04 5.309350090101e-04 4.968097200617e-04 5.511235212907e-04 6.506175850518e-04 7.212524651550e-04
2.517398446798e-03 1.321253832430e-03 1.111949910410e-03 8.596005500294e-04 6.442217854783e-04 6.078919977881e-04 6.221068906598e-04 6.089587113820e-04 6.128340610303e-04 7.857753662392e-04 2.083325060084e-03 7.597672287375e-03 2.760986052454e-02 2.130339294672e-02 3.571617649868e-03 1.347766024992e-03 1.485938788392e-03 1.585007295944e-03 1.409136806615e-03 1.121333101764e-03 9.108429076150e-04 9.294616756961e-04 9.850412607193e-04 9.537758887745e-04 8.888162556104e-04 8.064221474342e-04 6.977498997003e-04 6.379807600752e-04 7.485489477403e-04 7.710023783147e-04 6.950586102903e-04 7.721057045273e-04 7.739383145235e-04 7.318443967961e-04 6.581689813174e-04 5.116208340041e-04 4.307664057706e-04 4.279715358280e-04 4.397971788421e-04 4.726863699034e-04 5.553796654567e-04 6.921186577529e-04 8.572982624173e-04
2.665675710887e-03 1.500007114373e-03 1.124876318499e-03 7.499545463361e-04 5.631650565192e-04 5.907075246796e-04 5.832978058606e-04 5.934834480286e-04 5.340941133909e-04 6.012177327648e-04 1.177416299470e-03 3.865404054523e-03 1.341569796205e-02 1.182232331485e-02 3.947271965444e-03 2.246243180707e-03 1.846065046266e-03 1.432165037841e-03 1.103154267184e-03 8.832737221383e-04 8.798511116765e-04 9.385632001795e-04 9.977258741856e-04 9.487399365753e-04 8.194607798941e-04 6.648504640907e-04 5.497181555256e-04 5.994939128868e-04 7.535034092143e-04 7.933754241094e-04 8.240232127719e-04 9.053883259185e-04 8.988122572191e-04 8.370535215363e-04 7.113977917470e-04 5.357302725315e-04 5.488104070537e-04 5.697130691260e-04 6.034010439180e-04 6.320308893919e-04 6.398184923455e-04 7.123706163839e-04 9.190156706609e-04
2.491930499673e-03 1.341170747764e-03 9.461133740842e-04 5.888302111998e-04 5.407601711340e-04 5.833202740178e-04 5.634131957777e-04 4.872540594079e-04 3.870094660670e-04 5.422684480436e-04 1.001536496915e-03 1.710781943984e-03 4.732505418360e-03 5.618869792670e-03 4.067367874086e-03 2.490241546184e-03 1.574613619596e-03 1.118847634643e-03 1.036787172779e-03 1.006658771075e-03 9.063014294952e-04 8.568402263336e-04 8.286719094031e-04 7.280068239197e-04 5.743101937696e-04 5.120924324729e-04 5.055269575678e-04 5.407211137936e-04 7.032530265860e-04 7.877476746216e-04 5.836151540279e-04 6.361722480506e-04 6.361770792864e-04 5.947558674961e-04 5.789923015982e-04 6.327785667963e-04 6.838301778771e-04 7.513836608268e-04 8.249172242358e-04 8.662883192301e-04 8.505209116265e-04 7.924379315227e-04 9.020019206218e-04
2.226231619716e-03 9.916237322614e-04 6.797932437621e-04 4.218722169753e-04 5.062700947747e-04 5.617635906674e-04 5.381049122661e-04 4.439694166649e-04 3.277612559032e-04 4.880600317847e-04 8.999375277199e-04 1.392763806507e-03 3.292937995866e-03 4.221177194268e-03 3.279940690845e-03 1.941639930010e-03 1.201899372973e-03 1.115219667554e-03 1.097183674574e-03 9.196854662150e-04 7.310845539905e-04 6.105839274824e-04 5.342198419385e-04 4.476535541471e-04 4.192605556455e-04 4.126536950935e-04 4.143388068769e-04 4.599188687280e-04 6.129945395514e-04 7.182356202975e-04 5.576838739216e-04 4.377024015412e-04 4.179328389000e-04 5.340263596736e-04 6.317226798274e-04 7.174678030424e-04 8.167821215466e-04 9.402932482772e-04 1.056072534993e-03 1.103091519326e-03 1.049133832566e-03 9.249706636183e-04 8.891936158761e-04
