VariationalSeries/SI/f83_max.grd
DSAA
101	101
32.816463539100	34.260883539100
35.556306596100	36.727886596100
1.516467455076e-05	2.495448589325e+00
[rows 38 to 56 of 101, columns 0 to 42 of 101]
5.932812578976e-03 1.251848693937e-02 1.353886909783e-02 1.410332508385e-02 1.675984822214e-02 2.054594457150e-02 2.372888475657e-02 2.700020000339e-02 2.967351861298e-02 2.710432372987e-02 2.224754355848e-02 1.816005259752e-02 1.797211170197e-02 1.770781353116e-02 1.881833374500e-02 2.124885097146e-02 2.404485270381e-02 4.430936649442e-02 7.180263102055e-02 7.705189287663e-02 6.207823008299e-02 5.232250317931e-02 3.497942164540e-02 4.099759459496e-02 8.129603415728e-02 1.056837737560e-01 1.018135473132e-01 7.283335179090e-02 5.241910368204e-02 5.804708600044e-02 6.123689189553e-02 7.521207630634e-02 1.030954495072e-01 1.012901663780e-01 9.505507349968e-02 5.694147944450e-02 7.785923033953e-02 8.754141628742e-02 8.654990047216e-02 1.329082697630e-01 1.457227766514e-01 2.150355726480e-01 1.737332940102e-01
8.760003373027e-03 1.559702120721e-02 1.308186352253e-02 1.275890041143e-02 1.818134263158e-02 2.211631648242e-02 2.906895056367e-02 3.658095002174e-02 4.079763963819e-02 3.820278123021e-02 2.776317298412e-02 2.168869972229e-02 1.867779530585e-02 1.908980868757e-02 2.048326469958e-02 2.213737182319e-02 2.358824573457e-02 2.485866472125e-02 3.906556591392e-02 5.469399690628e-02 5.587275698781e-02 5.451526120305e-02 5.630676075816e-02 4.688813537359e-02 4.351116716862e-02 4.834157973528e-02 6.517750024796e-02 1.227563098073e-01 1.644924730062e-01 1.668831706047e-01 1.309064328671e-01 6.451506167650e-02 7.291651517153e-02 6.196196004748e-02 1.236850097775e-01 1.108465269208e-01 7.225406914949e-02 8.719231933355e-02 1.070136800408e-01 1.215997040272e-01 1.628531515598e-01 1.962246149778e-01 2.301457524300e-01
1.008049584925e-02 2.007833309472e-02 1.902245730162e-02 1.651974953711e-02 2.182231843472e-02 2.685402520001e-02 3.259580209851e-02 4.289953038096e-02 4.650310054421e-02 4.634894058108e-02 3.169932588935e-02 2.127084694803e-02 2.141421660781e-02 1.852669566870e-02 1.543365046382e-02 1.737893745303e-02 2.031154558063e-02 2.205521985888e-02 2.319380640984e-02 3.082795999944e-02 4.548440873623e-02 6.401418894529e-02 7.677040249109e-02 7.737268507481e-02 7.591947913170e-02 5.053384602070e-02 3.989842161536e-02 4.212676361203e-02 4.100117832422e-02 5.168410390615e-02 1.091421544552e-01 1.738178282976e-01 2.059836685658e-01 1.719880104065e-01 8.717354387045e-02 8.661672472954e-02 1.517866849899e-01 1.262282431126e-01 1.309853494167e-01 1.305462867022e-01 1.211107820272e-01 1.628759950399e-01 2.464283257723e-01
1.446919515729e-02 2.448997087777e-02 2.845787070692e-02 2.923482842743e-02 2.634332515299e-02 3.149382025003e-02 3.143341839314e-02 3.019928559661e-02 3.019139729440e-02 3.702623397112e-02 3.996033221483e-02 3.466055542231e-02 2.568854577839e-02 2.286057174206e-02 2.334188297391e-02 2.888858690858e-02 3.352199122310e-02 3.749778866768e-02 3.664958849549e-02 2.664546109736e-02 2.962978743017e-02 3.909741342068e-02 4.441808909178e-02 5.959482863545e-02 7.401279360056e-02 8.794679492712e-02 9.812543541193e-02 9.523764252663e-02 9.795465320349e-02 1.068782284856e-01 1.181840002537e-01 1.152815371752e-01 1.783567070961e-01 2.015520036221e-01 1.439574211836e-01 1.823131442070e-01 2.022887319326e-01 1.718312203884e-01 1.939863413572e-01 1.570356339216e-01 1.100524067879e-01 1.923569887877e-01 1.604353636503e-01
1.484823040664e-02 2.610147558153e-02 2.898916229606e-02 2.662700042129e-02 2.920195646584e-02 3.683226183057e-02 3.658339381218e-02 3.161881119013e-02 3.807941824198e-02 3.169855102897e-02 3.012700006366e-02 4.204234853387e-02 4.363971203566e-02 3.287188708782e-02 3.044725954533e-02 2.805666439235e-02 2.880794368684e-02 3.859223425388e-02 5.203954130411e-02 5.290015786886e-02 3.381610661745e-02 3.835834562778e-02 4.903321713209e-02 4.079446196556e-02 4.714483767748e-02 5.692059174180e-02 7.523906975985e-02 1.137004867196e-01 1.530925035477e-01 1.401572227478e-01 1.328031420708e-01 9.860314428806e-02 9.821860492229e-02 1.846896857023e-01 1.773590594530e-01 2.236635982990e-01 1.478838473558e-01 2.095933109522e-01 1.838628798723e-01 2.653440535069e-01 2.742573618889e-01 2.156932651997e-01 2.429142296314e-01
2.878580987453e-02 5.581520870328e-02 4.170149564743e-02 3.490082919598e-02 3.414947167039e-02 3.072810173035e-02 3.150941804051e-02 3.833681717515e-02 3.795831277966e-02 3.078890591860e-02 3.840850293636e-02 2.617987245321e-02 3.355222567916e-02 4.703340679407e-02 4.083512723446e-02 3.529837727547e-02 4.420945048332e-02 9.590180963278e-02 1.130057051778e-01 6.187317520380e-02 6.627045571804e-02 3.895198181272e-02 4.569696635008e-02 6.482452899218e-02 4.322445765138e-02 3.957048058510e-02 4.169053956866e-02 4.560341686010e-02 5.822487175465e-02 6.619556993246e-02 7.071779668331e-02 7.721009850502e-02 1.051457151771e-01 1.657204627991e-01 1.135227382183e-01 1.051754802465e-01 1.542432606220e-01 1.759063154459e-01 1.168582141399e-01 2.424108386040e-01 2.489986270666e-01 2.718121707439e-01 3.335022628307e-01
4.574390500784e-02 8.389826864004e-02 6.802187860012e-02 5.292578041553e-02 4.879627376795e-02 3.974906727672e-02 5.479380115867e-02 4.808465391397e-02 4.829027131200e-02 3.778430819511e-02 2.955174446106e-02 3.625095263124e-02 3.252899274230e-02 2.127939462662e-02 3.981955349445e-02 4.670099169016e-02 3.399191051722e-02 2.912973612547e-02 5.324116349220e-02 3.536608442664e-02 6.153957173228e-02 7.284463942051e-02 7.239487767220e-02 6.325958669186e-02 8.699171990156e-02 5.349380895495e-02 4.986502975225e-02 6.457578390837e-02 7.566715031862e-02 5.783962458372e-02 7.348060607910e-02 9.054645150900e-02 1.073220819235e-01 1.259971261024e-01 1.602975130081e-01 1.215027272701e-01 1.353828758001e-01 1.513963341713e-01 1.434892863035e-01 2.058334797621e-01 1.914208084345e-01 2.770739197731e-01 2.820642292500e-01
1.803925633430e-02 3.758164495230e-02 4.511607065797e-02 5.316250771284e-02 5.433567985892e-02 6.035600230098e-02 6.376782804728e-02 5.499221757054e-02 4.929517954588e-02 4.719506204128e-02 4.411685839295e-02 4.081992805004e-02 3.857438266277e-02 3.621760010719e-02 3.920174390078e-02 3.346210345626e-02 2.381044812500e-02 2.816746942699e-02 2.966107241809e-02 4.046483710408e-02 3.792468830943e-02 6.282112002373e-02 6.765019893646e-02 7.268557697535e-02 8.489149063826e-02 9.593417495489e-02 1.044931709766e-01 1.088264212012e-01 1.112348064780e-01 1.198484748602e-01 1.217455789447e-01 1.280438452959e-01 1.360298395157e-01 1.130185648799e-01 9.726892411709e-02 1.366784274578e-01 1.645026057959e-01 2.526688575745e-01 3.026864528656e-01 2.798296213150e-01 2.665217816830e-01 2.767462134361e-01 2.301066070795e-01
1.753422804177e-02 3.680707514286e-02 4.186008870602e-02 4.643083736300e-02 5.265263095498e-02 5.384451150894e-02 4.950234293938e-02 4.008799046278e-02 3.785445913672e-02 4.521138966084e-02 5.305621400476e-02 5.034162849188e-02 3.808332607150e-02 2.484685927629e-02 2.665372192860e-02 1.539918687195e-02 8.951322175562e-03 9.888797067106e-03 1.317994762212e-02 1.589411310852e-02 4.728264361620e-02 8.324097096920e-02 7.118749618530e-02 8.966521918774e-02 8.618240803480e-02 1.062579751015e-01 1.096908077598e-01 1.038496494293e-01 9.684088081121e-02 1.108230501413e-01 1.176580712199e-01 1.520160287619e-01 1.944089829922e-01 2.118743509054e-01 1.810418665409e-01 1.534602791071e-01 1.700699776411e-01 1.216045692563e-01 1.853184252977e-01 1.892258524895e-01 2.956451773643e-01 2.781653702259e-01 2.995740175247e-01
4.724305123091e-03 9.496357291937e-03 1.002632454038e-02 1.079608686268e-02 1.497547887266e-02 2.092523686588e-02 2.751111425459e-02 2.957956865430e-02 2.863541245461e-02 2.642885595560e-02 2.715209499002e-02 3.450282290578e-02 3.444142267108e-02 2.801075205207e-02 1.808644086123e-02 1.409310754389e-02 7.239965721965e-03 6.155872251838e-03 6.857221946120e-03 1.463748980314e-02 3.277251869440e-02 6.946754455566e-02 1.734414249659e-01 1.631629467010e-01 1.465857625008e-01 1.376577764750e-01 1.326631903648e-01 1.289762407541e-01 1.368021368980e-01 1.580263078213e-01 1.767838150263e-01 2.001644074917e-01 3.445715904236e-01 1.922139078379e-01 4.329892694950e-01 2.949239909649e-01 2.351028025150e-01 2.536394000053e-01 3.140787780285e-01 3.648905456066e-01 3.861016035080e-01 3.630819320679e-01 3.647533059120e-01
4.290187731385e-03 8.288272656500e-03 9.026815183461e-03 9.043956175447e-03 1.517488528043e-02 2.247856184840e-02 2.342257462442e-02 1.910994946957e-02 1.410509180278e-02 1.149462256581e-02 1.458187773824e-02 1.809745840728e-02 1.731940731406e-02 1.391009520739e-02 1.023496221751e-02 7.252521347255e-03 5.253955256194e-03 3.856717608869e-03 3.994990140200e-03 1.302511151880e-02 4.168869182467e-02 7.202395796776e-02 7.094246894121e-02 1.498226970434e-01 3.617234528065e-01 1.832406073809e-01 1.142340600491e-01 1.034687682986e-01 1.077238693833e-01 1.175153478980e-01 2.019863277674e-01 2.906861901283e-01 1.538523137569e-01 2.293683737516e-01 4.151553213596e-01 7.564336657524e-01 3.091917932034e-01 2.455289512873e-01 2.178637087345e-01 2.397119700909e-01 2.052548527718e-01 3.825494647026e-01 4.467184245586e-01
2.226111944765e-03 4.624433815479e-03 5.544831510633e-03 6.155260372907e-03 8.075229823589e-03 1.298166811466e-02 1.487375609577e-02 1.289348304272e-02 9.975887835026e-03 7.467463612556e-03 6.165151949972e-03 5.887019913644e-03 4.694120958447e-03 4.141110926867e-03 4.942407831550e-03 3.766620531678e-03 3.488110378385e-03 2.933272626251e-03 3.430285956711e-03 5.201587919146e-03 8.874478749931e-03 2.406473271549e-02 2.523134835064e-02 3.420372307301e-02 1.316743493080e-01 1.393333077431e-01 5.193699896336e-02 2.853964269161e-02 2.977710776031e-02 9.586242586374e-02 1.269787847996e-01 1.376483887434e-01 1.436956971884e-01 1.180658787489e-01 1.735974252224e-01 4.997640550137e-01 2.677591145039e-01 1.631176322699e-01 1.141584441066e-01 1.030642986298e-01 9.703883528709e-02 2.539198398590e-01 3.526975214481e-01
9.872450027615e-04 1.971120713279e-03 2.050726441666e-03 2.269856864586e-03 2.859821775928e-03 3.621794981882e-03 4.309955518693e-03 4.690854344517e-03 4.539680201560e-03 3.848182503134e-03 3.278170479462e-03 3.768835216761e-03 3.889941377565e-03 3.595433197916e-03 3.659028327093e-03 4.184061661363e-03 3.179189749062e-03 2.536693587899e-03 2.859679050744e-03 4.236486740410e-03 4.840253852308e-03 8.850310929120e-03 1.539075095206e-02 3.358366712928e-02 8.151393383741e-02 5.065637454391e-02 3.142189234495e-02 2.498780749738e-02 2.397002838552e-02 7.743485737592e-03 6.785898003727e-03 7.375476416200e-03 1.152178552002e-02 2.500632591546e-02 5.806535482407e-02 9.844345450401e-01 1.875715613365e+00 2.507165968418e-01 1.710136234760e-01 8.811771869659e-02 6.209272146225e-02 6.707186251879e-02 1.300392150879e-01
7.970355800353e-04 1.449059462175e-03 1.610904000700e-03 1.611329265870e-03 1.617809757590e-03 2.084854291752e-03 2.738208509982e-03 3.370465943590e-03 3.747114213184e-03 3.670727601275e-03 3.084807656705e-03 2.834266051650e-03 3.078088862821e-03 2.976289484650e-03 2.646307926625e-03 3.245830303058e-03 3.772037336603e-03 3.002483397722e-03 2.321604872122e-03 6.819088477641e-03 8.606814779341e-03 6.513333879411e-03 8.649313822389e-03 1.518668886274e-02 2.880084700882e-02 2.861101925373e-01 6.212607398629e-02 5.503594875336e-02 2.327030524611e-02 4.590845201164e-03 4.017268773168e-03 4.208076745272e-03 4.901136737317e-03 6.040466949344e-03 8.104786276817e-03 4.351077228785e-02 3.031873106956e-01 7.777218818665e-01 1.992205083370e-01 1.119935140014e-01 3.210712969303e-02 2.072859928012e-02 2.274940535426e-02
7.433040300384e-04 1.769528491423e-03 2.392415888608e-03 2.760930918157e-03 2.875039121136e-03 2.652485389262e-03 2.357682213187e-03 2.151838503778e-03 2.685884013772e-03 3.080708673224e-03 3.072420135140e-03 2.659404650331e-03 2.297863364220e-03 2.861875807866e-03 2.988487714902e-03 2.670536981896e-03 3.111096331850e-03 4.019169602543e-03 3.174425801262e-03 6.692575290799e-03 7.109513040632e-03 6.073067896068e-03 6.761721335351e-03 7.327308412641e-03 1.670918054879e-02 5.813911184669e-02 6.010075658560e-02 1.539739593863e-02 7.162672001868e-03 4.444500897080e-03 3.331476589665e-03 2.844957634807e-03 2.806865610182e-03 3.521321574226e-03 4.573759157211e-03 1.551587507129e-02 7.930064201355e-02 2.811807394028e-01 3.399348855019e-01 5.241120979190e-02 2.257856912911e-02 1.455896534026e-02 1.378314942122e-02
1.126047805883e-03 2.650423441082e-03 3.386689582840e-03 3.807419911027e-03 3.910994622856e-03 3.736776765436e-03 3.507111454383e-03 3.154285484925e-03 2.721218392253e-03 2.223528921604e-03 2.466489560902e-03 2.591916592792e-03 2.483028685674e-03 2.904172521085e-03 3.331400454044e-03 3.147140843794e-03 2.654281910509e-03 4.219760186970e-03 4.505268298090e-03 1.182635966688e-02 7.578937802464e-03 5.457089282572e-03 3.693107981235e-03 3.814027877524e-03 7.177192717791e-03 5.212909355760e-02 7.334490120411e-02 1.394455228001e-02 9.145502932370e-03 4.650970920920e-03 2.880211686715e-03 1.994138350710e-03 1.773132360540e-03 1.866745878942e-03 2.866092603654e-03 4.761854186654e-03 3.214478120208e-02 9.932548552752e-02 2.641217410564e-01 1.282347142696e-01 6.112420558929e-02 1.214093435556e-02 1.028906926513e-02
7.696443935856e-04 1.678447471932e-03 2.092972164974e-03 2.296312479302e-03 2.226583659649e-03 2.230999059975e-03 2.495300956070e-03 2.789184218273e-03 3.065440803766e-03 3.069530241191e-03 2.643244108185e-03 1.996776554734e-03 2.352654701099e-03 2.578292740509e-03 2.585854614154e-03 2.597410231829e-03 2.712752204388e-03 4.447526298463e-03 6.127737462521e-03 1.020875573158e-02 7.850028574467e-03 6.168873514980e-03 3.037147689611e-03 3.034862456843e-03 6.105710286647e-03 1.915813796222e-02 1.625158451498e-02 1.082058623433e-02 8.559110574424e-03 4.758738912642e-03 2.644630149007e-03 2.177280141041e-03 1.920492737554e-03 1.876965165138e-03 2.397928154096e-03 4.058446269482e-03 8.533047512174e-03 4.284591600299e-02 5.044575780630e-02 3.070591203868e-02 1.847187988460e-02 9.279278106987e-03 8.400389924645e-03
7.231566123664e-04 1.313360873610e-03 1.948289806023e-03 2.486268756911e-03 2.965180901811e-03 3.503197105601e-03 4.093806724995e-03 4.732382949442e-03 5.322712473571e-03 5.491657648236e-03 4.909993149340e-03 3.648307640105e-03 2.349318470806e-03 2.441504504532e-03 3.006177255884e-03 3.265482839197e-03 4.069079179317e-03 4.714860115200e-03 5.530553404242e-03 9.677832014859e-03 6.921184714884e-03 4.577433224767e-03 2.427564235404e-03 2.361424500123e-03 4.422468133271e-03 5.132943391800e-03 5.913509055972e-02 7.410416379571e-03 6.995646748692e-03 4.206403158605e-03 2.447859151289e-03 1.961195142940e-03 1.871466520242e-03 1.976578729227e-03 2.543218666688e-03 3.460163949057e-03 5.766277201474e-03 7.104952819645e-03 1.492644380778e-02 1.979436166584e-02 1.236840803176e-02 7.433712016791e-03 9.580221958458e-03
7.200510590337e-04 1.302732736804e-03 1.787962857634e-03 2.209010999650e-03 2.633952070028e-03 3.153097815812e-03 3.701490582898e-03 4.254723433405e-03 4.772277548909e-03 5.052643362433e-03 4.789785947651e-03 5.198292899877e-03 5.419329274446e-03 5.427713505924e-03 5.178540479392e-03 4.696343559772e-03 5.586251150817e-03 4.062584601343e-03 5.494787357748e-03 1.749650761485e-02 6.421964149922e-03 3.222330473363e-03 2.276796381921e-03 1.907410565764e-03 2.632897812873e-03 6.323464680463e-03 2.242214977741e-02 5.774149205536e-03 7.421303074807e-03 3.140347311273e-03 2.313582226634e-03 1.771386247128e-03 1.793872914277e-03 2.039121231064e-03 2.691805362701e-03 3.201038111001e-03 3.563732374460e-03 5.746009759605e-03 1.258539222181e-02 1.471412833780e-02 9.153136983514e-03 6.793958134949e-03 8.868521079421e-03
