VariationalSeries/SI/f84_max.grd
DSAA
101	101
32.816463539100	34.260883539100
35.556306596100	36.727886596100
1.394780429109e-05	2.298790931702e+00
[rows 38 to 56 of 101, columns 0 to 42 of 101]
5.458694882691e-03 1.151812169701e-02 1.245704386383e-02 1.297648530453e-02 1.542497426271e-02 1.890978403389e-02 2.183948457241e-02 2.484822832048e-02 2.730864658952e-02 2.494465187192e-02 2.047541178763e-02 1.671403087676e-02 1.654401421547e-02 1.630111224949e-02 1.732308976352e-02 1.956724375486e-02 2.214229293168e-02 4.077862203121e-02 6.607970595360e-02 7.090761512518e-02 5.712313950062e-02 4.812911897898e-02 3.219311684370e-02 3.773164749146e-02 7.480996102095e-02 9.725982695818e-02 9.370526671410e-02 6.703789532185e-02 4.826190322638e-02 5.342786386609e-02 5.635461211205e-02 6.924678385258e-02 9.491302073002e-02 9.322319924831e-02 8.748947829008e-02 5.242240056396e-02 7.168019562960e-02 8.059478551149e-02 7.965954393148e-02 1.223413422704e-01 1.341799050570e-01 1.978929340839e-01 1.598951071501e-01
8.063814602792e-03 1.435751002282e-02 1.204232871532e-02 1.173941697925e-02 1.673049293458e-02 2.035154588521e-02 2.674949355423e-02 3.366243466735e-02 3.754300996661e-02 3.515552729368e-02 2.554955706000e-02 1.995646581054e-02 1.718714646995e-02 1.756694726646e-02 1.884945482016e-02 2.037184312940e-02 2.170719206333e-02 2.287651970983e-02 3.595058247447e-02 5.033334344625e-02 5.141778662801e-02 5.014384910464e-02 5.178979784250e-02 4.315336421132e-02 4.004077613354e-02 4.448634386063e-02 5.998801440001e-02 1.129806414247e-01 1.513978093863e-01 1.536004692316e-01 1.204848885536e-01 5.938197299838e-02 6.712090969086e-02 5.705398321152e-02 1.138737648726e-01 1.020543202758e-01 6.651366502047e-02 8.026368916035e-02 9.850295633078e-02 1.119167581201e-01 1.499169617891e-01 1.806848347187e-01 2.118063271046e-01
9.275100193918e-03 1.847415231168e-02 1.750260405242e-02 1.519873458892e-02 2.007769048214e-02 2.470741234720e-02 2.999055944383e-02 3.947116807103e-02 4.278719052672e-02 4.264540225267e-02 2.916650287807e-02 1.957319118083e-02 1.970464177430e-02 1.704728044569e-02 1.420091744512e-02 1.598719879985e-02 1.869519613683e-02 2.029647491872e-02 2.133835852146e-02 2.836612239480e-02 4.185291007161e-02 5.891375243664e-02 7.064380496740e-02 7.119999080896e-02 6.988588720560e-02 4.652201384306e-02 3.672004118562e-02 3.877043351531e-02 3.775172680616e-02 4.758854955435e-02 1.004670336843e-01 1.599894762039e-01 1.895942091942e-01 1.583076566458e-01 8.024282008410e-02 7.973065972328e-02 1.397514194250e-01 1.162216216326e-01 1.205807104707e-01 1.201654151082e-01 1.114872395992e-01 1.499480456114e-01 2.269218415022e-01
1.330713555217e-02 2.253262139857e-02 2.618338912725e-02 2.689838595688e-02 2.423817664385e-02 2.897964231670e-02 2.892417646945e-02 2.778229117393e-02 2.777554467320e-02 3.407390415668e-02 3.677345439792e-02 3.189584985375e-02 2.363885752857e-02 2.103681489825e-02 2.148913778365e-02 2.659514918923e-02 3.086034208536e-02 3.451991453767e-02 3.373838588595e-02 2.452928945422e-02 2.727866172791e-02 3.599322959781e-02 4.087667539716e-02 5.484465509653e-02 6.811552494764e-02 8.094187825918e-02 9.031270444393e-02 8.765771239996e-02 9.017132967710e-02 9.838677197695e-02 1.087959706783e-01 1.060826629400e-01 1.641349941492e-01 1.854904145002e-01 1.324899345636e-01 1.678246706724e-01 1.862161457539e-01 1.581823378801e-01 1.786180138588e-01 1.445661932230e-01 1.013035699725e-01 1.770691424608e-01 1.476993411779e-01
1.365511398762e-02 2.400446869433e-02 2.668466977775e-02 2.451188117266e-02 2.687626332045e-02 3.389943018556e-02 3.367101401091e-02 2.909355796874e-02 3.504122421145e-02 2.916963398457e-02 2.772634662688e-02 3.869168460369e-02 4.016150161624e-02 3.025158494711e-02 2.801973372698e-02 2.581970393658e-02 2.652039751410e-02 3.552696481347e-02 4.790471121669e-02 4.869662597775e-02 3.110910579562e-02 3.529849275947e-02 4.511732608080e-02 3.753488883376e-02 4.338053613901e-02 5.237905308604e-02 6.924018263817e-02 1.046401113272e-01 1.408949643373e-01 1.289915591478e-01 1.222515702248e-01 9.075083583593e-02 9.041152149439e-02 1.700204163790e-01 1.632559895515e-01 2.058824151754e-01 1.361275911331e-01 1.929458528757e-01 1.692661941051e-01 2.442854046822e-01 2.524963319302e-01 1.985917538404e-01 2.236301004887e-01
2.647857926786e-02 5.134193971753e-02 3.835950419307e-02 3.211841732264e-02 3.142722323537e-02 2.827885188162e-02 2.900274842978e-02 3.528808429837e-02 3.493982553482e-02 2.834233269095e-02 3.534550964832e-02 2.409213595092e-02 3.087951056659e-02 4.328641667962e-02 3.758165985346e-02 3.248373419046e-02 4.068448394537e-02 8.824178576469e-02 1.039784178138e-01 5.695350095630e-02 6.100109592080e-02 3.583987802267e-02 4.204402118921e-02 5.964952707291e-02 3.977971151471e-02 3.641829267144e-02 3.838538378477e-02 4.198103770614e-02 5.359977111220e-02 6.093731895089e-02 6.510006636381e-02 7.109612971544e-02 9.681559354067e-02 1.525680869818e-01 1.045076623559e-01 9.682652354240e-02 1.419879794121e-01 1.619456708431e-01 1.076432690024e-01 2.231947928667e-01 2.292247116566e-01 2.502694129944e-01 3.070647716522e-01
4.208213463426e-02 7.718299329281e-02 6.257794052362e-02 4.869734495878e-02 4.489859938622e-02 3.655373677611e-02 5.038603022695e-02 4.421621933579e-02 4.444376379251e-02 3.477473929524e-02 2.719247713685e-02 3.336104005575e-02 2.993681468070e-02 1.958826184273e-02 3.664814680815e-02 4.298157617450e-02 3.128411620855e-02 2.680481784046e-02 4.899267479777e-02 3.255275264382e-02 5.664274096489e-02 6.703890860081e-02 6.662806868553e-02 5.820723623037e-02 8.005550503731e-02 4.923370853066e-02 4.590842127800e-02 5.945212393999e-02 6.966521590948e-02 5.325760692358e-02 6.764934211969e-02 8.336170017719e-02 9.880822896957e-02 1.160071790218e-01 1.475835442543e-01 1.118761971593e-01 1.246500462294e-01 1.393948942423e-01 1.321175545454e-01 1.895006597042e-01 1.763124018908e-01 2.551681995392e-01 2.597005665302e-01
1.660870015621e-02 3.460248932242e-02 4.151497036219e-02 4.891928285360e-02 4.999956488609e-02 5.554127693176e-02 5.868199095130e-02 5.060762912035e-02 4.536411911249e-02 4.342941194773e-02 4.059480130672e-02 3.756014630198e-02 3.549493104219e-02 3.332699462771e-02 3.607369214296e-02 3.079343959689e-02 2.191439829767e-02 2.592331729829e-02 2.729805000126e-02 3.723832219839e-02 3.490358591080e-02 5.782805383205e-02 6.224431470037e-02 6.689519435167e-02 7.812062650919e-02 8.829282224178e-02 9.617857635021e-02 1.001693457365e-01 1.023896858096e-01 1.103212460876e-01 1.120703294873e-01 1.178706064820e-01 1.252265423536e-01 1.040492728353e-01 8.955117315054e-02 1.258116364479e-01 1.514698565006e-01 2.325958907604e-01 2.786740660667e-01 2.576707005501e-01 2.454161345959e-01 2.548410594463e-01 2.119293510914e-01
1.614305377007e-02 3.389000892639e-02 3.855068981647e-02 4.276817664504e-02 4.844625294209e-02 4.954166337848e-02 4.554637521505e-02 3.688548877835e-02 3.483086451888e-02 4.161689057946e-02 4.883821308613e-02 4.633899778128e-02 3.505473956466e-02 2.287113480270e-02 2.453022822738e-02 1.417302340269e-02 8.238046430051e-03 9.101184085011e-03 1.212999597192e-02 1.462802290916e-02 4.351475089788e-02 7.661156356335e-02 6.553687900305e-02 8.250608295202e-02 7.931589335203e-02 9.779708087444e-02 1.009614169598e-01 9.558914601803e-02 8.914164453745e-02 1.020421758294e-01 1.083125844598e-01 1.399455666542e-01 1.789745986462e-01 1.950545758009e-01 1.666748821735e-01 1.412824094296e-01 1.565868556499e-01 1.119815483689e-01 1.706459969282e-01 1.742533892393e-01 2.722522616386e-01 2.561072111130e-01 2.758319079876e-01
4.347533453256e-03 8.739142678678e-03 9.227068163455e-03 9.935203939676e-03 1.378687005490e-02 1.926372945309e-02 2.532614953816e-02 2.723262272775e-02 2.636625245214e-02 2.433539740741e-02 2.498426847160e-02 3.174841776490e-02 3.169111907482e-02 2.577267959714e-02 1.664031855762e-02 1.296966057271e-02 6.661778315902e-03 5.663852673024e-03 6.310069467872e-03 1.347265578806e-02 3.016337379813e-02 6.393087655306e-02 1.596348136663e-01 1.501814574003e-01 1.349261254072e-01 1.267099827528e-01 1.221144646406e-01 1.187228783965e-01 1.258576363325e-01 1.453917026520e-01 1.627404242754e-01 1.842679977417e-01 3.171370923519e-01 1.769607365131e-01 3.985462784767e-01 2.714641094208e-01 2.164081186056e-01 2.335320711136e-01 2.891976237297e-01 3.360051512718e-01 3.555529713631e-01 3.343135714531e-01 3.357699513435e-01
3.948003053665e-03 7.627285551280e-03 8.307091891766e-03 8.323009125888e-03 1.395953260362e-02 2.067735418677e-02 2.154469490051e-02 1.757737435400e-02 1.297386549413e-02 1.057535968721e-02 1.341729518026e-02 1.665217988193e-02 1.593602076173e-02 1.279861107469e-02 9.416641667485e-03 6.672285497189e-03 4.833525512367e-03 3.550240071490e-03 3.674959065393e-03 1.198363676667e-02 3.835734352469e-02 6.629144400358e-02 6.530337035656e-02 1.378325968981e-01 3.328503668308e-01 1.686424612999e-01 1.051407754421e-01 9.522783011198e-02 9.915570914745e-02 1.081724688411e-01 1.859090626240e-01 2.675211429596e-01 1.415855139494e-01 2.111060023308e-01 3.821624815464e-01 6.960838437080e-01 2.845645844936e-01 2.260773777962e-01 2.005766034126e-01 2.206971645355e-01 1.889790892601e-01 3.522941172123e-01 4.114133119583e-01
2.048487775028e-03 4.255495499820e-03 5.102576222271e-03 5.664424039423e-03 7.427947130054e-03 1.194066926837e-02 1.368050742894e-02 1.185883674771e-02 9.175326675177e-03 6.869727279991e-03 5.671863444149e-03 5.416012369096e-03 4.318480845541e-03 3.811710281298e-03 4.549303092062e-03 3.467254573479e-03 3.209186485037e-03 2.698712982237e-03 3.158198436722e-03 4.785145167261e-03 8.169605396688e-03 2.214816026390e-02 2.322387695312e-02 3.149934485555e-02 1.211742237210e-01 1.282396316528e-01 4.780410230160e-02 2.627882733941e-02 2.742401696742e-02 8.822799474001e-02 1.168749853969e-01 1.267065256834e-01 1.322855502367e-01 1.086965650320e-01 1.598082482815e-01 4.600026011467e-01 2.465859055519e-01 1.501755565405e-01 1.051160693169e-01 9.489317238331e-02 8.935416489840e-02 2.337969839573e-01 3.247625231743e-01
9.089508093894e-04 1.814770163037e-03 1.888089114800e-03 2.088738372549e-03 2.632789546624e-03 3.334150183946e-03 3.967556171119e-03 4.318164195865e-03 4.179080948234e-03 3.542687045410e-03 3.016385715455e-03 3.467877861112e-03 3.579256823286e-03 3.308158367872e-03 3.367327386513e-03 3.850672626868e-03 2.926072105765e-03 2.333860844374e-03 2.632747637108e-03 3.898339811713e-03 4.454085603356e-03 8.146204985678e-03 1.416634395719e-02 3.090756945312e-02 7.501248270273e-02 4.664799943566e-02 2.893183566630e-02 2.300405316055e-02 2.205655910075e-02 7.127345539629e-03 6.246023345739e-03 6.790277082473e-03 1.060792058706e-02 2.301831915975e-02 5.345331132412e-02 9.059420824051e-01 1.726119160652e+00 2.308290302753e-01 1.574606597424e-01 8.113704621792e-02 5.717385187745e-02 6.175082921982e-02 1.197292730212e-01
7.336627459154e-04 1.333843800239e-03 1.482859486714e-03 1.483291387558e-03 1.489282585680e-03 1.919226138853e-03 2.520595677197e-03 3.102528396994e-03 3.449199488387e-03 3.378942376003e-03 2.839739201590e-03 2.607874572277e-03 2.832201076671e-03 2.738460665569e-03 2.434750087559e-03 2.986740553752e-03 3.471220843494e-03 2.763337921351e-03 2.137270756066e-03 6.275396794081e-03 7.919876836240e-03 5.996597465128e-03 7.962918840349e-03 1.398083288223e-02 2.650870010257e-02 2.633198797703e-01 5.715966969728e-02 5.064012855291e-02 2.141328714788e-02 4.225404467434e-03 3.697572043166e-03 3.873295616359e-03 4.511939361691e-03 5.561061669141e-03 7.466272916645e-03 4.006062075496e-02 2.791134715080e-01 7.157644629478e-01 1.834017783403e-01 1.031198650599e-01 2.955329976976e-02 1.908739097416e-02 2.094055525959e-02
6.838052067906e-04 1.627850579098e-03 2.200844231993e-03 2.539848210290e-03 2.644831780344e-03 2.440121490508e-03 2.168946433812e-03 1.980191329494e-03 2.472227904946e-03 2.835640683770e-03 2.828083001077e-03 2.448020502925e-03 2.114273374900e-03 2.633541822433e-03 2.750042360276e-03 2.457434078678e-03 2.862830879167e-03 3.698839107528e-03 2.921755192801e-03 6.160415243357e-03 6.540660280734e-03 5.589895881712e-03 6.223652511835e-03 6.744335405529e-03 1.538220234215e-02 5.349534004927e-02 5.531520023942e-02 1.417187042534e-02 6.593740079552e-03 4.090534057468e-03 3.066204255447e-03 2.618476049975e-03 2.583470661193e-03 3.241570433602e-03 4.210444167256e-03 1.428244169801e-02 7.298724353313e-02 2.589031159878e-01 3.129695355892e-01 4.826711490750e-02 2.079124376178e-02 1.340620871633e-02 1.268943864852e-02
1.035908935592e-03 2.438221359625e-03 3.115501720458e-03 3.502520732582e-03 3.597811330110e-03 3.437576582655e-03 3.226323053241e-03 2.901775529608e-03 2.503421157598e-03 2.045606495813e-03 2.270248718560e-03 2.385777421296e-03 2.285608556122e-03 2.672479255125e-03 3.065610304475e-03 2.896019723266e-03 2.442461904138e-03 3.883320372552e-03 4.147190134972e-03 1.088676508516e-02 6.976509466767e-03 5.023807752877e-03 3.400137182325e-03 3.512441879138e-03 6.609035655856e-03 4.796993732452e-02 6.749846786261e-02 1.283417455852e-02 8.418180048466e-03 4.280366934836e-03 2.651174785569e-03 1.835869974457e-03 1.632410334423e-03 1.717879669741e-03 2.638245467097e-03 4.384925588965e-03 2.959060110152e-02 9.144791215658e-02 2.431834787130e-01 1.180893927813e-01 5.629177391529e-02 1.118024997413e-02 9.476181119680e-03
7.082202355377e-04 1.544018858112e-03 1.925315824337e-03 2.112353686243e-03 2.048221649602e-03 2.052895491943e-03 2.296000486240e-03 2.566315466538e-03 2.820409834385e-03 2.824137918651e-03 2.431964967400e-03 1.837932271883e-03 2.165521262214e-03 2.373210387304e-03 2.379660494626e-03 2.390310401097e-03 2.496253466234e-03 4.092861898243e-03 5.641167517751e-03 9.398527443409e-03 7.225689012557e-03 5.678032990545e-03 2.795554231852e-03 2.794624073431e-03 5.621617659926e-03 1.763381063938e-02 1.495655067265e-02 9.958831593394e-03 7.878584787250e-03 4.379365127534e-03 2.434226218611e-03 2.004433423281e-03 1.768039190210e-03 1.728013041429e-03 2.207363955677e-03 3.736002370715e-03 7.858263328671e-03 3.944788873196e-02 4.644681885839e-02 2.827175147831e-02 1.701165735722e-02 8.541778661311e-03 7.736083120108e-03
6.654335302301e-04 1.208785222843e-03 1.792986993678e-03 2.287926152349e-03 2.728533232585e-03 3.223526990041e-03 3.766892012209e-03 4.354377277195e-03 4.897486418486e-03 5.052957683802e-03 4.517879337072e-03 3.357162000611e-03 2.162061631680e-03 2.246684161946e-03 2.766971476376e-03 3.005753038451e-03 3.744201269001e-03 4.338748287410e-03 5.089221522212e-03 8.905705995858e-03 6.367686204612e-03 4.212922416627e-03 2.234523184597e-03 2.174277091399e-03 4.071478266269e-03 4.725452978164e-03 5.458669736981e-02 6.820268929005e-03 6.438571959734e-03 3.870919579640e-03 2.253615763038e-03 1.805415842682e-03 1.722843386233e-03 1.819686964154e-03 2.341088838875e-03 3.185289679095e-03 5.310132633895e-03 6.543056108057e-03 1.374414935708e-02 1.822459697723e-02 1.138793490827e-02 6.844280287623e-03 8.818996138871e-03
6.622113869525e-04 1.198095385917e-03 1.645590411499e-03 2.033003838733e-03 2.424011472613e-03 2.901725005358e-03 3.406343283132e-03 3.915402572602e-03 4.391665104777e-03 4.649742972106e-03 4.408024251461e-03 4.781598225236e-03 4.985075443983e-03 4.993954207748e-03 4.764655604959e-03 4.320980515331e-03 5.139964167029e-03 3.738230559975e-03 5.055997520685e-03 1.609893329442e-02 5.910066887736e-03 2.965855412185e-03 2.095764968544e-03 1.755826873705e-03 2.423843601719e-03 5.829204339534e-03 2.065961807966e-02 5.315861664712e-03 6.830163765699e-03 2.889773575589e-03 2.130009001121e-03 1.630582730286e-03 1.651328871958e-03 1.877187169157e-03 2.477811882272e-03 2.946666209027e-03 3.280636388808e-03 5.290295928717e-03 1.158757228404e-02 1.354804635048e-02 8.428487926722e-03 6.256896071136e-03 8.163739927113e-03
