VariationalSeries/SI/f84_max.grd
DSAA
101	101
32.816463539100	34.260883539100
35.556306596100	36.727886596100
1.394780429109e-05	2.298790931702e+00
[rows 57 to 75 of 101, columns 0 to 42 of 101]
7.724610622972e-04 1.268824678846e-03 1.376755419187e-03 1.378162298352e-03 1.457934151404e-03 1.782922190614e-03 1.996034989133e-03 2.188437385485e-03 2.368492772803e-03 2.420713426545e-03 2.329112961888e-03 3.267271677032e-03 5.596593022346e-03 3.059218171984e-03 2.223972696811e-03 3.352395258844e-03 3.002171404660e-03 3.364584641531e-03 4.067203029990e-03 4.240216687322e-03 4.361301194876e-03 3.263226244599e-03 2.271827077493e-03 1.998054562137e-03 2.167191822082e-03 3.001522039995e-03 4.795754328370e-03 5.947990342975e-03 4.642343614250e-03 2.712517278269e-03 2.122365403920e-03 1.673933584243e-03 1.753735472448e-03 2.104035811499e-03 2.491119783372e-03 3.199016442522e-03 3.687059506774e-03 3.974506165832e-03 6.560527253896e-03 8.607855997980e-03 7.383764255792e-03 6.548246368766e-03 7.360191550106e-03
9.759049862623e-04 1.597424736246e-03 1.824735198170e-03 1.851948676631e-03 1.831809757277e-03 1.781811704859e-03 1.779250567779e-03 1.863280544057e-03 1.940873102285e-03 3.159092040733e-03 1.024806313217e-02 1.186581701040e-02 4.433251451701e-03 2.293731318787e-03 2.303179819137e-03 2.147910185158e-03 2.324447268620e-03 2.315038349479e-03 2.639834769070e-03 3.346930025145e-03 4.056509118527e-03 4.335202742368e-03 3.031162545085e-03 1.908479491249e-03 2.197750611231e-03 3.352815750986e-03 5.062968935817e-03 5.423732101917e-03 5.495164077729e-03 3.495490178466e-03 2.106171101332e-03 1.912880339660e-03 1.834288123064e-03 2.191239036620e-03 2.587501658127e-03 2.678680466488e-03 2.753291279078e-03 2.874020254239e-03 2.899930113927e-03 3.129953052849e-03 3.775346791372e-03 5.164254456758e-03 5.946974735707e-03
1.305481186137e-03 2.146341139451e-03 2.483283868060e-03 3.538353368640e-03 4.543244373053e-03 5.766266956925e-03 7.588515523821e-03 1.107107661664e-02 2.032202295959e-02 2.870061434805e-02 1.908877678216e-02 4.858580883592e-03 3.283055499196e-03 2.872478682548e-03 2.089024055749e-03 2.193530090153e-03 2.318410901353e-03 2.281042514369e-03 2.176233101636e-03 2.321331063285e-03 3.915176261216e-03 4.438871983439e-03 3.147985320538e-03 1.809188164771e-03 1.420663436875e-03 2.190825529397e-03 3.106398973614e-03 3.198818536475e-03 3.349169157445e-03 2.724740887061e-03 1.901253126562e-03 1.998352585360e-03 1.891965046525e-03 2.123556798324e-03 2.563063520938e-03 2.656182507053e-03 2.530474914238e-03 2.319819759578e-03 2.144840313122e-03 2.401163568720e-03 3.061727155000e-03 3.925513941795e-03 5.185291636735e-03
1.275798189454e-03 2.299406798556e-03 4.010706208646e-03 5.729803815484e-03 7.252320181578e-03 9.604534134269e-03 1.397786010057e-02 2.088077552617e-02 2.098992653191e-02 9.710012003779e-03 2.344933571294e-03 2.734393812716e-03 2.973881782964e-03 2.642447594553e-03 2.368117449805e-03 2.485887613147e-03 2.490665996447e-03 2.389363013208e-03 1.860251300968e-03 1.815031166188e-03 2.819673623890e-03 3.147281939164e-03 2.335673896596e-03 1.460707047954e-03 1.121788402088e-03 1.211606431752e-03 1.624583732337e-03 2.009149873629e-03 2.363351406530e-03 2.044508000836e-03 1.870371866971e-03 1.746632740833e-03 1.864471938461e-03 2.065261825919e-03 2.478461945429e-03 2.540124580264e-03 2.298214240000e-03 1.967010088265e-03 1.809945679270e-03 2.011849544942e-03 2.963102189824e-03 3.726214170456e-03 4.744186997414e-03
7.728787604719e-04 1.347321318462e-03 1.647109980695e-03 1.733723445795e-03 1.736758742481e-03 1.728967647068e-03 1.713550649583e-03 1.676505780779e-03 1.644151518121e-03 1.607684418559e-03 1.508167944849e-03 1.590166240931e-03 1.739240833558e-03 2.225286792964e-03 2.502691699192e-03 2.613854827359e-03 2.515217754990e-03 2.231011865661e-03 1.647391705774e-03 1.312881824560e-03 1.577657298185e-03 1.638052286580e-03 1.292275381275e-03 9.576780721545e-04 8.431069436483e-04 9.251731098630e-04 1.187728135847e-03 1.428214483894e-03 1.699927379377e-03 1.830276567489e-03 1.732251956128e-03 1.547829946503e-03 1.792454859242e-03 2.170149236917e-03 2.590131713077e-03 2.505761105567e-03 2.080491045490e-03 1.648660749197e-03 1.834396971390e-03 2.054040785879e-03 3.055091947317e-03 3.793981857598e-03 4.471288528293e-03
3.629295679275e-04 6.765509606339e-04 8.775157039054e-04 9.692409657873e-04 1.004867721349e-03 1.034066663124e-03 1.061921124347e-03 1.082390896045e-03 1.114580663852e-03 1.146848197095e-03 1.123736030422e-03 1.056257286109e-03 1.076315646060e-03 1.428934861906e-03 1.681173802353e-03 1.769709633663e-03 1.609881059267e-03 1.432061428204e-03 1.209270209074e-03 1.026392797939e-03 8.401615195908e-04 7.846176158637e-04 6.475490517914e-04 7.195477955975e-04 8.488283492625e-04 8.926783339120e-04 9.850284550339e-04 1.186896464787e-03 1.438943785615e-03 1.574333757162e-03 1.551119959913e-03 1.464609871618e-03 1.790313981473e-03 2.404287224635e-03 2.793759340420e-03 2.521499292925e-03 1.890171202831e-03 1.624492229894e-03 1.880198833533e-03 2.207097131759e-03 2.964408369735e-03 3.340668976307e-03 3.854275215417e-03
2.498200628906e-04 4.207678139210e-04 5.225475761108e-04 5.948003381491e-04 6.399590638466e-04 6.793850916438e-04 7.171797333285e-04 7.487903349102e-04 7.866931846365e-04 8.255006978288e-04 8.306428790092e-04 8.038965752348e-04 7.732707890682e-04 7.458600448444e-04 7.526107365265e-04 8.536744280718e-04 9.003052837215e-04 8.881271933205e-04 8.149596396834e-04 7.780941668898e-04 6.697580101900e-04 6.285011768341e-04 5.537914694287e-04 7.328601786867e-04 9.035103721544e-04 9.897591080517e-04 9.841077262536e-04 9.748382726684e-04 1.188519177958e-03 1.321901450865e-03 1.353813684545e-03 1.345638418570e-03 1.817954238504e-03 2.544126473367e-03 2.807020908222e-03 2.342277904972e-03 1.654593972489e-03 1.633392763324e-03 1.965961651877e-03 2.207776065916e-03 2.554526552558e-03 2.940296893939e-03 3.019894473255e-03
2.020679239649e-04 3.441962180659e-04 4.339083097875e-04 4.772283427883e-04 5.081233684905e-04 5.343075608835e-04 5.535291275010e-04 5.571682122536e-04 5.762567161582e-04 5.985415773466e-04 6.032662349753e-04 5.931622581556e-04 5.830996669829e-04 5.698096938431e-04 5.918464157730e-04 6.800778210163e-04 7.228668546304e-04 7.132473401725e-04 6.595897139050e-04 6.155337323435e-04 6.506486679427e-04 6.318919477053e-04 5.501583218575e-04 7.315902621485e-04 9.232086595148e-04 1.040339819156e-03 1.054110354744e-03 1.020814059302e-03 1.046408666298e-03 1.146817812696e-03 1.194284996018e-03 1.256886054762e-03 1.808498753235e-03 2.489042002708e-03 2.562606940046e-03 2.014914993197e-03 1.534270821139e-03 1.689410768449e-03 2.058868296444e-03 2.174728782848e-03 2.264537150040e-03 2.449394669384e-03 2.249101642519e-03
1.942392991623e-04 3.111829282716e-04 3.947773366235e-04 4.333184042480e-04 4.498683265410e-04 4.640853148885e-04 4.690812202170e-04 4.617960075848e-04 4.639342951123e-04 4.698024422396e-04 4.738745628856e-04 4.918706254102e-04 5.060651456006e-04 5.175580154173e-04 5.312192370184e-04 5.523045547307e-04 5.905103171244e-04 5.981082795188e-04 6.037690327503e-04 5.804721149616e-04 5.976376705803e-04 6.248220452107e-04 5.547250621021e-04 6.930540548638e-04 8.759222691879e-04 9.975894354284e-04 1.018853392452e-03 9.975869907066e-04 1.052405103110e-03 1.082860399038e-03 1.103132497519e-03 1.175651908852e-03 1.696496037766e-03 2.234569285065e-03 2.170469611883e-03 1.731487340294e-03 1.504075946286e-03 1.811291091144e-03 2.084457781166e-03 2.034098608419e-03 1.970293698832e-03 1.986716408283e-03 1.830914290622e-03
1.819634926505e-04 2.888804301620e-04 3.624890232459e-04 3.951043472625e-04 4.090147267561e-04 4.192590422463e-04 4.202961572446e-04 4.110134905204e-04 4.118166398257e-04 4.428478423506e-04 4.695587849710e-04 4.936186014675e-04 5.148784839548e-04 5.327165708877e-04 5.488732131198e-04 5.645095952787e-04 5.760404164903e-04 5.777817568742e-04 5.662388284691e-04 5.518847028725e-04 5.531382048503e-04 6.029273499735e-04 5.699901375920e-04 6.287446012720e-04 7.837581215426e-04 8.914667996578e-04 1.031801104546e-03 1.126384944655e-03 1.130609773099e-03 1.093916594982e-03 1.069387188181e-03 1.095141400583e-03 1.491215778515e-03 1.861872966401e-03 1.783111016266e-03 1.544555649161e-03 1.624572090805e-03 1.843266189098e-03 1.971399411559e-03 1.787982764654e-03 1.650913967751e-03 1.568912528455e-03 1.566497841850e-03
1.678382541286e-04 2.660079917405e-04 3.332434862386e-04 3.643598174676e-04 3.774575015996e-04 3.830452333204e-04 3.801143029705e-04 3.786969755311e-04 3.860530850943e-04 4.191414045636e-04 4.489356069826e-04 4.768441140186e-04 5.024612764828e-04 5.239017773420e-04 5.404932890087e-04 5.512403440662e-04 5.525480373763e-04 5.980419227853e-04 6.106520886533e-04 5.666950019076e-04 5.173619720154e-04 5.531975184567e-04 5.646167555824e-04 5.650932434946e-04 6.896347622387e-04 7.789980154485e-04 9.412433137186e-04 1.093780039810e-03 1.129807438701e-03 1.092646270990e-03 1.048117061146e-03 1.033580047078e-03 1.190456678160e-03 1.444724272005e-03 1.418104162440e-03 1.310603809543e-03 1.405117218383e-03 1.562118297443e-03 1.615838846192e-03 1.405898598023e-03 1.293861307204e-03 1.199504244141e-03 1.181425875984e-03
1.559312077006e-04 2.475450746715e-04 3.113681450486e-04 3.423391608521e-04 3.536229196470e-04 3.542369813658e-04 3.484715125524e-04 3.502352628857e-04 3.641925286502e-04 3.782705753110e-04 4.081622173544e-04 4.371135146357e-04 4.639010294341e-04 4.864430811722e-04 5.027292645536e-04 5.248141242191e-04 5.752846482210e-04 6.475680274889e-04 6.795485969633e-04 6.611658609472e-04 6.052024546079e-04 5.383968818933e-04 5.533971125260e-04 5.604140460491e-04 6.143805803731e-04 6.861605215818e-04 7.071993313730e-04 8.513774373569e-04 9.634016314521e-04 9.974534623325e-04 9.852885268629e-04 9.965829085559e-04 1.027484657243e-03 1.065216143616e-03 1.052171224728e-03 1.017509843223e-03 1.078884233721e-03 1.253745402209e-03 1.334905391559e-03 1.097403350286e-03 9.806575253606e-04 8.756572497077e-04 9.631284046918e-04
1.473089650972e-04 2.345465763938e-04 2.961671270896e-04 3.255126648583e-04 3.332608612254e-04 3.304867132101e-04 3.246769774705e-04 3.240608202759e-04 3.349140461069e-04 3.492346440908e-04 3.547705127858e-04 3.828724147752e-04 4.086996777914e-04 4.308273200877e-04 4.509572463576e-04 5.005144048482e-04 5.851124878973e-04 6.676282500848e-04 7.236072560772e-04 7.405252545141e-04 7.203284767456e-04 6.774739013053e-04 6.258073844947e-04 5.782397347502e-04 5.564075545408e-04 6.147715612315e-04 6.269444711506e-04 6.006562034599e-04 7.314874674194e-04 8.394618052989e-04 9.107900550589e-04 9.634965099394e-04 9.957832517102e-04 9.668743587099e-04 8.648208458908e-04 8.444248815067e-04 9.500780724920e-04 1.188997994177e-03 1.378779183142e-03 1.238682190888e-03 9.118346497416e-04 8.151225047186e-04 9.266434935853e-04
1.441809145035e-04 2.292027347721e-04 2.883337729145e-04 3.142237255815e-04 3.182190412190e-04 3.136111190543e-04 3.120069450233e-04 3.162114880979e-04 3.136314917356e-04 3.167055256199e-04 3.249769797549e-04 3.591423446778e-04 3.950188111048e-04 4.322315799072e-04 4.651531635318e-04 5.117444088683e-04 5.950017948635e-04 6.793621578254e-04 7.553089526482e-04 8.024157141335e-04 8.105867891572e-04 7.906242972240e-04 7.565526757389e-04 7.217747624964e-04 7.013726281002e-04 6.882453453727e-04 6.630406132899e-04 6.252150051296e-04 7.242920110002e-04 8.125542080961e-04 8.784789824858e-04 9.386535966769e-04 9.706255514175e-04 9.068507351913e-04 8.628898067400e-04 8.848595898598e-04 9.571489645168e-04 1.148498733528e-03 1.327554346062e-03 1.204320462421e-03 9.304953273386e-04 8.117107790895e-04 9.236366022378e-04
1.466042449465e-04 2.318453189218e-04 2.890440810006e-04 3.116913721897e-04 3.129183896817e-04 3.064777702093e-04 3.071514947806e-04 3.080357273575e-04 3.147846437059e-04 3.164596273564e-04 3.365035518073e-04 3.703240654431e-04 4.033896839246e-04 4.348719667178e-04 4.603287088685e-04 5.268457462080e-04 6.211526924744e-04 7.103615207598e-04 7.966098492034e-04 8.592136437073e-04 8.797217742540e-04 8.667427464388e-04 8.347061811946e-04 7.948217098601e-04 7.619904936291e-04 7.294392562471e-04 6.748829036951e-04 6.182617507875e-04 7.096181507222e-04 7.864857907407e-04 8.524540462531e-04 9.160884073935e-04 9.373248321936e-04 8.615707047284e-04 8.749526459724e-04 9.034645627253e-04 9.787529706955e-04 1.113060745411e-03 1.199127407745e-03 1.054571825080e-03 8.654451230541e-04 7.536625489593e-04 8.571865037084e-04
1.503920502728e-04 2.371048321947e-04 2.934100048151e-04 3.141405759379e-04 3.137418534607e-04 3.118834865745e-04 3.250912413932e-04 3.343052230775e-04 3.395424282644e-04 3.403535520192e-04 3.373574581929e-04 3.559497708920e-04 3.929250233341e-04 4.396225267556e-04 4.547021817416e-04 5.162293091416e-04 6.356321973726e-04 7.386649376713e-04 8.203425677493e-04 8.717901073396e-04 8.832833846100e-04 8.596081170253e-04 8.152103982866e-04 7.631146581843e-04 7.142352988012e-04 6.650032009929e-04 5.954032531008e-04 6.176715833135e-04 6.961644394323e-04 7.654154323973e-04 8.284338400699e-04 8.810373838060e-04 8.814358152449e-04 8.121355785988e-04 8.905090508051e-04 1.111803459935e-03 1.051766797900e-03 1.105385599658e-03 1.064595300704e-03 9.025271865539e-04 7.831422844902e-04 6.855948595330e-04 7.778528379276e-04
1.482759107603e-04 2.330085990252e-04 2.866428112611e-04 3.057745052502e-04 3.052481624763e-04 3.131371049676e-04 3.216629556846e-04 3.258254728280e-04 3.269064472988e-04 3.249607398175e-04 3.252892056480e-04 3.651461156551e-04 4.249621706549e-04 4.759405564982e-04 4.911602591164e-04 4.804647760466e-04 6.077411817387e-04 7.130709709600e-04 7.724437164143e-04 7.933484157547e-04 7.822996121831e-04 7.399211754091e-04 6.834733067080e-04 6.345006404445e-04 5.948010948487e-04 5.520962295122e-04 5.541477585211e-04 6.126814405434e-04 6.820733542554e-04 7.443292415701e-04 7.986066048034e-04 8.287103846669e-04 8.056514197960e-04 7.788437651470e-04 9.287147549912e-04 9.932033717632e-04 1.015055458993e-03 1.110530225560e-03 1.076570362784e-03 8.824442047626e-04 7.609923486598e-04 6.994861760177e-04 7.552534807473e-04
1.357543224003e-04 2.119687851518e-04 2.592080563772e-04 2.758210757747e-04 2.927528694272e-04 3.054812841583e-04 2.999932621606e-04 2.870231983252e-04 2.836704661604e-04 3.033797838725e-04 3.313518827781e-04 3.831505018752e-04 4.529652651399e-04 5.057799280621e-04 5.205188062973e-04 5.117983673699e-04 5.563811864704e-04 6.459229625762e-04 6.793800275773e-04 6.719056982547e-04 6.384766311385e-04 5.793701275252e-04 5.561553407460e-04 6.586097879335e-04 6.680020596832e-04 6.404721643776e-04 6.275022751652e-04 6.299176602624e-04 6.632398581132e-04 7.174279890023e-04 7.552405586466e-04 7.564141415060e-04 7.103249663487e-04 7.193437195383e-04 8.462755940855e-04 1.203764113598e-03 1.032368978485e-03 1.447619288228e-03 1.284577301703e-03 1.080839196220e-03 9.162663482130e-04 7.543829851784e-04 8.506831363775e-04
1.405167568009e-04 2.071307681035e-04 2.541917201597e-04 2.937667304650e-04 3.236708871555e-04 3.307386941742e-04 3.211421717424e-04 3.030586813111e-04 2.819860237651e-04 3.062345494982e-04 3.394817176741e-04 4.022748616990e-04 4.795097338501e-04 5.332934088074e-04 5.478027742356e-04 5.392011371441e-04 5.107664037496e-04 5.882002296858e-04 6.107484805398e-04 6.439728895202e-04 8.745187660679e-04 8.016288047656e-04 6.038909195922e-04 6.870141369291e-04 6.670705042779e-04 6.146068335511e-04 5.837403004989e-04 5.849194130860e-04 6.405949243344e-04 6.823986768723e-04 6.969012320042e-04 6.695758202113e-04 6.086747162044e-04 6.462383898906e-04 7.167650037445e-04 1.069995807484e-03 1.341109978966e-03 2.102466998622e-03 1.944640185684e-03 1.280362601392e-03 9.750677272677e-04 8.978666737676e-04 1.105170696974e-03
