VariationalSeries/SI/f84_max.grd
DSAA
101	101
32.816463539100	34.260883539100
35.556306596100	36.727886596100
1.394780429109e-05	2.298790931702e+00
[rows 76 to 94 of 101, columns 0 to 42 of 101]
1.471309369663e-04 2.128661290044e-04 2.802372036967e-04 3.319362294860e-04 3.567971580196e-04 3.591454296838e-04 3.469981020316e-04 3.276316856500e-04 3.056007844862e-04 3.293904592283e-04 3.724898269866e-04 4.466920509003e-04 5.290291155688e-04 5.818179342896e-04 5.924055003561e-04 5.750561249442e-04 5.236926372163e-04 5.579000571743e-04 5.743932561018e-04 6.138061289676e-04 8.472388144583e-04 8.287914679386e-04 5.433547776192e-04 5.899195675738e-04 5.466832080856e-04 5.025574355386e-04 5.130484933034e-04 5.705467774533e-04 6.428154883906e-04 6.794497603551e-04 6.542212213390e-04 6.161295459606e-04 5.989712080918e-04 5.913205677643e-04 6.502808537334e-04 7.816941943020e-04 1.510849571787e-03 1.800981233828e-03 1.695250160992e-03 1.196827972308e-03 1.179075567052e-03 1.957789994776e-03 3.411499783397e-03
1.480669889133e-04 2.394871553406e-04 3.179791674484e-04 3.668749413919e-04 3.864203172270e-04 3.845322353300e-04 3.693292965181e-04 3.468231589068e-04 3.597039321903e-04 3.993971331511e-04 4.596991348080e-04 5.435773055069e-04 6.211587460712e-04 6.589415133931e-04 6.487351492979e-04 6.017053965479e-04 5.125394091010e-04 5.269909161143e-04 5.291590350680e-04 4.710516368505e-04 4.834200954065e-04 5.068415193819e-04 4.427705134731e-04 5.336081376299e-04 5.654128035530e-04 5.187318893149e-04 5.580026772805e-04 6.721022073179e-04 7.460298947990e-04 7.546130218543e-04 7.039199699648e-04 6.459496798925e-04 6.411374197342e-04 6.275913910940e-04 7.633802597411e-04 8.197638089769e-04 1.353879226372e-03 1.513591036201e-03 1.665658550337e-03 1.886475598440e-03 3.903693053871e-03 5.093647167087e-03 4.823891445994e-03
1.577453076607e-04 2.517018874642e-04 3.279414959252e-04 3.711856552400e-04 3.850356733892e-04 3.786714223679e-04 3.594384470489e-04 3.916054265574e-04 4.413562710397e-04 4.938803613186e-04 5.617811111733e-04 6.333803175949e-04 6.796360830776e-04 6.783017888665e-04 6.297137006186e-04 5.467664450407e-04 4.343379987404e-04 4.559710505418e-04 4.415329894982e-04 3.871452936437e-04 3.533125272952e-04 3.964778443333e-04 4.798536829185e-04 6.397086544894e-04 6.736651412211e-04 6.081081810407e-04 7.461573695764e-04 8.094632648863e-04 8.279209141620e-04 8.096824167296e-04 7.570370798931e-04 7.016860181466e-04 6.681824452244e-04 7.680839044042e-04 9.900215081871e-04 1.277893316001e-03 1.682523870841e-03 2.090447349474e-03 1.752368756570e-03 4.593669902533e-03 5.298374686390e-03 5.112447310239e-03 5.048235412687e-03
1.425326918252e-04 2.253400889458e-04 2.905845758505e-04 3.256243071519e-04 3.345441364218e-04 3.253383620176e-04 3.723475383595e-04 4.238288092893e-04 4.650497867260e-04 5.060025141574e-04 5.490065086633e-04 5.808988353238e-04 5.844082334079e-04 5.500883562490e-04 4.857890016865e-04 4.062353691552e-04 3.800567064900e-04 3.666140255518e-04 3.426437615417e-04 3.150460834149e-04 3.271129389759e-04 3.642800438683e-04 5.759363994002e-04 7.834849529900e-04 8.472576155327e-04 8.902514819056e-04 9.159966139123e-04 9.230502182618e-04 8.695780416019e-04 8.177544223145e-04 7.738409331068e-04 7.346245110966e-04 8.149140048772e-04 9.650071733631e-04 1.231055473909e-03 1.418944564648e-03 1.383787021041e-03 2.262719441205e-03 2.639564219862e-03 3.897594055161e-03 4.530747421086e-03 4.559522029012e-03 4.636691883206e-03
1.181419502245e-04 1.891952706501e-04 2.306943642907e-04 2.517180400901e-04 2.584415778983e-04 2.998903801199e-04 3.445073089097e-04 3.719612723216e-04 3.846325853374e-04 3.959129971918e-04 4.090261936653e-04 4.167822480667e-04 4.086168773938e-04 3.781002014875e-04 3.892332315445e-04 3.983504138887e-04 3.940291644540e-04 3.737281076610e-04 3.418806882109e-04 3.096385044046e-04 3.080196038354e-04 3.796042292379e-04 6.484671030194e-04 8.912230841815e-04 1.010121311992e-03 1.071854145266e-03 1.080108340830e-03 1.109223347157e-03 1.080679125153e-03 9.300615056418e-04 7.997186621651e-04 7.673908839934e-04 8.968652109616e-04 9.792235214263e-04 1.036140485667e-03 1.111875404604e-03 1.478212187067e-03 2.183485077694e-03 2.885111607611e-03 2.928700065240e-03 4.580847453326e-03 5.505858920515e-03 4.319898318499e-03
1.612019405002e-04 2.439836534904e-04 2.952037611976e-04 3.178139450029e-04 3.310195752420e-04 3.370061749592e-04 3.390059282538e-04 3.368278266862e-04 3.304380807094e-04 3.216089971829e-04 3.355518856551e-04 3.646432305686e-04 3.899233997799e-04 4.117782809772e-04 4.271680081729e-04 4.310090735089e-04 4.188528400846e-04 3.893711837009e-04 3.485881898087e-04 3.404171729926e-04 3.233082243241e-04 4.092157178093e-04 6.681280792691e-04 9.196061291732e-04 2.283642766997e-03 6.755574140698e-03 7.188779767603e-03 3.237774362788e-03 1.883935881779e-03 1.485571148805e-03 1.054663211107e-03 8.116148528643e-04 9.507275535725e-04 1.247682957910e-03 1.013668370433e-03 1.206075074151e-03 1.336646615528e-03 2.253698185086e-03 3.938550129533e-03 3.852652153000e-03 4.269925411791e-03 5.650138482451e-03 7.773354649544e-03
2.281518100062e-04 3.369458136149e-04 4.020203195978e-04 4.365289059933e-04 4.461624193937e-04 4.436596645974e-04 4.347376816440e-04 4.211293417029e-04 4.038484476041e-04 3.882703604177e-04 4.564859555103e-04 5.244569620118e-04 5.834574694745e-04 6.238727364689e-04 6.374439108185e-04 6.202869699337e-04 5.726806703024e-04 4.980994854122e-04 4.612654447556e-04 4.384657659102e-04 4.105267580599e-04 4.767351492774e-04 6.681142258458e-04 1.496644224972e-03 6.323841866106e-03 1.819748058915e-02 1.989501155913e-02 1.000801287591e-02 4.338683560491e-03 2.131259534508e-03 1.376550761051e-03 1.036505447701e-03 9.380716946907e-04 1.329991267994e-03 1.446770154871e-03 1.500733778812e-03 1.343082170933e-03 2.029872732237e-03 4.642914980650e-03 6.980579812080e-03 4.608792718500e-03 4.459086339921e-03 9.885358624160e-03
2.865614660550e-04 4.091073351447e-04 4.894271260127e-04 5.204955232330e-04 5.191075615585e-04 5.020181997679e-04 4.775232810061e-04 4.647104069591e-04 5.448528681882e-04 6.647274130955e-04 7.884697988629e-04 9.053488029167e-04 1.004816382192e-03 1.083259703591e-03 1.137343584560e-03 1.156880520284e-03 1.126958406530e-03 1.030148938298e-03 8.498866227455e-04 6.326364236884e-04 5.849044537172e-04 5.976617103443e-04 1.313577755354e-03 2.383020240813e-03 6.867678835988e-03 5.647289752960e-02 1.057292521000e-01 2.298386208713e-02 1.006809994578e-02 3.606562037021e-03 1.684486400336e-03 1.282631652430e-03 1.245432416908e-03 1.731756259687e-03 2.081644488499e-03 2.029969356954e-03 1.676226151176e-03 2.457220572978e-03 3.909112885594e-03 8.568660356104e-03 8.617078885436e-03 4.265050869435e-03 1.028604339808e-02
3.048950457014e-04 4.264298186172e-04 4.983084509149e-04 5.154808750376e-04 4.979777149856e-04 5.187293863855e-04 5.731228739023e-04 6.091233808547e-04 7.284902385436e-04 8.969235350378e-04 1.072609098628e-03 1.239409903064e-03 1.385788782500e-03 1.516392105259e-03 1.641757669859e-03 1.760561484843e-03 1.839935081080e-03 1.807848457247e-03 1.566972467117e-03 1.125421724282e-03 8.643270703033e-04 1.233908580616e-03 2.172525273636e-03 3.081381088123e-03 1.352492999285e-02 3.247762843966e-02 4.138199985027e-02 1.254311669618e-02 4.736016970128e-03 2.863440895453e-03 2.455458277836e-03 3.001489909366e-03 3.875424386933e-03 3.594173351303e-03 2.608951646835e-03 2.580567961559e-03 2.146313665435e-03 2.506806049496e-03 2.758532762527e-03 5.629844963551e-03 7.489814423025e-03 4.824287723750e-03 1.801881007850e-02
4.158261290286e-04 6.583017529920e-04 8.296119631268e-04 9.267502464354e-04 9.806493762881e-04 1.001218450256e-03 9.909794898704e-04 9.541991166770e-04 8.979502017610e-04 9.292684262618e-04 1.121730078012e-03 1.315726898611e-03 1.499953912571e-03 1.676830463111e-03 1.865656115115e-03 2.088136272505e-03 2.304129069671e-03 2.383256563917e-03 2.147345570847e-03 1.974774757400e-03 1.950044417754e-03 2.102019498125e-03 2.704679733142e-03 3.675294807181e-03 6.991357542574e-03 2.577045233920e-03 2.023982349783e-03 2.023396315053e-03 2.203401643783e-03 2.384948544204e-03 2.639418002218e-03 1.847634837031e-02 1.218378357589e-02 9.673285298049e-03 5.834757350385e-03 8.618248626590e-03 7.933249697089e-03 3.729374613613e-03 2.894159406424e-03 3.473806194961e-03 5.179954692721e-03 1.371641363949e-02 2.084488421679e-02
7.627502782270e-04 1.185268978588e-03 1.451451564208e-03 1.558964489959e-03 1.575733884238e-03 1.535733113997e-03 1.456318306737e-03 1.352489343844e-03 1.261139987037e-03 1.308356761001e-03 1.341857248917e-03 1.352919382043e-03 1.438580802642e-03 1.633710926399e-03 1.818211632781e-03 2.025561640039e-03 2.230604412034e-03 3.309838706627e-03 4.274750594050e-03 4.303929861635e-03 4.395382478833e-03 4.349584691226e-03 3.179763676599e-03 3.824920859188e-03 1.896649366245e-03 1.433867844753e-03 1.317180227488e-03 1.141149550676e-03 1.290829735808e-03 1.803930965252e-03 4.054345190525e-03 2.192821726203e-02 1.566700264812e-02 1.076932251453e-02 9.403657168150e-03 1.998737268150e-02 1.907672546804e-02 8.624676615000e-03 6.471960339695e-03 5.987375508994e-03 7.647497579455e-03 1.293932925910e-02 2.319623716176e-02
1.101721776649e-03 1.676402171142e-03 1.972689758986e-03 2.027872717008e-03 2.484256401658e-03 2.671953057870e-03 2.626897068694e-03 2.448997227475e-03 2.209129976109e-03 1.982933841646e-03 2.003997797146e-03 1.960916444659e-03 2.076154807582e-03 2.394378185272e-03 2.622935688123e-03 2.830118639395e-03 3.233519615605e-03 3.560924204066e-03 3.257404081523e-03 3.724313806742e-03 3.905574791133e-03 3.185462206602e-03 2.610005903989e-03 1.493789488450e-03 1.312733860686e-03 1.020363997668e-03 8.458578377031e-04 6.786072044633e-04 6.217839545570e-04 1.106081414036e-03 1.764021813869e-03 9.351305663586e-03 1.236190181226e-02 1.867725513875e-02 1.983045786619e-02 2.561709284782e-02 1.822144538164e-02 8.561703376472e-03 1.344124320894e-02 1.348463259637e-02 9.521569125354e-03 1.249030139297e-02 4.002049192786e-02
1.291454886086e-03 1.945816795342e-03 2.250333549455e-03 2.512374660000e-03 3.047112142667e-03 3.253422677517e-03 3.179664025083e-03 2.945819171146e-03 2.632356714457e-03 2.296181861311e-03 2.033689292148e-03 2.237509004772e-03 2.588284201920e-03 2.971867099404e-03 3.231338923797e-03 3.317517694086e-03 3.110712626949e-03 2.557405969128e-03 2.021033782512e-03 1.747784437612e-03 1.487660571001e-03 1.043131574988e-03 9.321814868599e-04 8.914443315007e-04 7.939421338961e-04 6.476926500909e-04 4.992664325982e-04 4.736558767036e-04 6.039177533239e-04 9.078393923119e-04 1.308875740506e-03 5.186419002712e-03 5.658230744302e-03 1.092979125679e-02 1.267585251480e-02 2.904016897082e-02 2.556511014700e-02 1.338504720479e-02 1.226272713393e-02 5.344896391034e-02 1.257017850876e-01 3.257125616074e-02 2.001435123384e-02
9.633526206017e-04 1.437541563064e-03 1.642223447561e-03 1.663364004344e-03 1.985918032005e-03 2.098836703226e-03 2.039396669716e-03 1.882521202788e-03 1.676547573879e-03 1.458751619793e-03 1.357588102110e-03 1.460374565795e-03 1.516434364021e-03 1.526287291199e-03 1.496279612184e-03 1.519145676866e-03 1.362591050565e-03 1.091564889066e-03 1.271013636142e-03 1.197937992401e-03 9.541522013023e-04 6.955796270631e-04 6.509042577818e-04 5.802345694974e-04 4.851965059061e-04 3.814239462372e-04 4.329394141678e-04 6.023883470334e-04 7.552261231467e-04 1.550698885694e-03 1.962177921087e-03 2.926975255832e-03 5.071973428130e-03 3.796571865678e-03 3.280274569988e-03 4.001860041171e-03 2.490084990859e-02 1.439486537129e-02 1.112600788474e-02 7.137821614742e-02 1.575722247362e-01 1.731054484844e-02 6.244626827538e-03
4.558101354633e-04 6.731197936460e-04 7.898441981524e-04 8.978889673017e-04 9.400594281033e-04 9.832172654569e-04 9.925897466019e-04 9.404406300746e-04 8.941185660660e-04 8.813490858302e-04 8.650312083773e-04 7.947234553285e-04 8.133462979458e-04 8.361294167116e-04 8.295965380967e-04 7.849085377529e-04 1.052922685631e-03 1.344503485598e-03 1.266770530492e-03 9.476788691245e-04 6.043179892004e-04 4.388977831695e-04 3.978085878771e-04 3.445591719355e-04 2.871940960176e-04 4.408419190440e-04 6.794809596613e-04 9.076508576982e-04 1.252358080819e-03 2.034013159573e-03 2.793283667415e-03 3.768538823351e-03 4.335194826126e-03 3.707261057571e-03 2.247501863167e-03 2.612680895254e-03 5.070376675576e-03 1.278755161911e-02 2.102513983846e-02 2.201009728014e-02 1.165967062116e-02 4.460935946554e-03 4.163548815995e-03
3.006760380231e-04 4.379629099276e-04 5.554436356761e-04 6.275900523178e-04 6.558450986631e-04 6.527819205076e-04 6.370513001457e-04 6.067129434086e-04 5.708114476874e-04 5.328864790499e-04 4.940567887388e-04 4.553560283966e-04 4.182905540802e-04 4.087248526048e-04 4.035930323880e-04 5.739001790062e-04 9.777310770005e-04 1.156408456154e-03 9.893249953166e-04 6.815069937147e-04 4.146006540395e-04 2.645762870088e-04 2.647250075825e-04 2.896522637457e-04 3.934639971703e-04 6.697001517750e-04 1.010528649203e-03 1.420572400093e-03 2.024157205597e-03 2.763265976682e-03 4.137036390603e-03 4.269776865840e-03 3.878646995872e-03 2.102325670421e-03 1.592620508745e-03 2.169150160626e-03 2.628099406138e-03 9.970028884709e-03 2.468237280846e-02 1.420814823359e-02 8.470355533063e-03 3.807723056525e-03 3.613683162257e-03
2.092766226269e-04 3.030753287021e-04 3.790887421928e-04 4.262466682121e-04 4.474701127037e-04 4.501602961682e-04 4.404399951454e-04 4.222582210787e-04 3.983661881648e-04 3.701200184878e-04 3.391391655896e-04 3.062176401727e-04 3.251300367992e-04 3.270241722930e-04 3.018783172593e-04 3.400663554203e-04 6.088882219046e-04 7.574909832329e-04 7.074754103087e-04 5.531982169487e-04 3.905410994776e-04 2.623636682983e-04 2.831683668774e-04 3.253065515310e-04 5.559719866142e-04 1.232012873515e-03 2.633336000144e-03 2.435913076624e-03 2.011956647038e-03 3.728734329343e-03 5.078398622572e-03 4.355123732239e-03 3.134727478027e-03 1.467930735089e-03 1.566938124597e-03 2.155420370400e-03 3.009984269738e-03 1.073071919382e-02 1.806390285492e-02 8.508702740073e-03 4.933763295412e-03 3.039514645934e-03 2.728302730247e-03
1.401676418027e-04 2.011292817770e-04 2.494790533092e-04 2.789699938148e-04 2.919616235886e-04 2.933275827672e-04 2.864839625545e-04 2.736306632869e-04 2.560686261859e-04 2.349035930820e-04 2.326001558686e-04 2.614811819512e-04 2.728649997152e-04 2.609563234728e-04 2.500925038476e-04 2.860923996195e-04 3.177436010446e-04 3.869000938721e-04 4.422338388395e-04 4.265760071576e-04 3.628666454460e-04 2.865075366572e-04 3.022259916179e-04 4.147707950324e-04 7.236404926516e-04 2.146019134670e-03 3.069473896176e-03 1.829019980505e-03 2.048005582765e-03 3.943250514567e-03 5.339757073671e-03 4.228813573718e-03 2.947363071144e-03 2.022255212069e-03 2.227606251836e-03 2.154191024601e-03 4.656910430640e-03 1.863760873675e-02 1.348930876702e-02 3.555707400665e-03 7.121581584215e-03 3.095540450886e-03 2.109221415594e-03
8.251038525486e-05 1.173503987957e-04 1.444945082767e-04 1.605253928574e-04 1.669765042607e-04 1.666919706622e-04 1.615725923330e-04 1.528309367131e-04 1.464605738875e-04 1.787850051187e-04 2.092425711453e-04 2.291991841048e-04 2.308867551619e-04 2.554352395236e-04 2.954016090371e-04 3.358536341693e-04 3.711679601111e-04 3.941358882003e-04 3.977290180046e-04 3.792825737037e-04 3.456937847659e-04 3.215322503820e-04 3.573796711862e-04 5.168631323613e-04 8.727915119380e-04 2.405643928796e-03 2.535490086302e-03 2.015342935920e-03 1.834524096921e-03 3.526950720698e-03 4.943352192640e-03 3.851384157315e-03 3.766489448026e-03 2.541589317843e-03 2.683743136004e-03 1.928332727402e-03 4.437335301191e-03 1.194165181369e-02 5.854189861566e-03 4.173080436885e-03 9.440698660910e-03 3.048117039725e-03 1.613551285118e-03
