VariationalSeries/SI/f84_max.grd
DSAA
101	101
32.816463539100	34.260883539100
35.556306596100	36.727886596100
1.394780429109e-05	2.298790931702e+00
[rows 38 to 56 of 101, columns 43 to 85 of 101]
1.401704102755e-01 2.176238894463e-01 2.329915016890e-01 1.377222836018e-01 2.316102534533e-01 1.134841963649e-01 1.165126040578e-01 1.568531692028e-01 1.342236101627e-01 1.076105087996e-01 1.587368547916e-01 8.237089961767e-02 9.062598645687e-02 7.674704492092e-02 1.191010549664e-01 8.671047538519e-02 9.384554624557e-02 5.333200842142e-02 7.274574041367e-02 1.103810891509e-01 1.124591827393e-01 8.617636561394e-02 5.943191051483e-02 4.705929011106e-02 4.050399735570e-02 3.652250394225e-02 3.398851305246e-02 3.478430584073e-02 3.092436306179e-02 2.321371249855e-02 2.304574288428e-02 2.728265151381e-02 3.118110075593e-02 3.206393495202e-02 3.251547366381e-02 3.258223831654e-02 3.208645433187e-02 2.963673509657e-02 2.632164955139e-02 2.346544899046e-02 2.115057595074e-02 2.120818942785e-02 1.795713603497e-02
1.394668668509e-01 2.888942360878e-01 1.868026554585e-01 2.606150805950e-01 1.875540614128e-01 2.645541429520e-01 2.229710519314e-01 1.377767920494e-01 1.396570205688e-01 1.119344159961e-01 1.802570819855e-01 1.166563555598e-01 7.548419386148e-02 8.698175102472e-02 1.582107841969e-01 9.426750242710e-02 1.079630404711e-01 1.686735153198e-01 1.511781960726e-01 1.024281904101e-01 6.915451586246e-02 4.699843749404e-02 4.293324798346e-02 3.872235119343e-02 3.898356854916e-02 3.725598752499e-02 3.265327960253e-02 2.847801521420e-02 2.568852528930e-02 2.565363980830e-02 2.816525287926e-02 2.645650692284e-02 2.171314507723e-02 1.841284520924e-02 1.779517531395e-02 1.535230316222e-02 1.640818454325e-02 1.802812889218e-02 1.983836479485e-02 2.196138165891e-02 2.378411777318e-02 3.118214383721e-02 3.216754272580e-02
2.051180750132e-01 1.437261551619e-01 2.543417215347e-01 2.011965215206e-01 2.142733633518e-01 2.790265977383e-01 1.698755174875e-01 1.543710380793e-01 1.104892268777e-01 1.147480458021e-01 1.929596364498e-01 1.045432165265e-01 1.072671934962e-01 1.052523553371e-01 1.284048110247e-01 2.073942869902e-01 1.414860039949e-01 7.320715487003e-02 6.834977865219e-02 4.532476142049e-02 3.447376936674e-02 4.964964091778e-02 6.520037353039e-02 5.872214958072e-02 4.230591282248e-02 3.685781732202e-02 3.603070601821e-02 3.321686387062e-02 2.868828736246e-02 2.666829712689e-02 2.508212625980e-02 2.544993534684e-02 2.434857189655e-02 2.263791672885e-02 2.209334820509e-02 2.322111465037e-02 2.291046269238e-02 2.079934254289e-02 2.753447368741e-02 3.754223510623e-02 3.085626661777e-02 2.307314053178e-02 1.996134966612e-02
2.276992052794e-01 2.087170779705e-01 3.317579627037e-01 2.774189412594e-01 2.623076438904e-01 2.892580926418e-01 2.719123363495e-01 1.498411446810e-01 1.688567250967e-01 1.607579290867e-01 1.895595937967e-01 1.486303955317e-01 1.379925161600e-01 2.351441383362e-01 1.515819728374e-01 1.121384873986e-01 9.531782567501e-02 7.716608047485e-02 5.677247419953e-02 9.155960381031e-02 9.862831234932e-02 5.180948227644e-02 8.176106959581e-02 6.219926849008e-02 5.597018823028e-02 4.934991896152e-02 4.357730969787e-02 3.896225988865e-02 3.509069606662e-02 3.374325484037e-02 6.312044709921e-02 2.681082673371e-02 2.549394778907e-02 2.412937767804e-02 3.060523793101e-02 3.819643333554e-02 3.488250821829e-02 3.991410881281e-02 3.395237028599e-02 3.722704946995e-02 3.755935654044e-02 3.673376888037e-02 3.372807428241e-02
2.171730399132e-01 3.006346523762e-01 2.599585652351e-01 2.581139206886e-01 2.396976202726e-01 3.036471605301e-01 4.781276881695e-01 2.070410102606e-01 2.407038509846e-01 2.409511804581e-01 2.188951969147e-01 2.191515117884e-01 2.509313821793e-01 1.427744925022e-01 1.549175530672e-01 8.729887008667e-02 1.177886873484e-01 1.575166881084e-01 1.239156424999e-01 1.188249886036e-01 1.235449239612e-01 8.327821642160e-02 5.154527723789e-02 5.001804605126e-02 4.637441411614e-02 4.350565746427e-02 5.298537388444e-02 9.158518910408e-02 1.098875328898e-01 9.742801636457e-02 4.806658253074e-02 3.475880622864e-02 3.298917785287e-02 3.586083650589e-02 4.493338614702e-02 4.607934132218e-02 4.172975569963e-02 3.734638541937e-02 2.780036255717e-02 3.458577394485e-02 4.131992906332e-02 4.124454781413e-02 3.967038169503e-02
2.576698958874e-01 3.740977048874e-01 6.176810264587e-01 3.790550529957e-01 6.093382239342e-01 3.145384490490e-01 7.493722438812e-01 2.150202244520e-01 4.153967201710e-01 3.010909855366e-01 2.625849843025e-01 2.573891580105e-01 1.453675031662e-01 1.777102202177e-01 2.002407014370e-01 1.956791728735e-01 1.211518123746e-01 7.209927588701e-02 1.548348218203e-01 1.338870525360e-01 7.336968928576e-02 6.697987020016e-02 6.330320239067e-02 1.152285933495e-01 1.416494250298e-01 1.251333802938e-01 8.234506845474e-02 5.938707292080e-02 6.453400850296e-02 4.080755263567e-02 3.261683136225e-02 4.892588406801e-02 6.082468852401e-02 5.458290129900e-02 4.816014692187e-02 6.499656289816e-02 7.699517905712e-02 6.885018944740e-02 4.936925321817e-02 3.601904958487e-02 4.500846937299e-02 4.943310841918e-02 5.214075371623e-02
3.178829252720e-01 4.006281793118e-01 4.719604253769e-01 6.267436146736e-01 5.236463546753e-01 5.313358902931e-01 8.794678449631e-01 3.479934334755e-01 4.064084589481e-01 3.201735615730e-01 3.222369849682e-01 1.866102814674e-01 2.009533494711e-01 2.509668469429e-01 1.959464997053e-01 1.401685625315e-01 2.024083137512e-01 1.879564374685e-01 1.486818790436e-01 1.881210654974e-01 1.904093325138e-01 1.650723069906e-01 1.180694103241e-01 6.456460058689e-02 7.089991867542e-02 6.394997984171e-02 5.085207894444e-02 5.246453732252e-02 5.647109076381e-02 6.068382784724e-02 5.908645689487e-02 5.041760206223e-02 4.842618852854e-02 4.064799472690e-02 7.413000613451e-02 9.057924151421e-02 8.492264151573e-02 6.255549937487e-02 3.790225833654e-02 2.317138761282e-02 3.233933448792e-02 3.712721541524e-02 3.417590633035e-02
3.009591400623e-01 4.414331316948e-01 5.245490074158e-01 5.010722279549e-01 7.454327344894e-01 5.573421120644e-01 8.963331580162e-01 4.936418533325e-01 4.227837026119e-01 4.686698615551e-01 3.588239252567e-01 2.353208214045e-01 2.345820069313e-01 2.498979121447e-01 1.445370316505e-01 2.142210602760e-01 2.763451933861e-01 1.903420984745e-01 1.130184084177e-01 1.118348762393e-01 9.867308288813e-02 7.656183093786e-02 7.377155870199e-02 8.158907294273e-02 8.161026239395e-02 7.208190858364e-02 6.231740117073e-02 6.072852388024e-02 5.061831325293e-02 5.591922253370e-02 5.339889973402e-02 4.870824515820e-02 3.378782793880e-02 6.189455464482e-02 7.383637130260e-02 7.000380009413e-02 4.889965429902e-02 2.632650546730e-02 3.624189272523e-02 3.409305214882e-02 2.550646662712e-02 2.427521348000e-02 2.624022401869e-02
4.465031027794e-01 6.240457296371e-01 6.369664669037e-01 6.954217553139e-01 7.569469213486e-01 9.524626135826e-01 8.982682228088e-01 1.743607759476e+00 6.425041556358e-01 4.065447151661e-01 3.779415190220e-01 3.375683426857e-01 2.863455712795e-01 4.364764094353e-01 3.820065259933e-01 2.227850705385e-01 2.058063298464e-01 2.135944664478e-01 1.563689708710e-01 1.384765505791e-01 1.371676027775e-01 1.304482966661e-01 1.395051926374e-01 1.039700284600e-01 1.340270042419e-01 1.185824722052e-01 7.444852590561e-02 6.777740269899e-02 6.865845620632e-02 6.409095972776e-02 5.471358448267e-02 5.289841443300e-02 5.514904484153e-02 6.347628682852e-02 5.901754647493e-02 4.529476910830e-02 3.458834812045e-02 3.132140263915e-02 3.052625246346e-02 3.019287995994e-02 2.951533533633e-02 2.843244001269e-02 2.732024714351e-02
2.834384441376e-01 8.257391452789e-01 5.713908672333e-01 7.111002206802e-01 1.127207756042e+00 9.011618494987e-01 1.068235874176e+00 1.275942206383e+00 6.277552247047e-01 5.944144129753e-01 7.552436590195e-01 4.808578491211e-01 5.964821577072e-01 4.627888500690e-01 3.872017860413e-01 3.375934362411e-01 2.868883907795e-01 2.481972575188e-01 2.190085649490e-01 3.077028393745e-01 3.595554828644e-01 1.498104035854e-01 9.732049703598e-02 9.858471155167e-02 1.385401934385e-01 8.742141723633e-02 7.556111365557e-02 7.191079854965e-02 6.636296957731e-02 6.313700228930e-02 6.062555685639e-02 6.270068883896e-02 6.634980440140e-02 5.672799423337e-02 4.342193156481e-02 4.057703912258e-02 3.842590004206e-02 3.147760033607e-02 3.114067949355e-02 3.113678283989e-02 2.873313054442e-02 2.944039739668e-02 3.092212229967e-02
7.614970207214e-01 8.933579921722e-01 1.020012021065e+00 1.076247811317e+00 1.250920176506e+00 1.729496955872e+00 2.298790931702e+00 1.060027480125e+00 8.557880520821e-01 5.986194014549e-01 8.516507744789e-01 8.475050926208e-01 3.192654550076e-01 5.102583169937e-01 5.599073171616e-01 2.778492271900e-01 2.568071484566e-01 2.719686329365e-01 2.997618317604e-01 3.528279066086e-01 2.719235122204e-01 1.162361875176e-01 1.310124248266e-01 1.078109592199e-01 1.004220917821e-01 8.615966886282e-02 8.376178145409e-02 8.311720192432e-02 6.906644999981e-02 4.794827476144e-02 4.296826198697e-02 4.707366973162e-02 4.996258765459e-02 5.132526904345e-02 5.033456534147e-02 4.819429665804e-02 4.295932129025e-02 4.407455772161e-02 4.912441596389e-02 5.029891803861e-02 4.503009840846e-02 3.907545655966e-02 3.409753739834e-02
5.083906054497e-01 9.066099524498e-01 9.363416433334e-01 1.187618494034e+00 1.181237339973e+00 1.168647527695e+00 1.144918203354e+00 9.470270276070e-01 6.638475656509e-01 7.526412010193e-01 7.239528298378e-01 7.611130475998e-01 9.214341044426e-01 4.035038650036e-01 3.426844775677e-01 2.128860205412e-01 1.936113685369e-01 1.368424892426e-01 1.260965764523e-01 1.074091941118e-01 9.241642057896e-02 1.046675145626e-01 1.289816200733e-01 1.483773738146e-01 1.518167108297e-01 1.331715583801e-01 1.062180921435e-01 7.354077696800e-02 5.109866708517e-02 4.213102534413e-02 3.439477086067e-02 3.875015303493e-02 5.036803334951e-02 3.371036052704e-02 3.814097866416e-02 4.166596010327e-02 3.328868374228e-02 4.074323549867e-02 4.814887046814e-02 5.101174861193e-02 5.788361281157e-02 7.270448654890e-02 8.253470808268e-02
2.001910954714e-01 2.729643285275e-01 4.311952292919e-01 2.041660785675e+00 1.121758580208e+00 1.070597767830e+00 5.977790355682e-01 6.144049763680e-01 5.687346458435e-01 9.043163061142e-01 8.431774973869e-01 1.195565342903e+00 1.731280922890e+00 1.270494222641e+00 8.271030187607e-01 3.806473314762e-01 1.790088266134e-01 1.275258809328e-01 1.160287559032e-01 1.561035513878e-01 2.031767964363e-01 1.881147623062e-01 1.388113200665e-01 8.919356018305e-02 9.812942892313e-02 9.278855472803e-02 1.324077099562e-01 1.972741633654e-01 9.144596010447e-02 4.824364930391e-02 4.467634856701e-02 7.340563088655e-02 4.802599176764e-02 3.003541007638e-02 2.641706168652e-02 2.740077488124e-02 2.755680866539e-02 2.836081013083e-02 2.886875532568e-02 2.884810790420e-02 2.889284677804e-02 3.197177499533e-02 2.790283411741e-02
3.635503351688e-02 9.029532968998e-02 2.176593989134e-01 2.901830375195e-01 2.962924838066e-01 2.898264825344e-01 2.256838828325e-01 3.086687922478e-01 3.072365522385e-01 4.913743734360e-01 9.952753782272e-01 1.124737143517e+00 1.545538425446e+00 8.949385285378e-01 6.392306089401e-01 3.615580499172e-01 1.649887710810e-01 8.647821843624e-02 9.181734174490e-02 2.015233486891e-01 6.415972709656e-01 2.679105997086e-01 2.290615439415e-01 1.714101731777e-01 1.746711879969e-01 1.499713510275e-01 1.611437946558e-01 1.128907799721e-01 5.607671290636e-02 7.397010177374e-02 6.237590312958e-02 6.287351995707e-02 3.827048465610e-02 3.471685945988e-02 2.421652339399e-02 2.211541868746e-02 2.293417230248e-02 2.291147969663e-02 2.474413253367e-02 2.291060425341e-02 2.982102148235e-02 3.502745181322e-02 3.387574106455e-02
2.524380199611e-02 4.700652882457e-02 1.366409510374e-01 7.982339709997e-02 7.052449882030e-02 5.759887769818e-02 8.747834712267e-02 1.442811787128e-01 1.506354957819e-01 1.600981056690e-01 4.537630081177e-01 2.226924657822e+00 1.773604154587e+00 7.983542680740e-01 3.676241636276e-01 1.058795526624e-01 6.344436854124e-02 4.171457886696e-02 5.180108174682e-02 1.328253298998e-01 3.045003414154e-01 5.303111672401e-01 2.654874920845e-01 2.019918113947e-01 1.593679040670e-01 1.196081638336e-01 1.266634464264e-01 1.184264719486e-01 1.039207428694e-01 9.369683265686e-02 1.141455322504e-01 4.891655221581e-02 4.531831294298e-02 3.660729154944e-02 3.742489591241e-02 3.488696739078e-02 2.924196794629e-02 2.492115087807e-02 2.854170463979e-02 3.294485062361e-02 3.859180957079e-02 3.799130767584e-02 3.239861875772e-02
1.698329858482e-02 6.994342803955e-02 1.640760451555e-01 1.229961663485e-01 2.997721545398e-02 3.515322878957e-02 3.362398967147e-02 6.807604432106e-02 7.431683689356e-02 1.265264302492e-01 2.371109873056e-01 6.109448075294e-01 1.305414557457e+00 8.954489827156e-01 1.210894107819e+00 2.921087443829e-01 3.598520159721e-02 2.265468984842e-02 3.571292012930e-02 1.187912896276e-01 3.611674010754e-01 5.662443041801e-01 4.317543208599e-01 2.938552498817e-01 2.042220383883e-01 1.285701543093e-01 1.459065526724e-01 1.080345362425e-01 1.044773906469e-01 1.039653569460e-01 8.636038005352e-02 6.886359304190e-02 4.849391430616e-02 5.170620977879e-02 4.648609459400e-02 3.693516552448e-02 3.281793370843e-02 3.044032678008e-02 2.827535755932e-02 3.301696851850e-02 3.622155636549e-02 3.522460907698e-02 3.120874986053e-02
1.451686210930e-02 3.571061789989e-02 2.424377053976e-01 2.919930815697e-01 1.528494805098e-01 2.368901856244e-02 1.802343688905e-02 3.388717025518e-02 3.387672081590e-02 2.756809815764e-02 2.335392311215e-02 9.816011786461e-02 4.418955147266e-01 2.564468085766e-01 1.474090695381e+00 1.787229478359e-01 1.007395833731e-01 3.813152015209e-02 3.172153607011e-02 1.027389913797e-01 2.012936472893e-01 1.784042954445e+00 5.530695915222e-01 2.406774759293e-01 2.436086833477e-01 1.286591887474e-01 1.380571573973e-01 1.168568432331e-01 1.680562347174e-01 1.290723979473e-01 7.402694225311e-02 7.355962693691e-02 6.858556717634e-02 6.531165540218e-02 6.412644684315e-02 5.112504214048e-02 5.054389685392e-02 5.591965466738e-02 3.612723201513e-02 2.770509943366e-02 2.733644098043e-02 2.700565755367e-02 3.117820620537e-02
9.294970892370e-03 1.600641198456e-02 2.003355883062e-02 1.135973781347e-01 7.005536556244e-02 1.686946116388e-02 1.436789892614e-02 1.685435511172e-02 1.580606214702e-02 1.518422272056e-02 1.100244838744e-02 1.229802239686e-02 3.764120116830e-02 2.357381731272e-01 6.700353026390e-01 1.636891514063e-01 1.367032974958e-01 6.420662254095e-02 3.749104589224e-02 7.356310635805e-02 8.593057841063e-02 1.174125820398e-01 1.074315160513e-01 8.132232725620e-02 1.194261461496e-01 1.988179832697e-01 1.738293766975e-01 1.733929365873e-01 1.119247525930e-01 1.461473405361e-01 1.524885147810e-01 1.329056471586e-01 8.118242770433e-02 6.732090562582e-02 6.452829390764e-02 5.633179843426e-02 4.814057424664e-02 4.897283017635e-02 4.747553542256e-02 3.142613545060e-02 2.588502876461e-02 2.666896022856e-02 2.874155715108e-02
1.021128334105e-02 1.628543436527e-02 1.071509066969e-02 1.208381541073e-02 1.228730101138e-02 1.444001216441e-02 1.329405605793e-02 1.247879024595e-02 1.153350993991e-02 8.755778893828e-03 6.151897367090e-03 5.201297346503e-03 8.673119358718e-03 2.437925636768e-01 3.784073293209e-01 3.950420320034e-01 1.117027625442e-01 1.198669448495e-01 1.054056137800e-01 4.305511713028e-02 4.669232293963e-02 8.767987787724e-02 2.394348978996e-01 2.269162982702e-01 2.958223819733e-01 2.976426184177e-01 2.789275646210e-01 2.634575366974e-01 2.496086955070e-01 2.380301356316e-01 2.533151507378e-01 3.103111088276e-01 2.652559876442e-01 1.085450947285e-01 4.421842098236e-02 5.197209119797e-02 5.690531432629e-02 3.930678963661e-02 3.896708786488e-02 2.754960022867e-02 2.717064693570e-02 2.001950703561e-02 2.256516367197e-02
