VariationalSeries/SI/f87.grd
DSAA
101	101
32.816463539100	34.260883539100
35.556306596100	36.727886596100
8.907691808417e-04	3.148884201050e+01
[rows 76 to 94 of 101, columns 0 to 42 of 101]
4.125994164497e-03 6.781616713852e-03 9.223540313542e-03 1.092102099210e-02 1.173953991383e-02 1.182430237532e-02 1.143865007907e-02 1.205323543400e-02 1.277384348214e-02 1.319320127368e-02 1.334618777037e-02 1.331711001694e-02 1.315302681178e-02 8.574428036809e-03 1.210795249790e-02 1.175195723772e-02 1.198103744537e-02 1.379684638232e-02 1.426935009658e-02 8.424306288362e-03 1.018828991801e-02 1.062587462366e-02 1.306006126106e-02 1.498375553638e-02 1.589638367295e-02 1.575572974980e-02 1.573324017227e-02 1.740828715265e-02 2.070287987590e-02 2.191879972816e-02 2.111978642642e-02 1.986633613706e-02 1.926730200648e-02 2.098425477743e-02 2.150358632207e-02 2.231876365840e-02 8.519556373358e-03 9.080417454243e-03 4.389460012317e-02 5.199977010489e-02 6.380768120289e-02 6.244546920061e-02 6.849237531424e-02
4.875194747001e-03 7.882568985224e-03 1.046225707978e-02 1.206883508712e-02 1.271432545036e-02 1.266087964177e-02 1.217413507402e-02 1.144812256098e-02 1.193283405155e-02 1.232666894794e-02 1.243839506060e-02 1.234687864780e-02 1.247772388160e-02 1.329449843615e-02 1.313074026257e-02 1.220593228936e-02 1.160973031074e-02 1.307594124228e-02 9.009785950184e-03 7.484264206141e-03 1.125616393983e-02 1.321539003402e-02 1.459749322385e-02 1.603313349187e-02 1.715855114162e-02 1.697888039052e-02 1.796515472233e-02 2.165664173663e-02 2.405521646142e-02 2.435067668557e-02 2.271758206189e-02 2.082439698279e-02 1.998580619693e-02 2.152114175260e-02 2.179085649550e-02 2.225041761994e-02 2.925510145724e-02 3.018078766763e-02 4.241566732526e-02 6.244372949004e-02 7.832730561495e-02 8.850308507681e-02 9.937350451946e-02
5.189990624785e-03 8.279236964881e-03 1.078398618847e-02 1.220424007624e-02 1.266155857593e-02 1.245889440179e-02 1.183607149869e-02 1.096045784652e-02 9.965471923351e-03 9.971738792956e-03 1.108828466386e-02 1.256574410945e-02 1.355361752212e-02 1.358805969357e-02 1.265731453896e-02 1.101685501635e-02 1.080947648734e-02 1.132049970329e-02 1.049447711557e-02 6.748302839696e-03 1.303027756512e-02 1.577600277960e-02 1.772939227521e-02 1.704599522054e-02 1.739032194018e-02 1.965205743909e-02 2.415217272937e-02 2.619791217148e-02 2.678197994828e-02 2.617822028697e-02 2.445761114359e-02 2.264585345984e-02 2.236889488995e-02 2.357089333236e-02 2.822653576732e-02 2.508495375514e-02 2.895653620362e-02 4.054468125105e-02 4.344980046153e-02 7.794562727213e-02 9.088174998760e-02 8.068016916513e-02 8.313887566328e-02
4.685347899795e-03 7.405805867165e-03 9.547195397317e-03 1.069581881166e-02 1.098846178502e-02 1.068867556751e-02 9.996645152569e-03 9.066586382687e-03 4.061599727720e-03 3.403389360756e-03 1.020432170480e-02 1.145437546074e-02 1.158386655152e-02 1.095549669117e-02 1.062408089638e-02 1.070179790258e-02 5.645012948662e-03 1.032206974924e-02 1.106031611562e-02 1.428548619151e-02 1.988439448178e-02 2.619616314769e-02 3.195502236485e-02 2.725220285356e-02 1.977643929422e-02 2.497041784227e-02 2.977517805994e-02 2.998897805810e-02 2.820639498532e-02 2.647155337036e-02 2.500308491290e-02 2.370008453727e-02 2.523106522858e-02 2.583532035351e-02 3.040029481053e-02 2.829178795218e-02 3.200752660632e-02 4.410164058208e-02 4.607652872801e-02 6.893426924944e-02 8.884586393833e-02 1.004366949201e-01 6.370273977518e-02
3.877161536366e-03 5.723327863961e-03 7.368167396635e-03 8.258526213467e-03 8.477090857923e-03 8.422436192632e-03 8.661166764796e-03 8.801060728729e-03 6.009696982801e-03 2.021562075242e-03 7.546253968030e-03 9.437762200832e-03 9.974054060876e-03 1.048236154020e-02 1.097605936229e-02 1.122795417905e-02 1.109729055315e-02 1.173005066812e-02 1.448921486735e-02 1.878194697201e-02 2.789142169058e-02 3.895111382008e-02 4.906586930156e-02 3.913987055421e-02 2.387864887714e-02 2.790501713753e-02 3.297058120370e-02 3.730656951666e-02 3.613863885403e-02 3.134991973639e-02 2.740942873061e-02 2.619435824454e-02 2.628148347139e-02 2.605859749019e-02 2.724557556212e-02 2.987378649414e-02 3.441401198506e-02 4.272647947073e-02 5.621003359556e-02 5.896606296301e-02 8.174336701632e-02 1.096325963736e-01 8.382180333138e-02
5.269044544548e-03 7.686614058912e-03 9.442866779864e-03 1.039469894022e-02 6.728334352374e-03 9.662435390055e-03 1.094904169440e-02 1.103582046926e-02 1.035146042705e-02 3.735026810318e-03 4.369295202196e-03 1.040429621935e-02 1.102030463517e-02 1.186720561236e-02 1.333892811090e-02 1.443110220134e-02 1.494162343442e-02 1.576803252101e-02 1.874363236129e-02 2.195805311203e-02 3.334184736013e-02 4.740885272622e-02 5.970583111048e-02 4.255400598049e-02 1.655512303114e-02 1.373215615749e-01 1.460132151842e-01 6.676130741835e-02 6.088120862842e-02 4.836033284664e-02 3.501220047474e-02 2.762894332409e-02 2.491903863847e-02 2.563278563321e-02 2.849398925900e-02 3.078588657081e-02 3.368634730577e-02 4.424185305834e-02 7.680970430374e-02 6.533696502447e-02 5.807403102517e-02 1.071330904961e-01 1.477589607239e-01
7.315215654671e-03 1.060228608549e-02 1.291337236762e-02 1.403639931232e-02 4.851474426687e-03 3.646345576271e-03 1.339536905289e-02 1.362307835370e-02 6.522460374981e-03 1.245961897075e-02 1.225180365145e-02 1.443816069514e-02 1.672478392720e-02 1.889093965292e-02 2.065469883382e-02 2.174170874059e-02 2.196984738111e-02 2.151582948864e-02 2.234403975308e-02 2.646579220891e-02 3.944819420576e-02 5.259663611650e-02 5.764186009765e-02 3.984087333083e-02 8.054047822952e-02 3.654764592648e-01 3.983633518219e-01 2.015345692635e-01 8.867183327675e-02 6.789023429155e-02 4.444522783160e-02 2.980258688331e-02 2.667542360723e-02 3.336638584733e-02 4.022040218115e-02 4.224235936999e-02 3.890039771795e-02 4.475104436278e-02 9.072656929493e-02 1.352457702160e-01 8.888242393732e-02 8.631521463394e-02 1.859614253044e-01
9.060785174370e-03 1.295467745513e-02 1.552264858037e-02 1.653899811208e-02 4.918789491057e-03 1.541319116950e-02 1.527967769653e-02 1.492134667933e-02 8.333890698850e-03 1.033559907228e-02 1.988431811333e-02 2.276523783803e-02 2.519277483225e-02 2.706123702228e-02 2.830142527819e-02 2.867552079260e-02 2.815778553486e-02 2.641226351261e-02 2.583171799779e-02 3.251887857914e-02 4.672578349710e-02 5.596058443189e-02 4.904579743743e-02 4.874069988728e-02 9.831481426954e-02 5.725436806679e-01 1.029864192009e+00 2.400458902121e-01 1.084575727582e-01 7.930578291416e-02 5.333186313510e-02 3.506653383374e-02 3.483249247074e-02 4.771855100989e-02 5.751333013177e-02 5.726943165064e-02 4.921045899391e-02 5.398161336780e-02 7.652068883181e-02 1.659583449364e-01 1.654310375452e-01 9.797001630068e-02 2.702923119068e-01
5.340158939362e-03 4.302894230932e-03 1.084448583424e-02 5.461866036057e-03 1.568781211972e-02 1.629475690424e-02 1.804722473025e-02 1.921907998621e-02 1.218633912504e-02 1.172181870788e-02 2.654077857733e-02 3.053309954703e-02 3.399102389812e-02 3.702474758029e-02 3.991249576211e-02 4.263374209404e-02 4.443170502782e-02 4.355803132057e-02 4.677889123559e-02 4.088540002704e-02 5.566474050283e-02 5.851745232940e-02 3.896897286177e-02 5.431612953544e-02 1.409885883331e-01 3.278967440128e-01 3.946347534657e-01 1.246923282743e-01 8.288560807705e-02 7.611923664808e-02 5.859571322799e-02 6.452096253633e-02 8.311113715172e-02 4.626332223415e-02 7.297972589731e-02 6.949067860842e-02 6.446360796690e-02 6.610088795424e-02 6.526543945074e-02 1.089372560382e-01 1.434530317783e-01 1.089396923780e-01 3.062117695808e-01
9.203134104609e-03 1.254266686738e-02 1.500482112169e-02 1.645370945334e-02 2.102750726044e-02 2.215698547661e-02 2.283091470599e-02 2.291296608746e-02 2.212991565466e-02 2.229701168835e-02 2.672794274986e-02 3.113983757794e-02 3.527457639575e-02 3.924999758601e-02 4.358815401793e-02 4.881260916591e-02 8.603427559137e-02 5.589899048209e-02 8.462008833885e-02 4.356681555510e-02 5.462784320116e-02 5.335888639092e-02 6.537279486656e-02 4.915662482381e-02 7.089907675982e-02 5.029037222266e-02 5.450774729252e-02 5.154085531831e-02 5.743650719523e-02 6.154583394527e-02 5.748805031180e-02 3.259167671204e-01 2.117227464914e-01 2.025358974934e-01 1.205802187324e-01 1.613783985376e-01 1.452467292547e-01 7.998904585838e-02 7.904882729053e-02 9.488881379366e-02 9.890902787447e-02 1.106768324971e-01 5.477462410927e-01
1.782070100307e-02 2.754565328360e-02 3.354104980826e-02 3.526473045349e-02 3.441438451409e-02 3.234374523163e-02 2.986739017069e-02 2.729670703411e-02 2.447255142033e-02 2.551611326635e-02 2.585732750595e-02 2.741223201156e-02 3.185014799237e-02 3.604310005903e-02 4.022339358926e-02 4.517412930727e-02 5.023990944028e-02 6.577216088772e-02 8.509372919798e-02 8.537722378969e-02 8.536998927593e-02 8.167655020952e-02 5.732472985983e-02 5.727373436093e-02 5.597196891904e-02 4.298866540194e-02 4.068658873439e-02 3.553546965122e-02 3.413132950664e-02 4.307566210628e-02 5.317287147045e-02 4.246965050697e-01 2.835483551025e-01 9.589401632547e-02 1.748729795218e-01 3.103199005127e-01 3.360241651535e-01 1.487922221422e-01 1.697348803282e-01 1.205604448915e-01 9.226972609758e-02 1.023376584053e-01 4.594864547253e-01
3.070559725165e-02 4.682109504938e-02 5.533108487725e-02 5.533055961132e-02 5.041816458106e-02 4.361818730831e-02 3.877959400415e-02 3.589228540659e-02 3.543986007571e-02 3.791318833828e-02 3.917482495308e-02 3.915308415890e-02 3.896136581898e-02 4.485576972365e-02 4.905449226499e-02 5.287290364504e-02 5.609036609530e-02 5.757185444236e-02 6.110540404916e-02 6.974674761295e-02 7.220631092787e-02 5.555162206292e-02 4.088962078094e-02 4.473685100675e-02 3.958704322577e-02 3.098556585610e-02 2.581128664315e-02 2.089570090175e-02 1.908480562270e-02 2.717172540724e-02 3.527709096670e-02 1.019390225410e-01 2.125416547060e-01 2.658165395260e-01 2.813588380814e-01 4.994504898787e-02 2.911758124828e-01 2.373546957970e-01 4.038994610310e-01 3.446599841118e-01 7.961509376764e-02 2.249758392572e-01 7.155511975288e-01
3.559156507254e-02 5.373619869351e-02 6.237969920039e-02 6.066859140992e-02 5.325243249536e-02 4.761474952102e-02 4.620432481170e-02 4.261107742786e-02 3.796670585871e-02 3.886150196195e-02 4.118220880628e-02 4.218838363886e-02 4.679977893829e-02 5.356116965413e-02 5.798669904470e-02 5.914444848895e-02 5.504273623228e-02 4.491502791643e-02 3.525023162365e-02 3.031502105296e-02 2.828184515238e-02 2.799515798688e-02 2.800680138171e-02 2.690431661904e-02 2.400279417634e-02 1.961005292833e-02 1.519873738289e-02 1.283984631300e-02 1.633477769792e-02 2.122517302632e-02 4.018771275878e-02 9.491458535194e-02 1.218628883362e-01 1.706894040108e-01 1.529370993376e-01 5.549099445343e-01 4.887789189816e-01 2.518305182457e-01 4.476435780525e-01 8.181761503220e-01 2.143148332834e-01 5.731897950172e-01 3.535099029541e-01
2.629570849240e-02 3.932704031467e-02 4.509170725942e-02 4.311785474420e-02 3.703683987260e-02 3.617626428604e-02 3.687269985676e-02 3.544908761978e-02 3.425736725330e-02 3.467501327395e-02 3.348884731531e-02 3.121410310268e-02 3.183689713478e-02 3.131951391697e-02 2.783519588411e-02 2.826135046780e-02 2.459793165326e-02 3.233713284135e-02 3.753253445029e-02 3.531244397163e-02 2.807688340545e-02 2.077572792768e-02 1.954828016460e-02 1.750399544835e-02 1.599074713886e-02 1.158075872809e-02 1.149463560432e-02 1.383202522993e-02 1.888092979789e-02 3.033233433962e-02 3.870297968388e-02 7.916981726885e-02 8.327530324459e-02 7.352624833584e-02 6.718793511391e-02 7.338700443506e-02 4.731375277042e-01 2.730306982994e-01 3.059193193913e-01 8.022106885910e-01 2.589875221252e+00 2.995299696922e-01 1.098996773362e-01
1.289742346853e-02 8.381775580347e-03 2.418454363942e-02 2.734621800482e-02 2.849268354475e-02 8.062430657446e-03 2.475333586335e-02 2.528754621744e-02 2.356030233204e-02 2.303793653846e-02 2.279087714851e-02 2.117456123233e-02 1.809197291732e-02 1.679263263941e-02 6.896438542753e-03 1.787975803018e-02 3.100902587175e-02 3.964405879378e-02 3.746364265680e-02 2.812056988478e-02 1.797861605883e-02 1.799709908664e-02 3.647590801120e-02 3.875116258860e-02 2.693405747414e-02 1.358566060662e-02 1.366008538753e-02 1.826280914247e-02 2.584898844361e-02 3.974748402834e-02 5.321135371923e-02 7.099484652281e-02 6.966331601143e-02 5.656779184937e-02 5.174706131220e-02 5.979663133621e-02 9.680516272783e-02 2.420390993357e-01 2.895096838474e-01 2.651668190956e-01 5.543648079038e-02 7.809217274189e-02 7.352784276009e-02
1.056072674692e-02 7.980407215655e-03 1.940708607435e-02 2.194955945015e-02 1.567179150879e-02 8.827899582684e-03 2.084299363196e-02 2.196592465043e-02 2.101163379848e-02 1.994570717216e-02 1.878912001848e-02 1.759850233793e-02 1.740280538797e-02 1.753288321197e-02 1.731935702264e-02 1.687127538025e-02 2.874535694718e-02 3.414791077375e-02 2.939866296947e-02 2.040435187519e-02 2.641035802662e-02 4.913380742073e-02 7.337744534016e-02 6.168045476079e-02 3.196934983134e-02 1.498445961624e-02 1.909995451570e-02 3.005473688245e-02 4.103615880013e-02 5.106518045068e-02 7.526407390833e-02 7.782553881407e-02 5.906103178859e-02 4.028295353055e-02 4.036298394203e-02 4.146082699299e-02 5.129128694534e-02 1.842571794987e-01 3.557819426060e-01 2.379300296307e-01 2.803081087768e-02 6.672268360853e-02 5.077866837382e-02
1.015802659094e-02 1.462290063500e-02 1.830998249352e-02 1.677244342864e-02 1.819226518273e-02 1.968271657825e-02 2.338789589703e-02 2.527688071132e-02 2.710910513997e-02 2.767319977283e-02 3.070781193674e-02 3.243152797222e-02 3.396531939507e-02 3.507114201784e-02 3.553710877895e-02 3.529280424118e-02 3.440159186721e-02 3.425641730428e-02 3.641803190112e-02 3.943397477269e-02 6.927146017551e-02 9.766142815351e-02 1.013031825423e-01 6.662645190954e-02 2.693960815668e-02 2.638145349920e-02 5.452536419034e-02 5.013054981828e-02 3.697226941586e-02 6.720504909754e-02 9.042479842901e-02 7.807354629040e-02 5.511943250895e-02 4.058706015348e-02 3.404759615660e-02 4.225042462349e-02 5.533272027969e-02 1.854159235954e-01 2.938666939735e-01 1.161137446761e-01 7.574588060379e-02 5.342240631580e-02 4.882725328207e-02
7.200512569398e-03 1.034253742546e-02 1.295197382569e-02 1.469438988715e-02 1.566199958324e-02 1.679776608944e-02 1.843101158738e-02 2.019521035254e-02 2.149182558060e-02 2.253402583301e-02 2.615489438176e-02 2.824618108571e-02 3.024323098361e-02 3.189228475094e-02 3.290306404233e-02 3.308433294296e-02 3.243200480938e-02 3.229733556509e-02 3.424240276217e-02 5.470767989755e-02 9.134712815285e-02 1.216397583485e-01 1.180752813816e-01 7.199197262526e-02 2.730623260140e-02 4.479202628136e-02 6.306080520153e-02 3.226354345679e-02 3.742350265384e-02 7.060974836349e-02 9.441564977169e-02 7.984954118729e-02 8.096059411764e-02 5.570548027754e-02 3.672834858298e-02 4.274753481150e-02 8.646225184202e-02 3.286535739899e-01 2.155572175980e-01 7.019978761673e-02 1.178448647261e-01 5.387145653367e-02 2.826837077737e-02
4.794937092811e-03 6.882687564939e-03 8.648142218590e-03 1.004380173981e-02 1.170109491795e-02 1.324137207121e-02 1.483308244497e-02 1.661628112197e-02 1.832142472267e-02 2.074935287237e-02 2.299849502742e-02 2.532359771430e-02 2.758463099599e-02 2.951029688120e-02 3.076037205756e-02 3.108470328152e-02 3.047239407897e-02 3.024129010737e-02 3.456886857748e-02 6.607573479414e-02 1.047176793218e-01 1.327263265848e-01 1.228877678514e-01 7.079860568047e-02 2.601304091513e-02 4.986365512013e-02 5.217554420233e-02 3.381322696805e-02 3.163523599505e-02 6.327907741070e-02 8.769281208515e-02 9.929563105106e-02 1.031153127551e-01 6.971936672926e-02 4.534765332937e-02 4.382971301675e-02 6.463783979416e-02 2.213560342789e-01 6.141617894173e-02 6.865390390158e-02 1.069971174002e-01 4.383745416999e-02 2.494928613305e-02
