VariationalSeries/SI/f87.grd
DSAA
101	101
32.816463539100	34.260883539100
35.556306596100	36.727886596100
8.907691808417e-04	3.148884201050e+01
[rows 38 to 56 of 101, columns 43 to 85 of 101]
2.674067020416e-01 3.233390450478e-01 3.379827439785e-01 3.553574681282e-01 4.198992848396e-01 3.901096880436e-01 3.257672190666e-01 5.597885847092e-01 3.683925569057e-01 3.662903308868e-01 3.899182677269e-01 2.314884066582e-01 2.803247869015e-01 2.086712419987e-01 1.551367193460e-01 2.319086492062e-01 3.170723915100e-01 1.784984320402e-01 1.175982877612e-01 1.427607387304e-01 1.442028433084e-01 1.243477165699e-01 1.140040755272e-01 1.191010400653e-01 1.199853643775e-01 1.157692298293e-01 1.145017072558e-01 1.169263646007e-01 1.038263589144e-01 7.787575572729e-02 5.068297311664e-02 4.682586342096e-02 5.236794799566e-02 6.009764969349e-02 6.154658272862e-02 5.684625357389e-02 4.800510033965e-02 3.740315511823e-02 2.716652490199e-02 2.410528995097e-02 2.664357982576e-02 2.808975987136e-02 3.354370966554e-02
3.132827281952e-01 3.660120368004e-01 3.460861444473e-01 5.078556537628e-01 5.546752810478e-01 3.514212369919e-01 7.721956372261e-01 4.881730973721e-01 3.747823834419e-01 2.462417185307e-01 4.460991919041e-01 3.626496493816e-01 2.127430737019e-01 2.000533789396e-01 2.385338395834e-01 3.201951682568e-01 3.034704029560e-01 2.215409576893e-01 1.969753950834e-01 1.741829812527e-01 1.610767543316e-01 1.392325907946e-01 1.158028021455e-01 1.194234415889e-01 1.191473379731e-01 8.868169039488e-02 6.660013645887e-02 6.135882064700e-02 4.944631457329e-02 6.657239049673e-02 7.298844307661e-02 6.844248622656e-02 5.604656040668e-02 4.576174914837e-02 3.829203546047e-02 3.285325691104e-02 2.905366756022e-02 2.635342068970e-02 2.575548738241e-02 2.831442281604e-02 5.748963728547e-02 9.976120293140e-02 1.030026972294e-01
5.102054476738e-01 3.437139391899e-01 4.456087946892e-01 4.752729237080e-01 6.140096783638e-01 5.307238698006e-01 5.968312025070e-01 4.837102890015e-01 2.855411469936e-01 2.884882688522e-01 4.810777008533e-01 3.062533438206e-01 2.998733222485e-01 3.371359705925e-01 3.805906474590e-01 4.032153487206e-01 2.554306685925e-01 2.511711418629e-01 2.335534542799e-01 1.553650796413e-01 1.163445636630e-01 1.665785610676e-01 2.186810523272e-01 1.667950302362e-01 1.069738566875e-01 7.585005462170e-02 5.611940100789e-02 6.528951227665e-02 6.659930199385e-02 6.287481635809e-02 5.152202025056e-02 3.861697763205e-02 3.194990009069e-02 2.701686881483e-02 3.067336790264e-02 2.892925031483e-02 2.833729051054e-02 4.423436895013e-02 8.870784193277e-02 1.209956333041e-01 9.972686320543e-02 6.888694316149e-02 5.989205092192e-02
4.310959577560e-01 3.744543790817e-01 5.998284816742e-01 4.729724526405e-01 6.999161839485e-01 6.865999102592e-01 6.818234920502e-01 4.368710219860e-01 5.368323326111e-01 4.063078463078e-01 4.562662243843e-01 4.363345205784e-01 4.893477261066e-01 3.455351293087e-01 4.087260961533e-01 3.830835819244e-01 2.260275930166e-01 2.048124969006e-01 1.811861246824e-01 3.015479147434e-01 3.234449625015e-01 1.716858446598e-01 2.071399092674e-01 1.407617032528e-01 1.335790753365e-01 1.205438897014e-01 1.008447781205e-01 1.044024303555e-01 8.638389408588e-02 6.899707764387e-02 1.270654648542e-01 5.398296564817e-02 5.371436476707e-02 5.710114911199e-02 6.054747849703e-02 6.380745023489e-02 1.131835058331e-01 1.296347081661e-01 1.001643761992e-01 1.105888038874e-01 1.120816618204e-01 1.100569367409e-01 1.014610379934e-01
6.048148870468e-01 4.430812895298e-01 6.669295430183e-01 7.047534584999e-01 6.668654084206e-01 8.646513819695e-01 7.886047363281e-01 5.953393578529e-01 4.658821225166e-01 6.103387475014e-01 4.954892992973e-01 7.257487773895e-01 5.943737030029e-01 5.231804847717e-01 5.318005084991e-01 2.634460628033e-01 3.980655968189e-01 5.269838571548e-01 4.155283570290e-01 1.960448622704e-01 2.170295864344e-01 2.120368033648e-01 9.349443018436e-02 1.251886188984e-01 1.320275366306e-01 1.225066408515e-01 1.174756661057e-01 1.877275556326e-01 2.234296500683e-01 1.966548711061e-01 9.667313843966e-02 7.634881883860e-02 6.544085592031e-02 7.549605518579e-02 1.468135267496e-01 1.506938338280e-01 9.520294517279e-02 6.722193211317e-02 8.231876045465e-02 1.030235961080e-01 1.237999126315e-01 1.239010542631e-01 1.195533797145e-01
7.217629551888e-01 7.732508778572e-01 9.145912528038e-01 1.171127080917e+00 1.733975052834e+00 8.185079097748e-01 9.700895547867e-01 6.065075397491e-01 1.170921564102e+00 7.679983973503e-01 8.813790082932e-01 6.195606589317e-01 3.902601897717e-01 6.130570173264e-01 6.786286830902e-01 6.604949235916e-01 4.122136831284e-01 2.357045561075e-01 5.108758807182e-01 4.404108524323e-01 2.350667864084e-01 1.632834672928e-01 1.339830756187e-01 2.406776249409e-01 2.936755418777e-01 2.581475675106e-01 1.680118888617e-01 1.594351381063e-01 1.721606254578e-01 7.308857142925e-02 1.080187335610e-01 1.615283191204e-01 2.004425972700e-01 1.799387186766e-01 1.156123280525e-01 2.059614807367e-01 2.434657514095e-01 2.173628062010e-01 1.555980294943e-01 1.081210002303e-01 1.354075372219e-01 1.489020437002e-01 1.573260873556e-01
6.265671253204e-01 8.799903988838e-01 9.238320589066e-01 9.834843873978e-01 1.516098141670e+00 1.872530221939e+00 1.515153288841e+00 1.013514518738e+00 1.355689048767e+00 9.761623144150e-01 7.419451475143e-01 6.551493406296e-01 6.900807619095e-01 8.522170782089e-01 6.651087999344e-01 5.005720257759e-01 6.532211899757e-01 6.082547307014e-01 3.329665064812e-01 3.989179134369e-01 4.023628234863e-01 3.478234410286e-01 2.483476847410e-01 1.329164355993e-01 1.359635293484e-01 1.338666081429e-01 1.388148069382e-01 1.669967919588e-01 1.889388263226e-01 2.025649845600e-01 1.969149857759e-01 1.679891645908e-01 1.269439160824e-01 1.296306103468e-01 2.395654916763e-01 2.919220626354e-01 2.729930281639e-01 2.004550546408e-01 1.210451647639e-01 6.187356635928e-02 7.743126153946e-02 8.950791507959e-02 9.965471178293e-02
1.032740831375e+00 1.498992919922e+00 1.688832402229e+00 1.144481658936e+00 1.422605991364e+00 1.987546563148e+00 2.108126878738e+00 1.722345113754e+00 1.284067034721e+00 1.339296340942e+00 1.293113470078e+00 8.248201608658e-01 8.153262734413e-01 5.440363287926e-01 4.862532019615e-01 6.850056052208e-01 8.164194226265e-01 6.519672870636e-01 3.087729811668e-01 2.841855287552e-01 2.705403566360e-01 2.619813978672e-01 2.517182826996e-01 2.767143249512e-01 2.763459384441e-01 2.437956631184e-01 2.169599533081e-01 2.178020328283e-01 1.779758334160e-01 1.335717141628e-01 1.328961849213e-01 1.247304230928e-01 1.076338589191e-01 2.030892223120e-01 2.419657111168e-01 2.290588021278e-01 1.596165597439e-01 8.421965688467e-02 7.588368654251e-02 7.132370024920e-02 7.119451463223e-02 7.617302238941e-02 8.224899321795e-02
1.546221971512e+00 2.133320093155e+00 2.200012207031e+00 1.903444170952e+00 2.336040735245e+00 1.930032968521e+00 2.495048046112e+00 5.275306224823e+00 1.574790120125e+00 1.392062664032e+00 1.209824800491e+00 1.179130554199e+00 9.719552993774e-01 1.176720499992e+00 1.108666300774e+00 7.645110487938e-01 6.987049579620e-01 7.196568250656e-01 4.626183211803e-01 3.688518106937e-01 4.193357825279e-01 4.290369153023e-01 4.659267365932e-01 3.464851379395e-01 2.981311678886e-01 2.637450993061e-01 2.124092131853e-01 2.325168699026e-01 2.329322546721e-01 2.150818556547e-01 1.826644241810e-01 1.506521999836e-01 1.834327131510e-01 2.104513943195e-01 1.953413784504e-01 1.497176587582e-01 1.095395982265e-01 1.055074036121e-01 1.027371138334e-01 1.014515012503e-01 9.897834062576e-02 9.507177025080e-02 9.090884774923e-02
7.656254172325e-01 1.513222813606e+00 1.991834998131e+00 2.019174098969e+00 3.245913505554e+00 2.834609031677e+00 3.318897724152e+00 3.928652524948e+00 1.910390615463e+00 1.703397274017e+00 1.771403670311e+00 9.825090169907e-01 1.282281279564e+00 1.381489515305e+00 1.157684922218e+00 1.007849216461e+00 8.539438843727e-01 7.354991436005e-01 6.897360682487e-01 1.072574257851e+00 1.240202665329e+00 5.230277776718e-01 3.593105077744e-01 3.290150761604e-01 4.545423090458e-01 2.924776375294e-01 2.564269006252e-01 2.399735450745e-01 2.249085605145e-01 2.134339362383e-01 2.044790387154e-01 2.108326852322e-01 2.223617732525e-01 1.896023005247e-01 1.447566002607e-01 1.369258314371e-01 1.290819793940e-01 8.884345740080e-02 9.403070062399e-02 9.943586587906e-02 9.165496379137e-02 9.380023926497e-02 9.835895150900e-02
1.620240330696e+00 2.691338539124e+00 3.555710077286e+00 3.768148183823e+00 3.040760755539e+00 4.317267894745e+00 4.588572025299e+00 3.764249086380e+00 1.940416336060e+00 2.113903522491e+00 1.955226063728e+00 2.505794763565e+00 1.034141302109e+00 1.757058382034e+00 1.935192584991e+00 9.838274717331e-01 8.855243921280e-01 9.291843175888e-01 1.012735128403e+00 1.174906373024e+00 8.924956321716e-01 2.823516428471e-01 3.803536593914e-01 3.265650868416e-01 3.507316112518e-01 2.864975333214e-01 2.309768795967e-01 2.284116297960e-01 1.894559264183e-01 1.324367672205e-01 1.450376510620e-01 1.582097560167e-01 1.695103496313e-01 1.735889613628e-01 1.669066697359e-01 1.590521633625e-01 1.411040872335e-01 1.468344479799e-01 1.625931859016e-01 1.654948741198e-01 1.473065316677e-01 1.271079778671e-01 1.103149801493e-01
1.021938681602e+00 1.865563631058e+00 3.536007881165e+00 4.521290302277e+00 3.380749225616e+00 4.166664123535e+00 2.923030853271e+00 7.923919200897e+00 5.696925163269e+00 9.606999397278e+00 2.669213771820e+00 2.006419181824e+00 2.422327041626e+00 1.384753704071e+00 1.008797407150e+00 6.900487542152e-01 6.619508266449e-01 4.419961869717e-01 3.370808362961e-01 3.212276697159e-01 3.008489310741e-01 2.842064797878e-01 3.140331208706e-01 3.594774901867e-01 3.651888370514e-01 3.169345855713e-01 3.553560078144e-01 2.470606118441e-01 1.506094038486e-01 1.293152272701e-01 1.085308566689e-01 9.926923364401e-02 1.039489954710e-01 9.747188538313e-02 1.265043169260e-01 1.375995427370e-01 1.094089820981e-01 1.365330666304e-01 1.607342958450e-01 1.696220040321e-01 1.914644986391e-01 2.390656769276e-01 2.697479128838e-01
4.109043121338e+00 6.983152627945e-01 1.126451969147e+00 5.533527374268e+00 1.989305496216e+00 2.742017507553e+00 7.994638442993e+00 1.384003734589e+01 1.962106513977e+01 3.148884201050e+01 2.774816513062e+00 2.937580585480e+00 2.675348281860e+00 2.200654983521e+00 1.399855971336e+00 7.485871315002e-01 5.186294317245e-01 2.764683246613e+00 4.024893283844e+00 5.378549695015e-01 6.993196606636e-01 6.454319357872e-01 4.750867784023e-01 3.044862449169e-01 2.352945655584e-01 2.200021594763e-01 4.356684386730e-01 6.401143074036e-01 2.965714931488e-01 1.482010930777e-01 1.253177225590e-01 1.077532097697e-01 1.012824401259e-01 9.823454171419e-02 1.106037274003e-01 1.176659986377e-01 1.113512665033e-01 9.473171085119e-02 8.532545715570e-02 8.235001564026e-02 9.065119177103e-02 1.062110587955e-01 9.227252751589e-02
9.721081852913e-01 2.721675634384e+00 7.246787548065e-01 9.980095624924e-01 9.413801193237e+00 5.420344352722e+00 5.913821220398e+00 6.970116615295e+00 8.033636093140e+00 1.662063789368e+01 1.744846343994e+01 3.241960763931e+00 3.026861667633e+00 2.682612895966e+00 2.227928400040e+00 1.230514407158e+00 5.559704899788e-01 2.937499284744e+00 4.329777061939e-01 4.796580970287e-01 8.411725759506e-01 8.920472860336e-01 7.600727677345e-01 5.859218239784e-01 5.954504013062e-01 5.099018216133e-01 5.172380805016e-01 3.611512482166e-01 1.882858723402e-01 1.726523637772e-01 1.559625864029e-01 1.320989280939e-01 1.175292059779e-01 9.883845597506e-02 7.942111790180e-02 7.111898064613e-02 9.098445624113e-02 1.008673980832e-01 8.754702657461e-02 7.260604202747e-02 7.586895674467e-02 8.161015808582e-02 8.342605829239e-02
8.379245400429e-01 1.586094141006e+00 3.259458065033e+00 2.515729904175e+00 2.461879968643e+00 2.027405738831e+00 2.898030757904e+00 2.808209180832e+00 3.127036571503e+00 4.668555259705e+00 1.070241832733e+01 1.908618736267e+01 3.986616134644e+00 2.375870466232e+00 1.291474103928e+00 3.674546182156e-01 6.708624362946e-01 1.393657803535e+00 1.787408739328e-01 2.582579255104e-01 4.382483661175e-01 5.646317601204e-01 6.368319988251e-01 3.984123468399e-01 3.529924154282e-01 3.351694047451e-01 4.180367290974e-01 4.008078277111e-01 3.508787155151e-01 2.532143294811e-01 2.442392706871e-01 1.639983803034e-01 1.504932194948e-01 1.102137491107e-01 1.023276150227e-01 9.512513130903e-02 1.036212220788e-01 1.017865538597e-01 9.349384903908e-02 7.345453649759e-02 7.268282026052e-02 7.133714109659e-02 7.880633324385e-02
5.647596120834e-01 2.346622943878e+00 5.425573825836e+00 3.818470239639e+00 8.217892050743e-01 1.106327414513e+00 1.095327377319e+00 1.220566749573e+00 2.515821456909e-01 4.044995784760e+00 7.682676315308e+00 1.897681808472e+01 3.891144514084e+00 2.734728336334e+00 3.955244064331e+00 5.183640122414e-01 9.621256589890e-01 3.527744114399e-01 1.140693575144e-01 3.559135198593e-01 6.550074219704e-01 1.658301591873e+00 1.253175616264e+00 8.471144437790e-01 5.863586664200e-01 3.689120411873e-01 4.206026494503e-01 3.088811337948e-01 2.345203310251e-01 2.900656759739e-01 2.902218699455e-01 2.309863567352e-01 1.623983979225e-01 1.719688624144e-01 1.439880430698e-01 1.222373247147e-01 1.084472835064e-01 1.004416793585e-01 9.082138538361e-02 8.889998495579e-02 7.860551029444e-02 6.696312874556e-02 7.600221782923e-02
4.774485826492e-01 1.186902761459e+00 8.058388710022e+00 9.834444046021e+00 5.216012001038e+00 7.233380079269e-01 5.547132492065e-01 7.397678494453e-01 1.027686715126e+00 1.086972951889e+00 7.075338959694e-01 3.324063301086e+00 8.358114242554e+00 1.188337039948e+01 6.377476215363e+00 1.664589166641e+00 2.333652019501e+00 9.209347367287e-01 7.457319498062e-01 3.048911809921e+00 8.928715586662e-01 5.095775127411e+00 1.615813374519e+00 8.178927302361e-01 8.184306621552e-01 3.799651265144e-01 4.004402756691e-01 3.043521046638e-01 4.768613874912e-01 3.642843365669e-01 2.082695960999e-01 2.238014042377e-01 2.294419109821e-01 2.178275287151e-01 2.132057994604e-01 1.697041988373e-01 1.378922164440e-01 1.201548874378e-01 1.001752912998e-01 7.942497730255e-02 8.136086165905e-02 7.935458421707e-02 9.690549224615e-02
4.849241971970e-01 4.346408247948e-01 6.787621974945e-01 3.852543354034e+00 2.395875453949e+00 5.123156309128e-01 4.280456602573e-01 4.370284974575e-01 5.515095591545e-01 5.060054659843e-01 3.764854073524e-01 4.185145199299e-01 9.936238527298e-01 4.241899967194e+00 1.252794837952e+01 5.476052284241e+00 2.589188337326e+00 1.589740514755e+00 8.798313736916e-01 2.196202754974e+00 1.149109363556e+00 3.590135276318e-01 3.685423731804e-01 2.637506425381e-01 3.962263464928e-01 6.641407608986e-01 5.082284212112e-01 3.717736601830e-01 3.289661705494e-01 4.478137493134e-01 4.649316668510e-01 4.018131792545e-01 2.679788470268e-01 1.995158642530e-01 2.147589772940e-01 1.872140169144e-01 1.597823351622e-01 1.343448162079e-01 1.132044047117e-01 9.369830787182e-02 7.046709954739e-02 7.419051229954e-02 8.866568654776e-02
3.329235613346e-01 3.576203584671e-01 3.575659096241e-01 4.413183033466e-01 4.456315040588e-01 3.941329121590e-01 3.894989788532e-01 3.596491813660e-01 3.959382176399e-01 3.026478290558e-01 2.265052348375e-01 1.821351945400e-01 3.021140992641e-01 4.341015815735e+00 6.980144500732e+00 5.785472393036e+00 3.146206855774e+00 2.094434022903e+00 3.347162961960e+00 1.186937928200e+00 5.909402966499e-01 2.881940603256e-01 7.806102037430e-01 7.583892345428e-01 9.782577753067e-01 9.754953980446e-01 9.097328186035e-01 8.516401052475e-01 7.939763069153e-01 7.488529086113e-01 7.912034988403e-01 9.628498554230e-01 8.212164044380e-01 3.309858441353e-01 1.313918828964e-01 1.533281356096e-01 1.665708273649e-01 1.153591647744e-01 9.679138660431e-02 6.821928173304e-02 6.905242800713e-02 6.783031672239e-02 6.909731775522e-02
