VariationalSeries/SI/f87.grd
DSAA
101	101
32.816463539100	34.260883539100
35.556306596100	36.727886596100
8.907691808417e-04	3.148884201050e+01
[rows 19 to 37 of 101, columns 43 to 85 of 101]
6.332482397556e-02 9.003170579672e-02 1.172542050481e-01 1.201112493873e-01 7.733748108149e-02 4.926117137074e-02 4.639960825443e-02 6.732529401779e-02 5.508759990335e-02 5.619873106480e-02 5.149932205677e-02 7.105360925198e-02 5.124415457249e-02 4.663113132119e-02 6.111022830009e-02 5.724185705185e-02 4.990638419986e-02 3.953890129924e-02 4.579679295421e-02 4.028374701738e-02 2.546361088753e-02 2.643040753901e-02 3.127877414227e-02 3.123368881643e-02 2.976500429213e-02 4.420825839043e-02 3.652134537697e-02 2.183440141380e-02 1.548578497022e-02 2.377659641206e-02 3.567122668028e-02 5.429448559880e-02 6.125102192163e-02 4.740177094936e-02 2.536765672266e-02 1.786256954074e-02 1.219970453531e-02 1.816748082638e-02 1.645051687956e-02 8.276880718768e-03 1.006473880261e-02 8.298875764012e-03 6.271286401898e-03
6.682126969099e-02 8.804076164961e-02 1.249945089221e-01 1.447550505400e-01 1.059487834573e-01 5.089388787746e-02 4.925527423620e-02 7.148467749357e-02 4.807617142797e-02 6.068340316415e-02 6.380715221167e-02 8.054881542921e-02 6.305002421141e-02 4.944340884686e-02 6.912113726139e-02 7.079158723354e-02 4.845144972205e-02 3.887114673853e-02 4.096999764442e-02 3.474984318018e-02 2.931989356875e-02 3.623959422112e-02 4.403455555439e-02 4.187788441777e-02 3.603065013885e-02 4.537015035748e-02 3.608267381787e-02 2.140284702182e-02 1.783226244152e-02 3.296682238579e-02 5.505003780127e-02 7.173337042332e-02 6.396604329348e-02 3.913241624832e-02 2.186238020658e-02 1.827394217253e-02 1.954243145883e-02 2.171683497727e-02 2.102304250002e-02 1.422224845737e-02 1.185148209333e-02 1.008529029787e-02 8.315918967128e-03
7.075881212950e-02 7.619921863079e-02 1.153448373079e-01 1.512999236584e-01 1.300892531872e-01 6.280975788832e-02 5.194980278611e-02 7.592575997114e-02 3.964232280850e-02 5.734167248011e-02 6.059314310551e-02 8.590015769005e-02 7.505886256695e-02 5.345050990582e-02 7.532809674740e-02 7.516270875931e-02 5.085057765245e-02 3.636677935719e-02 3.966944292188e-02 3.329556807876e-02 3.396566212177e-02 4.512321576476e-02 4.831526800990e-02 4.721930995584e-02 4.390232637525e-02 4.446930810809e-02 3.148008137941e-02 2.042859792709e-02 3.172319009900e-02 5.501721054316e-02 7.687123864889e-02 7.434554398060e-02 5.012939870358e-02 2.583421021700e-02 2.164139971137e-02 1.973773539066e-02 2.199804037809e-02 2.495969645679e-02 2.558280527592e-02 1.889468915761e-02 1.663508638740e-02 1.469723507762e-02 1.245647948235e-02
6.714337319136e-02 6.394670903683e-02 9.789867699146e-02 1.444259285927e-01 1.437643021345e-01 8.063245564699e-02 5.958322063088e-02 8.062099665403e-02 4.215641319752e-02 5.067483335733e-02 5.248344317079e-02 8.710783720016e-02 8.606392890215e-02 5.926726758480e-02 7.985103875399e-02 7.197852432728e-02 5.152690783143e-02 3.639413788915e-02 3.555781766772e-02 3.943538665771e-02 4.212103411555e-02 4.502655938268e-02 4.414815455675e-02 3.930911421776e-02 4.944545030594e-02 4.453021660447e-02 2.414745092392e-02 3.384888917208e-02 5.813566595316e-02 8.167285472155e-02 8.007331192493e-02 5.550053715706e-02 2.837099879980e-02 2.695746533573e-02 1.643262803555e-02 1.739490218461e-02 1.876140944660e-02 2.728822082281e-02 2.939434163272e-02 1.911194995046e-02 1.883520372212e-02 1.773275993764e-02 1.600122079253e-02
5.481849238276e-02 6.726579368114e-02 7.997501641512e-02 1.281324625015e-01 1.450156122446e-01 9.702712297440e-02 7.467260211706e-02 8.507759869099e-02 4.474562406540e-02 4.378930106759e-02 6.181770190597e-02 8.515603095293e-02 9.482403844595e-02 6.795152276754e-02 7.669362425804e-02 6.263764947653e-02 5.039982125163e-02 3.953852877021e-02 4.367281123996e-02 5.531512945890e-02 4.725087061524e-02 4.210329800844e-02 3.895092755556e-02 4.356839135289e-02 4.453845694661e-02 3.410224616528e-02 3.571584448218e-02 6.224979460239e-02 8.886814862490e-02 8.614291250706e-02 5.834583938122e-02 3.087966144085e-02 2.054624073207e-02 2.545510604978e-02 1.680043339729e-02 1.755012013018e-02 1.546829380095e-02 2.861410938203e-02 3.231486305594e-02 1.559492107481e-02 1.607780344784e-02 1.673365198076e-02 1.698370091617e-02
7.619849592447e-02 7.103496044874e-02 6.373182684183e-02 1.087672412395e-01 1.383583545685e-01 1.085384637117e-01 7.192942500114e-02 9.044198691845e-02 7.005105912685e-02 5.832756310701e-02 7.827079296112e-02 8.058851212263e-02 1.005881801248e-01 8.215671032667e-02 6.905499100685e-02 4.851507022977e-02 5.318021401763e-02 5.538302287459e-02 7.149801403284e-02 6.111221387982e-02 4.637948796153e-02 4.591235145926e-02 3.963098302484e-02 3.841099888086e-02 3.578943014145e-02 3.617541491985e-02 6.787586212158e-02 9.623911231756e-02 9.136977791786e-02 6.109230220318e-02 3.264082968235e-02 1.703819446266e-02 2.744401060045e-02 2.146802283823e-02 1.644360832870e-02 1.671309955418e-02 1.801231689751e-02 2.889422327280e-02 3.440537676215e-02 1.773783005774e-02 1.166111323982e-02 1.255112513900e-02 1.410952676088e-02
1.176808178425e-01 7.187810540199e-02 6.572400033474e-02 9.121112525463e-02 1.281930506229e-01 1.152403429151e-01 6.608605384827e-02 9.681186825037e-02 8.450736850500e-02 8.360959589481e-02 9.260701388121e-02 9.163951873779e-02 1.030020341277e-01 9.477598220110e-02 5.721470713615e-02 6.729024648666e-02 8.033654838800e-02 8.241319656372e-02 8.069249987602e-02 5.852858349681e-02 5.107145011425e-02 4.959825426340e-02 4.544164240360e-02 4.169355705380e-02 3.705670684576e-02 7.136198133230e-02 1.052737385035e-01 9.835274517536e-02 6.382130831480e-02 3.337537869811e-02 2.549355663359e-02 2.227104641497e-02 3.209052979946e-02 2.260124869645e-02 1.858091913164e-02 1.403307076544e-02 1.995103806257e-02 2.795686200261e-02 3.560248389840e-02 1.992753520608e-02 1.203015539795e-02 8.734180592000e-03 1.018839888275e-02
1.563138514757e-01 7.414795458317e-02 7.090546935797e-02 7.812767475843e-02 1.163257136941e-01 1.189125254750e-01 7.736065983772e-02 1.040586605668e-01 7.058751583099e-02 9.240666031837e-02 1.015883088112e-01 9.826752543449e-02 1.025548204780e-01 1.055055409670e-01 7.090862095356e-02 7.914832234383e-02 9.334725886583e-02 9.089725464582e-02 7.822550833225e-02 6.861165910959e-02 5.393180251122e-02 5.343581363559e-02 5.690201371908e-02 4.175513610244e-02 7.227336615324e-02 1.124839708209e-01 1.081970855594e-01 6.757725030184e-02 3.424058109522e-02 3.573412075639e-02 3.916295990348e-02 2.900729700923e-02 3.141494095325e-02 2.290694043040e-02 1.888306811452e-02 1.392944809049e-02 1.993831619620e-02 2.662513591349e-02 3.581642359495e-02 2.187178283930e-02 1.250377669930e-02 8.160337805748e-03 8.627989329398e-03
1.839757859707e-01 8.220901340246e-02 7.547082006931e-02 6.905899196863e-02 1.048062816262e-01 1.213054358959e-01 8.792516589165e-02 1.109173148870e-01 6.325997412205e-02 8.025191724300e-02 1.110593080521e-01 9.344704449177e-02 9.910032153130e-02 1.141301542521e-01 8.764759451151e-02 1.045144721866e-01 9.887520968914e-02 9.922385960817e-02 8.034524321556e-02 8.160919696093e-02 5.631598830223e-02 5.669697746634e-02 6.150113791227e-02 6.950397044420e-02 1.178097203374e-01 1.199509724975e-01 7.498002052307e-02 5.550560727715e-02 4.733908548951e-02 3.444655612111e-02 6.144271418452e-02 4.178840667009e-02 2.459142729640e-02 2.173273637891e-02 1.817214488983e-02 1.415685750544e-02 2.498756907880e-02 2.646333910525e-02 3.520327061415e-02 2.346369437873e-02 1.388628687710e-02 9.948074817657e-03 9.708249010146e-03
2.513031363487e-01 1.153514608741e-01 8.489988744259e-02 6.738311052322e-02 9.419342875481e-02 1.225215196609e-01 9.874022006989e-02 1.183835119009e-01 7.399554550648e-02 8.567562699318e-02 1.235376521945e-01 8.024165779352e-02 9.146113693714e-02 1.152852699161e-01 1.133123263717e-01 1.073562502861e-01 1.022522598505e-01 9.198682010174e-02 9.867166727781e-02 8.978009223938e-02 6.884894520044e-02 5.685710534453e-02 6.377999484539e-02 1.200907602906e-01 1.327887475491e-01 8.561387658119e-02 6.393610686064e-02 7.538607716560e-02 6.314985454082e-02 5.620211735368e-02 8.152674883604e-02 4.707923531532e-02 2.136069536209e-02 1.861387118697e-02 1.632681861520e-02 1.737553067505e-02 3.773758932948e-02 3.823167458177e-02 3.424634039402e-02 2.499448135495e-02 1.594402268529e-02 1.143953483552e-02 1.052329782397e-02
2.865934073925e-01 1.690057814121e-01 9.331119060516e-02 8.242222666740e-02 1.062953919172e-01 1.224143952131e-01 1.107987686992e-01 1.272224932909e-01 9.628859907389e-02 1.103617325425e-01 1.282589286566e-01 1.005268171430e-01 8.338749408722e-02 1.116615533829e-01 1.265233606100e-01 2.225886583328e-01 1.195639595389e-01 1.119459718466e-01 1.133158802986e-01 8.942697197199e-02 8.494815230370e-02 7.812970131636e-02 1.194495260715e-01 1.415811926126e-01 9.696264564991e-02 6.769158691168e-02 7.915111631155e-02 8.939751237631e-02 7.885628938675e-02 8.215055614710e-02 8.687234669924e-02 4.081718623638e-02 1.930760964751e-02 1.697520539165e-02 1.627652905881e-02 1.449920237064e-02 5.787797644734e-02 4.567416012287e-02 3.710529208183e-02 2.605479769409e-02 1.794438436627e-02 1.246090698987e-02 1.064780168235e-02
2.958339452744e-01 1.868323534727e-01 1.019912809134e-01 9.135263413191e-02 1.256156265736e-01 1.184240952134e-01 1.224187165499e-01 1.368484497070e-01 1.089193075895e-01 1.398981064558e-01 1.437300890684e-01 1.914727985859e-01 1.688886731863e-01 1.197158172727e-01 1.982204467058e-01 2.853355109692e-01 1.260757744312e-01 1.542958170176e-01 1.532057225704e-01 1.254863291979e-01 9.956739097834e-02 1.197090297937e-01 1.495738178492e-01 1.072382256389e-01 7.792223989964e-02 7.934872806072e-02 8.650677651167e-02 9.707864373922e-02 9.522388130426e-02 9.908299893141e-02 7.465394586325e-02 2.875823713839e-02 2.144237048924e-02 1.742371171713e-02 1.666979119182e-02 2.759862691164e-02 7.995796948671e-02 4.452521726489e-02 4.392936080694e-02 2.678621374071e-02 1.967844367027e-02 1.452652085572e-02 1.077061146498e-02
2.928793430328e-01 1.622125506401e-01 1.630173772573e-01 9.977434575558e-02 1.438686847687e-01 1.127278506756e-01 1.333363652229e-01 1.473765075207e-01 1.141142472625e-01 1.603324860334e-01 1.562789976597e-01 1.392798572779e-01 1.257500797510e-01 9.717762470245e-02 1.374256461859e-01 1.841355562210e-01 1.072635650635e-01 1.532264798880e-01 1.675134748220e-01 1.399542391300e-01 1.250646561384e-01 1.572597622871e-01 1.173977851868e-01 8.674433082342e-02 8.460623770952e-02 8.070714771748e-02 8.712445944548e-02 1.043080985546e-01 1.055220291018e-01 9.792654961348e-02 5.961699038744e-02 2.856428176165e-02 2.751332893968e-02 3.342870995402e-02 3.826486691833e-02 5.572217330337e-02 9.039240330458e-02 4.676503315568e-02 3.696539998055e-02 2.655889652669e-02 2.388054504991e-02 1.811796426773e-02 1.283117011189e-02
3.049318790436e-01 1.647527366877e-01 1.820501536131e-01 1.341934651136e-01 1.602619290352e-01 1.371414363384e-01 1.423499435186e-01 1.572066545486e-01 1.635632961988e-01 1.601662933826e-01 1.146374195814e-01 1.026688665152e-01 1.377654969692e-01 1.318596750498e-01 9.565284848213e-02 8.946408331394e-02 1.259918510914e-01 1.499991267920e-01 1.448456943035e-01 1.319591253996e-01 1.677406877279e-01 1.273453384638e-01 1.010273098946e-01 8.882874995470e-02 8.198238164186e-02 6.978489458561e-02 8.525599539280e-02 1.064745560288e-01 1.126882731915e-01 1.056621149182e-01 7.300584763288e-02 5.032633617520e-02 5.243725329638e-02 5.219063162804e-02 5.029279738665e-02 8.687906712294e-02 7.457338273525e-02 3.266131877899e-02 3.543715924025e-02 3.637143969536e-02 3.383939340711e-02 2.623555250466e-02 1.678274758160e-02
2.972748279572e-01 1.606942564249e-01 1.416317671537e-01 1.755377799273e-01 1.773636043072e-01 1.667323708534e-01 1.576445698738e-01 1.672988981009e-01 1.733556389809e-01 1.407601237297e-01 1.456207334995e-01 1.718930006027e-01 1.429568082094e-01 1.230135187507e-01 1.420202553272e-01 1.440910100937e-01 1.574183851480e-01 1.487100124359e-01 1.445124894381e-01 1.804524362087e-01 1.401426345110e-01 1.164184883237e-01 9.931679815054e-02 7.734212279320e-02 7.852574437857e-02 8.820714056492e-02 9.316420555115e-02 1.155955567956e-01 1.204932257533e-01 1.164885982871e-01 8.702388405800e-02 5.794790014625e-02 5.136404186487e-02 4.357485473156e-02 7.908342778683e-02 9.031616896391e-02 4.018700122833e-02 3.709584474564e-02 3.887671604753e-02 3.963026776910e-02 3.763195872307e-02 3.157760575414e-02 2.198687754571e-02
2.777684926987e-01 1.551302373409e-01 1.549015790224e-01 1.760157048702e-01 1.878394335508e-01 2.085974812508e-01 1.526539921761e-01 1.735696345568e-01 1.857455968857e-01 1.503422707319e-01 1.585527509451e-01 1.945662945509e-01 1.789031773806e-01 1.467519849539e-01 1.460045278072e-01 1.712623983622e-01 2.136693894863e-01 1.547325104475e-01 2.011399120092e-01 1.545496284962e-01 1.080432683229e-01 1.050883904099e-01 8.432649821043e-02 8.565328270197e-02 8.359473198652e-02 1.015038415790e-01 1.094622835517e-01 1.061334460974e-01 1.275212615728e-01 1.279762536287e-01 9.975948184729e-02 4.397235810757e-02 5.430624634027e-02 8.404056727886e-02 9.088527411222e-02 5.301207676530e-02 3.266315162182e-02 3.318872675300e-02 3.328005596995e-02 3.403969109058e-02 3.412530943751e-02 3.174149245024e-02 2.546427026391e-02
2.559843659401e-01 1.627894490957e-01 1.780274957418e-01 2.227864265442e-01 1.909253597260e-01 2.576258182526e-01 1.865357905626e-01 2.021382004023e-01 3.117251992226e-01 2.272129505873e-01 2.355738282204e-01 1.572092473507e-01 1.453565359116e-01 1.518443524837e-01 1.814734637737e-01 1.696307957172e-01 3.088312745094e-01 2.315741330385e-01 1.881630271673e-01 1.429686397314e-01 1.068694666028e-01 9.731522947550e-02 8.225130289793e-02 6.727857887745e-02 7.853946089745e-02 1.102975308895e-01 1.385740041733e-01 1.076711341739e-01 1.335638612509e-01 1.400549262762e-01 1.138811558485e-01 7.348828017712e-02 9.302835166454e-02 8.586604893208e-02 4.899196699262e-02 3.307340294123e-02 3.118930570781e-02 2.915922179818e-02 2.706096880138e-02 2.586790919304e-02 2.955685183406e-02 3.066891245544e-02 2.794196829200e-02
2.790404558182e-01 2.077852487564e-01 1.956711858511e-01 2.813856601715e-01 2.195576578379e-01 3.133620917797e-01 2.375535517931e-01 2.998942434788e-01 4.343055784702e-01 2.659501433372e-01 2.838141322136e-01 2.138172835112e-01 2.019492983818e-01 1.962230652571e-01 1.820030361414e-01 1.570534557104e-01 3.597835004330e-01 2.563218772411e-01 1.692217290401e-01 1.169282421470e-01 8.040915429592e-02 5.074592307210e-02 6.999913603067e-02 9.792837500572e-02 1.103219091892e-01 1.041169837117e-01 1.357182711363e-01 1.195943430066e-01 1.513727307320e-01 1.496211588383e-01 1.188088655472e-01 9.436371922493e-02 7.058359682560e-02 3.458825871348e-02 2.185423485935e-02 2.072880789638e-02 1.770244911313e-02 1.558725163341e-02 1.620379090309e-02 2.364611625671e-02 3.078524209559e-02 3.567998483777e-02 3.714997321367e-02
2.326299101114e-01 3.267151415348e-01 2.265028506517e-01 3.328595161438e-01 3.000317215919e-01 3.538458943367e-01 4.069138169289e-01 3.759033977985e-01 3.569845557213e-01 3.153758347034e-01 3.364371061325e-01 2.761681973934e-01 2.126633673906e-01 2.002687603235e-01 2.106827795506e-01 1.557690948248e-01 2.786775529385e-01 2.325773984194e-01 1.475688368082e-01 1.174596622586e-01 7.749661803246e-02 1.051460504532e-01 1.149825975299e-01 1.114349365234e-01 1.011991426349e-01 7.991379499435e-02 1.068868041039e-01 1.487382650375e-01 1.577321439981e-01 1.317219287157e-01 9.240069985390e-02 4.719000682235e-02 3.945866599679e-02 3.392730280757e-02 2.807603590190e-02 2.785138040781e-02 3.633082658052e-02 4.217362031341e-02 4.417587444186e-02 4.244971275330e-02 3.719487786293e-02 2.988535724580e-02 3.164959326386e-02
