VariationalSeries/SI/f87.grd
DSAA
101	101
32.816463539100	34.260883539100
35.556306596100	36.727886596100
8.907691808417e-04	3.148884201050e+01
[rows 0 to 18 of 101, columns 43 to 85 of 101]
6.761184427887e-03 1.163393165916e-02 1.358475442976e-02 1.093854196370e-02 7.734086830169e-03 7.031442131847e-03 8.480613119900e-03 9.459604509175e-03 6.391467526555e-03 8.143017068505e-03 1.018655858934e-02 1.204416621476e-02 1.201822701842e-02 9.966220706701e-03 7.499162107706e-03 6.028246600181e-03 8.460439741611e-03 9.681021794677e-03 5.383838433772e-03 6.268276367337e-03 7.514246739447e-03 7.470678072423e-03 9.805963374674e-03 1.228461321443e-02 1.180081814528e-02 8.510561659932e-03 7.223150692880e-03 6.657742895186e-03 6.334278266877e-03 5.354149267077e-03 4.622607957572e-03 4.302732180804e-03 3.955344203860e-03 3.818196244538e-03 3.747349139303e-03 3.555809846148e-03 3.235830226913e-03 2.800825051963e-03 2.437459072098e-03 2.167082391679e-03 1.944115618244e-03 1.719680731185e-03 2.072880743071e-03
1.644088327885e-02 2.105810306966e-02 2.664289996028e-02 2.394310943782e-02 1.819559931755e-02 1.280482765287e-02 1.616545766592e-02 1.833279617131e-02 1.728577166796e-02 1.732019521296e-02 1.811917126179e-02 2.236284129322e-02 2.232647873461e-02 1.813881471753e-02 1.355104520917e-02 1.160918828100e-02 1.578709296882e-02 1.792076230049e-02 1.014486514032e-02 1.232816558331e-02 1.478239800781e-02 1.393379457295e-02 1.847901381552e-02 2.324062213302e-02 2.126214839518e-02 1.511927787215e-02 1.322282291949e-02 1.256757508963e-02 1.202211715281e-02 1.090075634420e-02 9.788313880563e-03 8.509737439454e-03 7.390925660729e-03 7.035465445369e-03 6.554152816534e-03 6.034737918526e-03 5.484612658620e-03 4.834254737943e-03 4.623882472515e-03 4.206459503621e-03 3.449156880379e-03 3.284438280389e-03 4.108440596610e-03
2.327079139650e-02 2.203471213579e-02 2.970910631120e-02 2.964641526341e-02 2.441865950823e-02 1.719148643315e-02 1.828047446907e-02 2.219912037253e-02 2.997302077711e-02 3.048996441066e-02 1.949823461473e-02 2.537742257118e-02 2.506777085364e-02 1.923414878547e-02 1.601492427289e-02 1.486905664206e-02 1.852415129542e-02 2.079573646188e-02 1.199527084827e-02 1.492016762495e-02 1.777731254697e-02 1.720456592739e-02 2.089296281338e-02 2.548888698220e-02 2.186497114599e-02 1.616705581546e-02 1.498783472925e-02 1.409567613155e-02 1.341880764812e-02 1.304781250656e-02 1.240120921284e-02 1.027600094676e-02 8.652609772980e-03 7.665629498661e-03 6.961716804653e-03 6.448817905039e-03 5.944891832769e-03 5.341701675206e-03 5.434658844024e-03 5.118413828313e-03 4.230444319546e-03 4.185823723674e-03 4.529234487563e-03
2.679784595966e-02 3.065230511129e-02 2.655362151563e-02 2.925734594464e-02 2.642655931413e-02 2.045467495918e-02 1.900939084589e-02 2.999325655401e-02 4.230809956789e-02 4.405847191811e-02 2.937837876379e-02 2.594423666596e-02 2.512660250068e-02 1.767258346081e-02 1.646669954062e-02 1.682864502072e-02 1.943974941969e-02 2.154938131571e-02 1.276418752968e-02 1.588095538318e-02 1.911320351064e-02 1.960603706539e-02 2.203294262290e-02 2.560946531594e-02 2.050876431167e-02 1.645914465189e-02 1.504426822066e-02 1.383365597576e-02 1.350464764982e-02 1.373739168048e-02 1.364027615637e-02 1.156483963132e-02 8.792152628303e-03 7.407323457301e-03 6.701675243676e-03 6.231095641851e-03 5.723677109927e-03 5.715792998672e-03 5.868525244296e-03 5.666846875101e-03 4.721848759800e-03 4.739018622786e-03 4.408832639456e-03
2.636365406215e-02 3.673294931650e-02 2.547802589834e-02 2.474241331220e-02 2.438336610794e-02 2.597400173545e-02 2.150870300829e-02 3.681373968720e-02 5.370713025331e-02 5.813797563314e-02 4.090486466885e-02 2.555729262531e-02 2.396040037274e-02 1.638272032142e-02 1.510371267796e-02 1.716271601617e-02 2.017134800553e-02 2.185285836458e-02 1.385887898505e-02 1.649150624871e-02 2.010682597756e-02 2.122749760747e-02 2.327508293092e-02 2.527301385999e-02 1.904008723795e-02 1.562623120844e-02 1.414253469557e-02 1.378769893199e-02 1.333426404744e-02 1.371503062546e-02 1.426056586206e-02 1.264562737197e-02 9.695392102003e-03 7.515007164329e-03 6.531959399581e-03 5.836190190166e-03 5.671241320670e-03 6.020961329341e-03 6.290645338595e-03 6.130581721663e-03 5.229401402175e-03 4.952791612595e-03 4.046221263707e-03
2.289492636919e-02 3.902794048190e-02 2.948177419603e-02 1.973235234618e-02 2.126192115247e-02 3.150588646531e-02 2.332073450089e-02 4.179627075791e-02 6.382963806391e-02 7.216046005487e-02 5.307051539421e-02 2.516588382423e-02 2.168434858322e-02 1.833628863096e-02 1.494956947863e-02 1.566785015166e-02 2.094754390419e-02 2.177963405848e-02 1.604300178587e-02 1.734803803265e-02 2.086631394923e-02 2.221441455185e-02 2.495632879436e-02 2.448729984462e-02 1.776840165257e-02 1.455785799772e-02 1.410679426044e-02 1.310634333640e-02 1.256705448031e-02 1.307721901685e-02 1.420200150460e-02 1.350717619061e-02 1.043605804443e-02 8.405369706452e-03 8.102305233479e-03 5.878177005798e-03 6.080268882215e-03 6.355096586049e-03 6.713788025081e-03 6.497403606772e-03 5.743788089603e-03 4.823192954063e-03 3.563473932445e-03
2.108834870160e-02 3.744202479720e-02 2.962366491556e-02 2.316717058420e-02 2.053196728230e-02 3.662910684943e-02 2.299937047064e-02 4.421943798661e-02 7.089193910360e-02 8.298905193806e-02 6.427998095751e-02 3.374197334051e-02 2.269960753620e-02 2.031125314534e-02 1.550676021725e-02 1.431897561997e-02 2.171682007611e-02 2.151969261467e-02 1.835073903203e-02 1.811790280044e-02 2.118288725615e-02 2.273715473711e-02 2.614825963974e-02 2.263252064586e-02 1.884999684989e-02 1.432543341070e-02 1.339565124363e-02 1.228874176741e-02 1.196097116917e-02 1.275050640106e-02 1.431929040700e-02 1.427838020027e-02 1.152679137886e-02 1.246756687760e-02 1.244344096631e-02 6.201057229191e-03 6.443387828767e-03 6.676045246422e-03 6.995628587902e-03 6.759628653526e-03 6.084596272558e-03 4.861825611442e-03 3.650465980172e-03
2.417029626667e-02 3.583750873804e-02 2.867384254932e-02 2.648121863604e-02 2.457557246089e-02 4.150915145874e-02 2.282349951565e-02 4.284838587046e-02 7.179094851017e-02 8.777084201574e-02 7.321809232235e-02 4.426591098309e-02 2.341961488128e-02 2.233070507646e-02 1.778649725020e-02 1.673286221921e-02 2.234998159111e-02 2.101219631732e-02 1.944950595498e-02 1.866370253265e-02 2.124085277319e-02 2.267881110311e-02 2.651182748377e-02 2.097363397479e-02 1.968041993678e-02 1.378903165460e-02 1.240822672844e-02 1.143643166870e-02 1.155050005764e-02 1.279309764504e-02 1.479974761605e-02 1.504785940051e-02 1.542614959180e-02 1.704739034176e-02 1.775825582445e-02 7.546025793999e-03 6.710466463119e-03 6.940179038793e-03 7.190055679530e-03 7.069878745824e-03 6.403239909559e-03 5.169655662030e-03 3.856459166855e-03
2.704796753824e-02 3.601656854153e-02 2.849515341222e-02 2.862714976072e-02 2.848100103438e-02 4.604544118047e-02 2.405037730932e-02 3.781783953309e-02 6.591002643108e-02 8.586777001619e-02 7.867643237114e-02 5.415507033467e-02 3.344199061394e-02 2.440229430795e-02 2.120812796056e-02 1.918100006878e-02 2.277712337673e-02 2.020549401641e-02 1.897545345128e-02 2.036074548960e-02 2.078983560205e-02 2.344048209488e-02 2.626161091030e-02 1.930719614029e-02 2.023308351636e-02 1.390700135380e-02 1.283448748291e-02 1.155423186719e-02 1.353539153934e-02 1.503777876496e-02 1.635990105569e-02 1.780887879431e-02 1.936483941972e-02 2.114390581846e-02 2.178772911429e-02 9.118144400418e-03 7.005217019469e-03 7.376252207905e-03 7.562747690827e-03 7.511553820223e-03 6.630743388087e-03 5.340880248696e-03 4.018351901323e-03
2.895869500935e-02 3.676180541515e-02 2.827086299658e-02 2.803329192102e-02 3.177269548178e-02 4.966019093990e-02 2.550127357244e-02 3.131700307131e-02 5.657828599215e-02 7.890439033508e-02 7.952185720205e-02 6.207663938403e-02 4.351414740086e-02 3.230541944504e-02 2.466916292906e-02 2.122856490314e-02 2.293558046222e-02 1.917771622539e-02 1.664490438998e-02 2.023628167808e-02 2.113533951342e-02 2.690457738936e-02 2.487892843783e-02 1.757617853582e-02 2.061017788947e-02 1.453713141382e-02 1.421500928700e-02 1.475420501083e-02 1.660762913525e-02 1.813641004264e-02 1.969031058252e-02 2.077303640544e-02 2.149197459221e-02 2.245895005763e-02 2.365608513355e-02 1.006463915110e-02 7.730341516435e-03 8.345955051482e-03 8.322043344378e-03 7.692991755903e-03 6.432310678065e-03 5.209382157773e-03 4.049762152135e-03
2.931294590235e-02 3.811308741570e-02 2.810311876237e-02 2.538834698498e-02 3.370025753975e-02 5.256135389209e-02 2.726524509490e-02 2.792119048536e-02 4.583087936044e-02 6.726609170437e-02 7.402110844851e-02 6.629204005003e-02 5.349959805608e-02 4.250401258469e-02 3.430070728064e-02 2.483016997576e-02 2.314856275916e-02 2.039984613657e-02 1.690612919629e-02 2.150882408023e-02 2.429390884936e-02 2.990598790348e-02 2.309953048825e-02 1.970867440104e-02 2.018851228058e-02 1.541335321963e-02 1.668228581548e-02 1.821766421199e-02 1.958340778947e-02 2.075622975826e-02 2.132968790829e-02 2.084673941135e-02 1.998118869960e-02 1.964573003352e-02 2.250341139734e-02 1.011492405087e-02 9.432310238481e-03 9.826485067606e-03 8.770389482379e-03 7.218050304800e-03 5.947909317911e-03 4.985007923096e-03 3.950485028327e-03
2.847556024790e-02 3.961430862546e-02 2.849609032273e-02 2.692577242851e-02 3.630113974214e-02 5.440458282828e-02 2.903947606683e-02 2.905820123851e-02 3.469381481409e-02 5.297321826220e-02 6.350820511580e-02 6.528314203024e-02 5.974062532187e-02 5.267905443907e-02 4.652735218406e-02 3.662482276559e-02 3.114714473486e-02 2.996463701129e-02 2.393581718206e-02 2.835745550692e-02 3.039150126278e-02 3.188386559486e-02 2.238484472036e-02 2.083346620202e-02 1.905002258718e-02 1.788555644453e-02 2.087626233697e-02 2.169358730316e-02 2.172208577394e-02 2.054280228913e-02 1.935155317187e-02 1.796378195286e-02 1.587620936334e-02 1.587867550552e-02 2.107045054436e-02 1.016870420426e-02 1.159618142992e-02 1.064624730498e-02 8.352402597666e-03 6.616017781198e-03 5.648630671203e-03 5.072735249996e-03 5.395420361310e-03
2.906110510230e-02 4.112618416548e-02 3.604178130627e-02 2.476680837572e-02 4.021373391151e-02 5.594401434064e-02 3.075842931867e-02 3.115106932819e-02 2.809488587081e-02 3.899940848351e-02 4.912643134594e-02 5.800255388021e-02 6.123449280858e-02 5.954997614026e-02 5.576498433948e-02 4.599208012223e-02 3.909778222442e-02 3.674092143774e-02 3.258650377393e-02 3.662787005305e-02 3.729078918695e-02 3.295326977968e-02 2.518527768552e-02 2.105252072215e-02 1.733120903373e-02 2.255843766034e-02 2.443809248507e-02 2.298997901380e-02 2.072964422405e-02 1.811487413943e-02 1.581960171461e-02 1.349584106356e-02 1.197867654264e-02 1.335908100009e-02 2.042632177472e-02 1.300508994609e-02 1.270010601729e-02 1.015000697225e-02 7.852233015001e-03 6.449500098825e-03 5.307274870574e-03 6.586373317987e-03 6.469966843724e-03
2.602277882397e-02 4.268028587103e-02 3.916788473725e-02 2.389134466648e-02 4.342865571380e-02 5.765959620476e-02 3.429823741317e-02 3.726975247264e-02 2.535626664758e-02 2.857938781381e-02 3.493971750140e-02 4.568587616086e-02 5.779060721397e-02 6.275575608015e-02 6.268122792244e-02 5.292858183384e-02 4.547316953540e-02 3.938828036189e-02 3.841676935554e-02 4.537016153336e-02 4.328561574221e-02 3.214289247990e-02 2.729301899672e-02 2.474899031222e-02 2.118067443371e-02 2.622289955616e-02 2.553006447852e-02 2.124979533255e-02 1.754806563258e-02 1.600979827344e-02 1.475502550602e-02 1.411242038012e-02 1.285809744149e-02 1.305457018316e-02 2.084398455918e-02 1.452852319926e-02 1.206859946251e-02 9.589152410626e-03 7.785700261593e-03 6.295707076788e-03 5.264370236546e-03 7.548210211098e-03 6.962445564568e-03
2.606695331633e-02 4.448133334517e-02 3.933141380548e-02 2.879435196519e-02 4.614717885852e-02 5.864511430264e-02 3.824707865715e-02 4.432100430131e-02 2.668223343790e-02 2.368083596230e-02 2.591047808528e-02 4.873444512486e-02 5.106053501368e-02 6.108670309186e-02 6.782180815935e-02 5.832068622112e-02 5.080585181713e-02 3.494084626436e-02 4.017408564687e-02 5.295835435390e-02 4.701510444283e-02 2.978179231286e-02 2.868467569351e-02 2.682140097022e-02 2.406938187778e-02 2.673139423132e-02 2.330972440541e-02 1.788235083222e-02 1.707944460213e-02 1.732984744012e-02 1.704957708716e-02 1.581511832774e-02 1.479649450630e-02 1.414993777871e-02 2.143979631364e-02 1.401736587286e-02 1.125836186111e-02 9.311218746006e-03 7.493518758565e-03 5.997795145959e-03 6.122927647084e-03 8.145017549396e-03 7.020524702966e-03
2.703871019185e-02 4.661750048399e-02 3.885548561811e-02 3.549584001303e-02 4.801744967699e-02 5.896033346653e-02 4.059948027134e-02 5.069094151258e-02 2.829850278795e-02 2.364457212389e-02 2.774801291525e-02 5.230579525232e-02 5.280106142163e-02 5.409674718976e-02 6.549242138863e-02 5.892059206963e-02 5.196228623390e-02 3.263410553336e-02 4.098367318511e-02 5.777775868773e-02 4.725109413266e-02 2.707106806338e-02 2.858912572265e-02 2.559769526124e-02 2.733773551881e-02 2.387875877321e-02 1.858171634376e-02 1.588774845004e-02 1.738123595715e-02 1.795247755945e-02 1.818866841495e-02 1.901709102094e-02 1.826252229512e-02 1.700907759368e-02 2.171672508121e-02 1.275296043605e-02 1.028173603117e-02 8.245740085840e-03 6.705250591040e-03 5.622842814773e-03 6.878705229610e-03 8.641242049634e-03 6.939490791410e-03
3.325855359435e-02 4.889328777790e-02 4.565116018057e-02 3.753903880715e-02 4.914380982518e-02 5.854808539152e-02 4.354594647884e-02 5.572072416544e-02 2.978168800473e-02 2.376503869891e-02 3.080239333212e-02 5.422507971525e-02 4.892678558826e-02 4.820146411657e-02 6.021991744637e-02 5.393330752850e-02 4.900101199746e-02 3.110038489103e-02 4.571702703834e-02 5.842292681336e-02 4.311421141028e-02 3.087332285941e-02 2.657433971763e-02 2.213473990560e-02 2.880447357893e-02 2.663120627403e-02 1.885728351772e-02 1.337137352675e-02 1.682050712407e-02 1.943409070373e-02 2.018304355443e-02 2.200940251350e-02 2.352708391845e-02 2.447626926005e-02 2.354152686894e-02 1.593148335814e-02 8.780105039477e-03 9.881773032248e-03 6.629720795900e-03 5.621153861284e-03 7.623069453984e-03 8.998129516840e-03 6.733951624483e-03
4.396482557058e-02 6.029681116343e-02 7.028833031654e-02 6.112031266093e-02 4.952553287148e-02 5.674932524562e-02 4.999866709113e-02 5.948556959629e-02 3.523957729340e-02 2.647865377367e-02 3.892933204770e-02 5.485893785954e-02 4.114126041532e-02 4.528157785535e-02 5.445474758744e-02 4.748416319489e-02 4.504842683673e-02 3.527269139886e-02 4.819879308343e-02 5.499310046434e-02 3.609922528267e-02 3.361167386174e-02 2.991274930537e-02 2.367920055985e-02 2.686100453138e-02 3.217000886798e-02 2.498450316489e-02 1.551953703165e-02 1.476660836488e-02 1.904167421162e-02 2.374389767647e-02 2.668491005898e-02 3.133970126510e-02 3.509666398168e-02 2.948561310768e-02 1.585529744625e-02 9.454268030822e-03 1.212411187589e-02 9.103940799832e-03 6.003122776747e-03 8.481231518090e-03 9.130553342402e-03 6.287102587521e-03
5.593904480338e-02 7.902299612761e-02 9.635898470879e-02 9.035492688417e-02 5.226526781917e-02 5.362445488572e-02 4.680178686976e-02 6.331885606050e-02 4.937381669879e-02 4.101902246475e-02 4.622635617852e-02 6.009120494127e-02 4.108509421349e-02 4.562447965145e-02 4.927169904113e-02 5.253476649523e-02 4.935191199183e-02 3.820273280144e-02 4.852563142776e-02 4.825088754296e-02 3.051737882197e-02 3.121637180448e-02 3.198341280222e-02 2.923513390124e-02 2.478308416903e-02 3.935552015901e-02 3.180665522814e-02 1.957671903074e-02 1.323845423758e-02 1.959301158786e-02 2.636647038162e-02 3.674089536071e-02 4.575024172664e-02 4.518483951688e-02 3.083145245910e-02 1.636100932956e-02 1.160143874586e-02 1.488807145506e-02 1.241216063499e-02 6.421345751733e-03 9.460232220590e-03 8.976544253528e-03 5.590761080384e-03
