VariationalSeries/SI/f88_max.grd
DSAA
101	101
32.816463539100	34.260883539100
35.556306596100	36.727886596100
1.555308845127e-04	2.595327758789e+01
[rows 19 to 37 of 101, columns 0 to 42 of 101]
4.921001568437e-02 1.003448143601e-01 1.283576190472e-01 1.308206617832e-01 1.079287827015e-01 8.567807078362e-02 5.851548165083e-02 6.653487682343e-02 8.047764748335e-02 9.662912786007e-02 1.265973448753e-01 1.511854380369e-01 1.471843421459e-01 1.595411300659e-01 1.607154905796e-01 1.558513790369e-01 1.482298821211e-01 1.427570879459e-01 1.649180054665e-01 1.481965035200e-01 1.536871492863e-01 1.657714992762e-01 1.753845512867e-01 1.687630563974e-01 1.504326611757e-01 1.274574398994e-01 1.319123208523e-01 2.114857435226e-01 2.522784173489e-01 1.893133223057e-01 1.742804497480e-01 1.603836119175e-01 1.694307029247e-01 1.694293469191e-01 1.692799776793e-01 1.647079586983e-01 1.313029378653e-01 1.147466003895e-01 1.232123076916e-01 1.181390434504e-01 1.709166020155e-01 4.218974113464e-01 1.964659392834e-01
3.849073499441e-02 8.089628815651e-02 1.091183125973e-01 1.194027140737e-01 1.061942577362e-01 1.022774875164e-01 9.374956786633e-02 6.614243239164e-02 8.824435621500e-02 1.031087636948e-01 1.102793514729e-01 1.382644921541e-01 1.226445510983e-01 1.429569274187e-01 1.544696092606e-01 1.593605428934e-01 1.590332984924e-01 1.518354564905e-01 1.918380409479e-01 1.535684764385e-01 1.804835796356e-01 2.143019437790e-01 2.308811694384e-01 2.262651622295e-01 2.116769254208e-01 1.636668741703e-01 1.747959852219e-01 1.712014675140e-01 2.651154398918e-01 1.923331469297e-01 1.645630449057e-01 1.553816944361e-01 1.513742655516e-01 1.513656526804e-01 1.438399702311e-01 1.861648410559e-01 1.250739693642e-01 1.315552145243e-01 1.348208487034e-01 1.377804279327e-01 2.117268741131e-01 3.572315275669e-01 2.925907671452e-01
2.969986014068e-02 5.985186994076e-02 8.248354494572e-02 9.496418386698e-02 8.964539319277e-02 7.820640504360e-02 9.656549990177e-02 9.541795402765e-02 1.090756952763e-01 1.300949156284e-01 1.500308215618e-01 1.977052688599e-01 2.370847463608e-01 2.168604582548e-01 1.474698483944e-01 1.426624804735e-01 1.507077068090e-01 1.576233506203e-01 2.794885039330e-01 2.232484817505e-01 1.679890006781e-01 2.606620490551e-01 2.761900126934e-01 3.044424951077e-01 2.499909698963e-01 2.213016301394e-01 2.184641957283e-01 1.356255114079e-01 2.495026588440e-01 1.773817092180e-01 1.364378929138e-01 1.421839445829e-01 1.679698824883e-01 1.376640647650e-01 1.507112979889e-01 1.970375329256e-01 1.568633317947e-01 1.395950615406e-01 1.456600725651e-01 1.561280786991e-01 2.468904405832e-01 2.559603154659e-01 3.882924020290e-01
4.017122089863e-02 7.217911630869e-02 6.960526108742e-02 7.290039211512e-02 8.508658409119e-02 1.076593399048e-01 1.257066279650e-01 1.504408419132e-01 1.827145516872e-01 2.296492457390e-01 2.924152016640e-01 3.667801618576e-01 4.120939970016e-01 3.579304516315e-01 2.248183637857e-01 1.372901052237e-01 1.894843429327e-01 2.661258280277e-01 3.365417122841e-01 2.736576199532e-01 2.159085720778e-01 2.830416560173e-01 3.010905683041e-01 3.419293165207e-01 2.486357688904e-01 2.520496249199e-01 2.595199942589e-01 1.624370217323e-01 2.038184255362e-01 1.469163894653e-01 1.385506242514e-01 1.372104883194e-01 1.742420792580e-01 1.773374378681e-01 1.762676239014e-01 1.674399673939e-01 2.207132875919e-01 1.548550575972e-01 1.564881503582e-01 1.714828610420e-01 2.752055227757e-01 2.385844141245e-01 4.509040117264e-01
3.900885581970e-02 8.042798191309e-02 8.729912340641e-02 8.366378396749e-02 1.066746935248e-01 1.448680460453e-01 1.587472110987e-01 1.678610593081e-01 1.860056668520e-01 2.153075486422e-01 2.599769234657e-01 2.965306341648e-01 3.037028908730e-01 2.597969770432e-01 1.903737187386e-01 1.689789444208e-01 1.843788176775e-01 2.498458772898e-01 3.327300846577e-01 2.102107554674e-01 2.024354487658e-01 2.854328453541e-01 3.006704151630e-01 3.278709948063e-01 2.616436183453e-01 2.512272894382e-01 2.925995588303e-01 2.501200139523e-01 2.526036500931e-01 2.153236716986e-01 1.861642152071e-01 2.730016708374e-01 2.550031840801e-01 1.914876550436e-01 1.863859742880e-01 1.849236488342e-01 2.447906732559e-01 1.794366389513e-01 1.710696965456e-01 1.810972243547e-01 2.910842299461e-01 2.418795675039e-01 4.606194496155e-01
7.702268660069e-02 1.329987198114e-01 8.657659590244e-02 8.635361492634e-02 9.760666638613e-02 1.261039227247e-01 1.427344679832e-01 1.412351727486e-01 1.404230296612e-01 1.461462378502e-01 1.545387953520e-01 1.637081503868e-01 1.559952795506e-01 1.713528931141e-01 1.734380573034e-01 1.553251892328e-01 1.553314477205e-01 2.865059375763e-01 3.276009261608e-01 1.739052385092e-01 1.763539612293e-01 2.642821669579e-01 2.852992415428e-01 2.793481945992e-01 2.556678056717e-01 2.298458814621e-01 3.150593340397e-01 2.765411436558e-01 2.295817583799e-01 2.221129089594e-01 2.192502468824e-01 3.518653810024e-01 5.236927866936e-01 4.981756508350e-01 4.504729509354e-01 4.294373691082e-01 4.458218514919e-01 2.758802473545e-01 2.339776158333e-01 1.942087858915e-01 2.978448271751e-01 2.336219698191e-01 4.078198373318e-01
1.427676528692e-01 3.025642335415e-01 3.116833865643e-01 2.733393311501e-01 1.707561165094e-01 9.833396971226e-02 9.602010995150e-02 1.007025465369e-01 1.085814312100e-01 1.403809189796e-01 1.682918667793e-01 1.880832314491e-01 1.941402256489e-01 1.860903501511e-01 1.695863604546e-01 1.764904409647e-01 1.856357902288e-01 2.791278064251e-01 2.750021219254e-01 1.615834236145e-01 1.760365366936e-01 2.156241685152e-01 2.466745376587e-01 2.313252389431e-01 2.622314691544e-01 2.528459429741e-01 3.269612193108e-01 3.468570411205e-01 3.686921000481e-01 3.299293816090e-01 2.487372010946e-01 2.093374729156e-01 4.244188666344e-01 4.633058011532e-01 5.102386474609e-01 6.166245937347e-01 7.700116038322e-01 4.693738520145e-01 3.455047011375e-01 2.934017479420e-01 2.925606369972e-01 2.179646342993e-01 3.054015040398e-01
1.524030566216e-01 3.286606967449e-01 3.794842362404e-01 4.481012225151e-01 4.907019436359e-01 4.257620275021e-01 2.386702150106e-01 1.307435929775e-01 1.783515065908e-01 2.082584947348e-01 2.138745486736e-01 2.022504061460e-01 1.896035373211e-01 2.553766071796e-01 2.813503742218e-01 2.793339490891e-01 2.750065624714e-01 2.675421833992e-01 2.643023431301e-01 2.553316056728e-01 2.495794296265e-01 2.495673447847e-01 2.420932054520e-01 3.032816350460e-01 3.651975393295e-01 3.158531785011e-01 3.573715984821e-01 4.586925208569e-01 4.635666906834e-01 4.115835726261e-01 3.071377873421e-01 2.270102351904e-01 2.477719187737e-01 3.888421356678e-01 5.798036456108e-01 5.107043385506e-01 5.211397409439e-01 3.942034542561e-01 4.213585555553e-01 4.291255474091e-01 3.490965068340e-01 2.234392464161e-01 2.713830173016e-01
9.779957681894e-02 2.158829122782e-01 2.511871755123e-01 3.085263669491e-01 4.016510546207e-01 5.282633304596e-01 5.969653725624e-01 4.642753601074e-01 2.424423843622e-01 2.252846658230e-01 2.005310952663e-01 2.587237954140e-01 3.050708174706e-01 3.176973164082e-01 3.018828928471e-01 3.016850650311e-01 2.986230850220e-01 2.897197902203e-01 3.035350739956e-01 3.063371181488e-01 3.148691058159e-01 3.421260118484e-01 3.235210776329e-01 2.979473471642e-01 2.880415320396e-01 3.716969192028e-01 3.561178743839e-01 4.404762685299e-01 4.842324256897e-01 4.343931078911e-01 3.243870735168e-01 3.503655493259e-01 4.518318772316e-01 6.046860218048e-01 7.214624881744e-01 5.226118564606e-01 3.673678934574e-01 3.067646026611e-01 3.781762123108e-01 4.847797155380e-01 5.293118953705e-01 3.595336973667e-01 2.692528963089e-01
6.727501004934e-02 1.320792883635e-01 1.644416600466e-01 1.514569371939e-01 1.748079508543e-01 2.618135511875e-01 4.094921052456e-01 5.553932785988e-01 5.538254976273e-01 3.809676766396e-01 2.891088426113e-01 3.051159083843e-01 3.092184960842e-01 2.952904105186e-01 2.902393937111e-01 2.854011952877e-01 2.706127464771e-01 2.903444766998e-01 2.979162037373e-01 3.090009987354e-01 3.275287151337e-01 3.161348998547e-01 3.038975000381e-01 3.001280725002e-01 2.953327298164e-01 2.905598878860e-01 3.059939742088e-01 3.424640595913e-01 4.111488461494e-01 4.274786412716e-01 3.347427248955e-01 4.061581492424e-01 4.892587065697e-01 5.558674931526e-01 5.385364294052e-01 3.374675512314e-01 3.587365746498e-01 4.127895534039e-01 4.454000294209e-01 3.996356129646e-01 5.929365158081e-01 6.029024720192e-01 3.363637030125e-01
7.812318950891e-02 1.537571549416e-01 1.522159129381e-01 1.869853138924e-01 1.535201519728e-01 1.330635547638e-01 1.569507271051e-01 2.887208759785e-01 4.632938504219e-01 5.381945371628e-01 4.383122622967e-01 2.915880084038e-01 2.769956588745e-01 2.708165943623e-01 2.533122301102e-01 2.460690736771e-01 2.539318501949e-01 2.778818309307e-01 2.685786485672e-01 2.681404054165e-01 2.420475482941e-01 1.988385915756e-01 2.538091242313e-01 2.251850515604e-01 3.405650258064e-01 3.025234639645e-01 3.465431332588e-01 3.823020160198e-01 3.188435435295e-01 3.445666730404e-01 3.834893107414e-01 4.129881262779e-01 3.529551327229e-01 4.372659325600e-01 3.228612840176e-01 2.776432037354e-01 3.621639907360e-01 4.993860721588e-01 5.979866385460e-01 5.658871531487e-01 4.801804423332e-01 7.456479072571e-01 5.612346529961e-01
1.009886562824e-01 1.941390484571e-01 1.805183142424e-01 1.848542243242e-01 2.061631232500e-01 1.550923287868e-01 2.156157791615e-01 2.619628310204e-01 2.895559370518e-01 4.055190980434e-01 5.220028162003e-01 4.730804562569e-01 2.894169688225e-01 2.322915196419e-01 2.285674065351e-01 2.339099049568e-01 2.421640902758e-01 2.392526119947e-01 2.547339200974e-01 2.489611953497e-01 2.171044498682e-01 1.823644638062e-01 1.945960223675e-01 3.092110157013e-01 4.617124795914e-01 6.220026612282e-01 7.475814223289e-01 6.086915135384e-01 4.101694226265e-01 3.834629058838e-01 4.727616310120e-01 3.321712911129e-01 2.486273050308e-01 5.447795391083e-01 2.293456047773e-01 3.220967650414e-01 3.000259399414e-01 4.200702607632e-01 6.111830472946e-01 6.573005318642e-01 5.653578042984e-01 6.284118294716e-01 8.519583344460e-01
9.179555624723e-02 2.006497085094e-01 2.121327221394e-01 2.072807252407e-01 2.180609107018e-01 2.213594168425e-01 2.653866410255e-01 2.789075076580e-01 2.769544124603e-01 2.616626620293e-01 3.631336390972e-01 5.173525810242e-01 5.047174692154e-01 3.480124175549e-01 2.192161530256e-01 2.187802344561e-01 2.109330445528e-01 1.936444491148e-01 2.593513131142e-01 2.699714601040e-01 2.738328576088e-01 2.276658862829e-01 2.089905440807e-01 3.831590712070e-01 6.508654356003e-01 9.597639441490e-01 1.126557588577e+00 1.077040553093e+00 7.017185688019e-01 4.426058828831e-01 5.093623399734e-01 4.276805818081e-01 3.984576165676e-01 6.656789779663e-01 3.462876081467e-01 6.633763313293e-01 4.798713028431e-01 3.502099514008e-01 4.672349393368e-01 6.718022823334e-01 6.885156035423e-01 5.813271999359e-01 9.145016670227e-01
1.127497851849e-01 2.295794337988e-01 2.322673499584e-01 2.255827635527e-01 2.337433993816e-01 2.648895382881e-01 2.667876780033e-01 2.697302699089e-01 2.478806078434e-01 2.284728735685e-01 2.207896709442e-01 3.125575780869e-01 5.019181966782e-01 5.288073420525e-01 4.004982411861e-01 1.908316612244e-01 1.768659949303e-01 1.981936842203e-01 2.305092960596e-01 3.683879971504e-01 3.330501616001e-01 3.055316805840e-01 2.801029384136e-01 3.824639320374e-01 6.655241847038e-01 9.497516751289e-01 1.292898416519e+00 1.514890313148e+00 1.263859391212e+00 6.112716197968e-01 5.507679581642e-01 5.980608463287e-01 5.708113908768e-01 7.875875234604e-01 4.385728538036e-01 8.880131840706e-01 7.354650497437e-01 4.835155606270e-01 4.453334808350e-01 6.414503455162e-01 1.376532912254e+00 6.988496184349e-01 7.462748885155e-01
1.488132923841e-01 2.800212502480e-01 2.587766349316e-01 2.763006687164e-01 2.932903468609e-01 3.099261820316e-01 3.291360735893e-01 3.423746228218e-01 3.499357402325e-01 3.512159585953e-01 3.407772779465e-01 3.289798796177e-01 3.149456381798e-01 4.638622999191e-01 5.382037758827e-01 4.481261074543e-01 2.242547273636e-01 2.036954760551e-01 2.231855243444e-01 3.521378636360e-01 3.732624053955e-01 3.364605307579e-01 3.092228174210e-01 3.278490900993e-01 5.509892702103e-01 8.198351264000e-01 1.269515633583e+00 1.773353695869e+00 1.675367951393e+00 1.020630002022e+00 7.898072004318e-01 9.963382482529e-01 1.070479035378e+00 9.887169599533e-01 8.195772171021e-01 9.576295614243e-01 9.117155671120e-01 7.035059928894e-01 8.027985095978e-01 7.172432541847e-01 1.968985199928e+00 1.608978033066e+00 4.367223978043e-01
1.525162905455e-01 3.169465661049e-01 3.164001107216e-01 3.067943453789e-01 2.704245150089e-01 2.422702908516e-01 2.304544746876e-01 2.548695802689e-01 2.823552787304e-01 3.147819638252e-01 3.509034812450e-01 3.931558132172e-01 4.332453906536e-01 6.852725744247e-01 7.015468478203e-01 5.328276753426e-01 5.029094815254e-01 4.788498282433e-01 4.462720453739e-01 4.093024730682e-01 3.693149089813e-01 3.199901878834e-01 3.496049940586e-01 3.407438099384e-01 3.765312731266e-01 6.205127835274e-01 9.144065380096e-01 1.446261882782e+00 1.837514877319e+00 1.273134827614e+00 6.034973859787e-01 6.231769323349e-01 9.162396788597e-01 1.217321157455e+00 1.353069901466e+00 1.255790472031e+00 9.069597721100e-01 7.623771429062e-01 5.747367143631e-01 8.267413377762e-01 2.057876110077e+00 2.468615770340e+00 6.657970547676e-01
1.285237520933e-01 2.591519951820e-01 2.724491953850e-01 2.969577908516e-01 3.117973506451e-01 3.013363182545e-01 2.529705166817e-01 2.195656746626e-01 2.208244204521e-01 2.207891643047e-01 2.195846885443e-01 2.148839682341e-01 2.081140428782e-01 2.631166875362e-01 3.948033452034e-01 4.325509667397e-01 5.190404057503e-01 5.012013912201e-01 4.097040891647e-01 4.533700942993e-01 4.796100556850e-01 4.950925409794e-01 5.135968327522e-01 5.364112854004e-01 5.158213376999e-01 4.123435914516e-01 6.165600419044e-01 1.095862627029e+00 1.547878742218e+00 1.136809587479e+00 5.699318051338e-01 4.006163775921e-01 3.547384142876e-01 5.928697586060e-01 7.149844765663e-01 1.163275957108e+00 1.478096127510e+00 1.367568731308e+00 8.520262241364e-01 9.256297945976e-01 1.322913169861e+00 2.932042837143e+00 1.068035006523e+00
1.039299964905e-01 2.009526491165e-01 2.002026289701e-01 1.917684525251e-01 1.975591182709e-01 2.210718244314e-01 2.309575676918e-01 2.273291051388e-01 1.933088898659e-01 2.089156061411e-01 2.270317524672e-01 2.453915178776e-01 2.623287141323e-01 2.792598903179e-01 2.965040504932e-01 3.114423155785e-01 3.244599997997e-01 4.872467219830e-01 5.190461277962e-01 6.697332262993e-01 5.247675180435e-01 4.327372908592e-01 4.128001034260e-01 4.031186103821e-01 4.046379029751e-01 4.602094590664e-01 6.134123802185e-01 7.023360133171e-01 9.899791479111e-01 8.078632950783e-01 4.102293252945e-01 4.833537638187e-01 3.603011667728e-01 4.767984449863e-01 5.592571496964e-01 6.787704825401e-01 6.852453351021e-01 1.147239446640e+00 1.622292637825e+00 1.315810561180e+00 1.168831944466e+00 2.403292179108e+00 2.168694734573e+00
6.551081687212e-02 1.320654004812e-01 1.300413757563e-01 1.275551617146e-01 1.445705592632e-01 1.693368554115e-01 1.854849159718e-01 1.944731622934e-01 1.975056678057e-01 1.819441467524e-01 1.706448942423e-01 1.781245619059e-01 1.883813440800e-01 1.907872408628e-01 1.934459060431e-01 2.574429810047e-01 2.865981161594e-01 3.849746584892e-01 7.280067801476e-01 7.619214653969e-01 6.741645932198e-01 5.747101306915e-01 6.721466779709e-01 8.044694662094e-01 5.664467811584e-01 6.516428589821e-01 6.349637508392e-01 5.904625654221e-01 6.157665252686e-01 8.132889270782e-01 7.636536955833e-01 4.779858291149e-01 4.967456459999e-01 5.231421589851e-01 5.661420226097e-01 5.915032029152e-01 6.106278896332e-01 7.863700985909e-01 1.147068858147e+00 1.338961839676e+00 1.600220322609e+00 2.141068220139e+00 1.778909564018e+00
