VariationalSeries/SI/f88_max.grd
DSAA
101	101
32.816463539100	34.260883539100
35.556306596100	36.727886596100
1.555308845127e-04	2.595327758789e+01
[rows 0 to 18 of 101, columns 0 to 42 of 101]
2.364374883473e-02 4.225895926356e-02 3.744624182582e-02 2.240975573659e-02 1.888321153820e-02 2.458968572319e-02 4.897523671389e-02 6.824447959661e-02 6.100749596953e-02 3.640607371926e-02 2.299408614635e-02 2.643059752882e-02 2.806042879820e-02 2.709285542369e-02 2.323203906417e-02 3.539802134037e-02 5.320187658072e-02 6.159080937505e-02 4.389718174934e-02 2.842364273965e-02 3.247497603297e-02 3.479713946581e-02 2.553723193705e-02 2.289673872292e-02 2.439549937844e-02 3.335252031684e-02 4.889111965895e-02 5.583977699280e-02 7.287190854549e-02 5.808431282640e-02 4.431699216366e-02 4.164157435298e-02 3.613464534283e-02 2.866964414716e-02 2.332446351647e-02 2.259069308639e-02 2.077679708600e-02 2.816138975322e-02 3.952679038048e-02 4.533687233925e-02 3.797041997313e-02 3.232220560312e-02 3.079669736326e-02
4.376645386219e-02 8.259331434965e-02 8.100987970829e-02 5.657807365060e-02 4.005086421967e-02 4.755034670234e-02 9.426712989807e-02 1.303072124720e-01 1.152321919799e-01 6.709924340248e-02 3.949004411697e-02 4.516527056694e-02 4.770148545504e-02 4.541385173798e-02 3.959582373500e-02 5.266379565001e-02 8.383752405643e-02 1.097528412938e-01 9.911811351776e-02 5.910514295101e-02 5.924174562097e-02 9.086477011442e-02 4.781623557210e-02 4.300874099135e-02 5.032457783818e-02 6.517726182938e-02 8.197198808193e-02 9.358560293913e-02 1.385865658522e-01 1.079182252288e-01 7.204332947731e-02 6.528253853321e-02 6.150604411960e-02 4.930590465665e-02 5.303484201431e-02 5.544977635145e-02 5.575774982572e-02 6.264305114746e-02 7.879584282637e-02 7.929550856352e-02 5.866378545761e-02 5.830267816782e-02 6.371315568686e-02
4.281741008162e-02 8.788907527924e-02 9.852124750614e-02 8.439006656408e-02 5.424629524350e-02 5.490235239267e-02 1.091005355120e-01 1.481669098139e-01 1.268919259310e-01 6.948807090521e-02 4.988389089704e-02 5.624372884631e-02 5.811392515898e-02 5.377201363444e-02 4.427930340171e-02 4.260290041566e-02 5.508799105883e-02 8.228759467602e-02 9.409744292498e-02 7.650895416737e-02 9.369897097349e-02 1.404641270638e-01 6.153602153063e-02 5.327327549458e-02 6.694136559963e-02 8.103441447020e-02 8.410941064358e-02 8.494976907969e-02 1.615359336138e-01 1.210323423147e-01 6.981962174177e-02 5.985978990793e-02 8.416185528040e-02 4.480960220098e-02 4.991714656353e-02 5.732624977827e-02 7.191761583090e-02 9.111543744802e-02 9.527108818293e-02 7.892600446939e-02 8.043137937784e-02 5.408551543951e-02 7.142069935799e-02
3.801279515028e-02 8.364063501358e-02 9.973362833261e-02 1.019550636411e-01 8.196587115526e-02 5.622899532318e-02 1.140625104308e-01 1.516356617212e-01 1.226576641202e-01 5.969158560038e-02 5.522248893976e-02 6.096343696117e-02 6.070361658931e-02 5.400949716568e-02 4.294874891639e-02 4.350419715047e-02 4.150795564055e-02 4.780698940158e-02 6.221270188689e-02 7.088881731033e-02 1.571658104658e-01 1.787623316050e-01 6.907048821449e-02 5.850733071566e-02 7.385466992855e-02 8.469095826149e-02 8.101077377796e-02 7.770411670208e-02 1.618414670229e-01 1.176880225539e-01 5.964015424252e-02 4.856106266379e-02 9.700791537762e-02 5.160318315029e-02 5.598668754101e-02 7.917927950621e-02 9.795918315649e-02 1.020720750093e-01 8.638606965542e-02 9.998396784067e-02 9.714005887508e-02 5.984097346663e-02 6.547705084085e-02
3.718157857656e-02 8.002223074436e-02 9.471795707941e-02 1.048345714808e-01 1.003388613462e-01 7.093027234077e-02 1.164254248142e-01 1.515330523252e-01 1.150181740522e-01 5.056684091687e-02 5.924281850457e-02 6.306590139866e-02 6.126724928617e-02 6.099586188793e-02 5.601293221116e-02 4.731575027108e-02 4.586743190885e-02 4.516052454710e-02 6.429945677519e-02 1.301885396242e-01 2.184722274542e-01 1.963954865932e-01 7.413413375616e-02 8.316195011139e-02 7.390366494656e-02 8.276074379683e-02 7.423357665539e-02 7.736212015152e-02 1.532268673182e-01 1.108854934573e-01 7.048089057207e-02 5.520616099238e-02 1.034306734800e-01 6.275378912687e-02 8.805707842112e-02 1.053946316242e-01 1.065314337611e-01 8.991129696369e-02 6.189132854342e-02 1.026481911540e-01 1.191138252616e-01 7.998034358025e-02 5.180192738771e-02
3.469529375434e-02 6.981393694878e-02 8.436939120293e-02 9.236247092485e-02 1.024895608425e-01 8.534326404333e-02 1.163666024804e-01 1.467075347900e-01 1.036982014775e-01 5.617076158524e-02 6.292747706175e-02 6.928357481956e-02 7.385192066431e-02 7.148796319962e-02 6.433556973934e-02 5.239073559642e-02 4.232794046402e-02 4.791448637843e-02 1.023538559675e-01 1.855788379908e-01 2.541847229004e-01 1.939967423677e-01 8.312672376633e-02 1.266494691372e-01 7.788915187120e-02 7.761417329311e-02 6.650543957949e-02 8.414755761623e-02 1.370919793844e-01 1.108448579907e-01 7.122729718685e-02 5.934788286686e-02 1.199469119310e-01 9.401115775108e-02 1.115640997887e-01 1.102743297815e-01 9.151106327772e-02 6.327120214701e-02 6.970006972551e-02 9.677501767874e-02 1.459244638681e-01 9.293787181377e-02 5.038354918361e-02
4.371710494161e-02 7.764950394630e-02 7.166516035795e-02 7.096123695374e-02 8.849091827869e-02 8.573844283819e-02 1.145736426115e-01 1.402692347765e-01 9.309505671263e-02 6.195519864559e-02 6.967610120773e-02 7.929360866547e-02 8.036412298679e-02 7.475731521845e-02 6.366080790758e-02 6.003157794476e-02 5.698067322373e-02 7.091703265905e-02 1.381055265665e-01 2.217034101486e-01 2.632292211056e-01 1.771915555000e-01 1.095381155610e-01 1.605449318886e-01 1.128707304597e-01 7.067088037729e-02 6.474331021309e-02 1.559839397669e-01 2.188704758883e-01 1.412502378225e-01 7.900442183018e-02 6.721851229668e-02 1.317218542099e-01 1.102421805263e-01 1.102172136307e-01 9.150473028421e-02 6.377413123846e-02 6.986645609140e-02 1.012746617198e-01 1.278652101755e-01 1.499134004116e-01 1.094656512141e-01 5.068550258875e-02
4.437022656202e-02 8.875115960836e-02 9.170795977116e-02 6.638354808092e-02 6.341351568699e-02 7.178308814764e-02 1.130195483565e-01 1.371935606003e-01 8.673873543739e-02 6.698296964169e-02 7.864788174629e-02 8.395905047655e-02 8.121055364609e-02 7.168120145798e-02 6.705959141254e-02 7.605893909931e-02 8.480091392994e-02 9.358020871878e-02 1.692410707474e-01 2.405214011669e-01 2.583836615086e-01 1.592702120543e-01 1.189027801156e-01 1.765326857567e-01 1.372942626476e-01 8.749930560589e-02 6.286780536175e-02 2.370244413614e-01 3.067062497139e-01 1.656810045242e-01 8.634472638369e-02 8.046662807465e-02 1.300827264786e-01 1.012271791697e-01 9.444937109947e-02 6.703220307827e-02 6.689699739218e-02 9.969678521156e-02 1.317299008369e-01 1.455131620169e-01 1.318724751472e-01 1.376195251942e-01 5.827945098281e-02
3.838693350554e-02 8.392567932606e-02 1.043644174933e-01 9.500088542700e-02 6.311973929405e-02 6.203211098909e-02 1.118293330073e-01 1.360499858856e-01 8.351991325617e-02 7.491659373045e-02 8.336928486824e-02 8.420041203499e-02 7.711061835289e-02 6.623238325119e-02 6.988598406315e-02 8.087734133005e-02 1.097021996975e-01 1.122356131673e-01 1.867025494576e-01 2.368466258049e-01 2.344915270805e-01 1.382509618998e-01 1.213477998972e-01 1.687846183777e-01 1.481175422668e-01 1.010576263070e-01 7.936006784439e-02 3.057618141174e-01 3.579807579517e-01 1.826035529375e-01 9.507752209902e-02 7.672305405140e-02 1.319717615843e-01 8.798114955425e-02 1.036949753761e-01 1.034375354648e-01 9.997333586216e-02 1.340962350368e-01 1.542640328407e-01 1.458346843719e-01 1.071354150772e-01 1.708684861660e-01 6.840796023607e-02
3.899499028921e-02 6.971823424101e-02 9.840972721577e-02 1.114823818207e-01 9.509998559952e-02 6.334901601076e-02 1.121350973845e-01 1.358747482300e-01 8.163672685623e-02 7.924828678370e-02 8.358413726091e-02 8.005409687757e-02 8.721393346786e-02 9.498497098684e-02 9.934865683317e-02 1.007472500205e-01 1.190857440233e-01 1.298613250256e-01 1.921335905790e-01 2.196728885174e-01 2.031731009483e-01 1.178627982736e-01 1.096519231796e-01 1.474984586239e-01 1.430537104607e-01 1.038542464375e-01 8.582352101803e-02 3.469565212727e-01 3.802306056023e-01 1.892398297787e-01 8.337020128965e-02 6.616654992104e-02 1.430343240499e-01 8.732909709215e-02 1.061713248491e-01 1.075794473290e-01 1.390433162451e-01 1.601280719042e-01 1.566727608442e-01 1.254902333021e-01 9.020000696182e-02 1.856873035431e-01 9.374587237835e-02
3.917335346341e-02 7.848656177521e-02 8.115621656179e-02 1.066664010286e-01 1.167449727654e-01 9.389530122280e-02 1.111729443073e-01 1.337524950504e-01 7.898497581482e-02 8.004261553288e-02 8.772292733192e-02 1.026754826307e-01 1.138411089778e-01 1.200361549854e-01 1.229113861918e-01 1.239990517497e-01 1.227108538151e-01 1.609529554844e-01 2.257329672575e-01 2.392309010029e-01 2.010484337807e-01 1.485703736544e-01 1.042665094137e-01 1.257804930210e-01 1.290069669485e-01 9.249130636454e-02 9.951104968786e-02 3.660112917423e-01 3.890146017075e-01 1.853829622269e-01 7.971365749836e-02 7.452753931284e-02 1.401283591986e-01 9.240847080946e-02 1.227463260293e-01 1.489033401012e-01 1.660860925913e-01 1.629122346640e-01 1.351281702518e-01 1.042860150337e-01 1.021400764585e-01 1.784625500441e-01 1.219671294093e-01
3.316257894039e-02 6.985314935446e-02 8.364488184452e-02 8.872217684984e-02 1.152901649475e-01 1.215659752488e-01 1.078402400017e-01 1.289308220148e-01 7.813106477261e-02 9.457460790873e-02 1.100355312228e-01 1.226264759898e-01 1.312452256680e-01 1.361685097218e-01 1.378335505724e-01 1.375660747290e-01 1.361348927021e-01 2.141643166542e-01 2.928337454796e-01 3.043186366558e-01 2.621610760689e-01 2.053492367268e-01 1.501869112253e-01 1.067242696881e-01 1.492314189672e-01 1.430189311504e-01 1.217691749334e-01 3.511702418327e-01 3.441529273987e-01 1.687093079090e-01 1.025362089276e-01 1.213520020247e-01 1.309304088354e-01 1.475625336170e-01 1.673507690430e-01 1.748472601175e-01 1.676722168922e-01 1.442551761866e-01 1.387768685818e-01 1.608821451664e-01 1.208754181862e-01 1.526058912277e-01 1.466683000326e-01
2.842198312283e-02 5.404757708311e-02 6.959442794323e-02 8.237791061401e-02 9.748160839081e-02 1.235931143165e-01 1.242512241006e-01 1.219946295023e-01 9.698671847582e-02 1.127428784966e-01 1.240121945739e-01 1.311776190996e-01 1.354509592056e-01 1.378063857555e-01 1.379610747099e-01 1.372316032648e-01 1.372253000736e-01 2.356482595205e-01 3.184492290020e-01 3.251314759254e-01 2.810068428516e-01 2.287324070930e-01 1.787207275629e-01 1.306648403406e-01 2.007557004690e-01 1.940990835428e-01 1.636301279068e-01 3.057347834110e-01 2.700326740742e-01 1.434834152460e-01 1.795019358397e-01 2.025599032640e-01 2.017291337252e-01 1.950457990170e-01 1.903913617134e-01 1.839723736048e-01 1.783424913883e-01 1.691631078720e-01 1.546989977360e-01 2.178711593151e-01 1.356388926506e-01 1.160816252232e-01 1.890323460102e-01
3.528049960732e-02 6.858843564987e-02 6.747204065323e-02 6.333981454372e-02 7.765439897776e-02 1.060437858105e-01 1.322997361422e-01 1.262870132923e-01 1.079113855958e-01 1.199129745364e-01 1.259062737226e-01 1.278100609779e-01 1.268439888954e-01 1.239216923714e-01 1.206561625004e-01 1.200008094311e-01 1.230172216892e-01 2.162315100431e-01 2.864370644093e-01 2.960594296455e-01 2.657488286495e-01 2.252372652292e-01 1.858772933483e-01 1.468488574028e-01 1.983670890331e-01 2.049377858639e-01 1.809913069010e-01 2.501266896725e-01 1.969928890467e-01 1.561087220907e-01 2.107722610235e-01 2.384489625692e-01 2.274627834558e-01 2.058145254850e-01 1.844528615475e-01 1.734193116426e-01 1.637170463800e-01 1.524850428104e-01 1.393476277590e-01 2.303604483604e-01 2.111565172672e-01 1.200059652328e-01 2.147400379181e-01
4.549855366349e-02 9.100670367479e-02 9.144046157598e-02 8.973961323500e-02 8.676505833864e-02 8.241453021765e-02 1.160042583942e-01 1.414402872324e-01 1.251268386841e-01 1.172783672810e-01 1.187791302800e-01 1.161757037044e-01 1.109534725547e-01 1.040068566799e-01 9.796062111855e-02 9.892395883799e-02 1.002509370446e-01 1.707236319780e-01 2.200254052877e-01 2.320403754711e-01 2.170996069908e-01 1.949469596148e-01 1.720481216908e-01 1.474824547768e-01 1.554182022810e-01 1.695239394903e-01 1.656353026628e-01 2.543779313564e-01 1.443861126900e-01 1.591370105743e-01 2.062128782272e-01 2.291001826525e-01 2.193257957697e-01 1.813588291407e-01 1.334863603115e-01 1.393916904926e-01 1.183587536216e-01 1.252278536558e-01 1.219315156341e-01 1.899486482143e-01 2.816230058670e-01 1.217018738389e-01 2.159461975098e-01
4.614787176251e-02 9.377682209015e-02 9.714100509882e-02 1.018219441175e-01 1.053656116128e-01 1.063115447760e-01 1.058690845966e-01 1.270951032639e-01 1.478975713253e-01 1.187370643020e-01 1.066544651985e-01 1.011083647609e-01 9.397314488888e-02 8.859030157328e-02 9.538093209267e-02 1.011904925108e-01 1.077769920230e-01 1.412615627050e-01 1.539869904518e-01 1.651322543621e-01 1.617263853550e-01 1.500554978848e-01 1.401399224997e-01 1.328698843718e-01 1.271912157536e-01 1.247954741120e-01 1.657411605120e-01 2.692889869213e-01 1.836317628622e-01 1.796903759241e-01 2.135967016220e-01 2.169130444527e-01 1.813845187426e-01 1.814150065184e-01 9.790646284819e-02 1.654533445835e-01 1.570998281240e-01 1.455082744360e-01 1.248198300600e-01 1.330842375755e-01 3.195625245571e-01 1.740567535162e-01 1.914106756449e-01
5.005813017488e-02 8.642758429050e-02 8.627295494080e-02 9.014359861612e-02 9.726659953594e-02 1.070209220052e-01 1.134386286139e-01 1.170406937599e-01 1.360988169909e-01 1.440758854151e-01 1.230656579137e-01 1.187461838126e-01 1.199538409710e-01 1.087475046515e-01 9.838508069515e-02 1.107571125031e-01 1.223818212748e-01 1.453623622656e-01 1.467064619064e-01 1.224106922746e-01 1.103927865624e-01 1.301877796650e-01 1.629517823458e-01 1.694152951241e-01 1.531179100275e-01 1.234234794974e-01 1.834365427494e-01 2.740913033485e-01 1.844778805971e-01 1.939108669758e-01 2.040750235319e-01 2.095505893230e-01 2.249622344971e-01 2.018761634827e-01 1.237537264824e-01 1.862271130085e-01 1.747784018517e-01 1.445764452219e-01 1.088373437524e-01 1.298421025276e-01 3.065672516823e-01 2.671035528183e-01 1.496127098799e-01
5.713306739926e-02 1.052599251270e-01 1.133911684155e-01 9.785608947277e-02 9.057462215424e-02 9.788914024830e-02 9.989763796329e-02 9.831361472607e-02 1.063129529357e-01 1.326478272676e-01 1.445666700602e-01 1.490321159363e-01 1.493280082941e-01 1.373385339975e-01 1.343621164560e-01 1.297322064638e-01 1.219029799104e-01 1.455714851618e-01 1.527581661940e-01 1.357175558805e-01 1.119675338268e-01 1.030107438564e-01 1.138995438814e-01 1.271208822727e-01 1.304568648338e-01 1.308542340994e-01 1.604851931334e-01 2.632355093956e-01 1.883536130190e-01 1.644385159016e-01 1.884402185678e-01 2.169662863016e-01 2.421825230122e-01 2.064336389303e-01 1.424009948969e-01 2.057510763407e-01 1.675240546465e-01 1.300294995308e-01 9.822201728821e-02 1.184788346291e-01 2.465730607510e-01 3.615560531616e-01 1.654787957668e-01
5.606127157807e-02 1.099543124437e-01 1.307503432035e-01 1.232095062733e-01 9.332125633955e-02 7.267373800278e-02 8.826402574778e-02 1.001013740897e-01 1.074447855353e-01 1.084578037262e-01 1.429756432772e-01 1.589159220457e-01 1.514429152012e-01 1.519352346659e-01 1.540524959564e-01 1.520760655403e-01 1.347082555294e-01 1.442549228668e-01 1.577489823103e-01 1.451214551926e-01 1.112609729171e-01 1.332705318928e-01 1.285449713469e-01 1.323112398386e-01 1.169322952628e-01 1.145286560059e-01 1.203978210688e-01 2.436741739511e-01 2.227875590324e-01 1.755916178226e-01 1.700998991728e-01 1.834782361984e-01 2.271061986685e-01 2.027381509542e-01 1.640458703041e-01 1.987439990044e-01 1.461081057787e-01 1.167542561889e-01 1.103827133775e-01 1.073435321450e-01 1.687679886818e-01 4.229189157486e-01 1.738845407963e-01
