VariationalSeries/SI/f88_max.grd
DSAA
101	101
32.816463539100	34.260883539100
35.556306596100	36.727886596100
1.555308845127e-04	2.595327758789e+01
[rows 57 to 75 of 101, columns 43 to 85 of 101]
1.084381416440e-01 1.292341798544e-01 6.590086221695e-02 7.310239225626e-02 7.228720933199e-02 1.161567941308e-01 1.304056197405e-01 1.752134859562e-01 1.528069525957e-01 8.349887281656e-02 5.827354267240e-02 4.892494529486e-02 3.597014397383e-02 6.369471549988e-02 2.675958275795e-01 8.986769318581e-01 1.973172903061e+00 1.852499127388e+00 2.631850242615e+00 9.038344025612e-01 2.621839344501e-01 1.997594386339e-01 3.614336550236e-01 6.703006029129e-01 1.146743774414e+00 1.039768218994e+00 1.131862640381e+00 9.177797436714e-01 1.191013455391e+00 1.102684020996e+00 1.164566397667e+00 8.679835796356e-01 8.987856507301e-01 1.262856125832e+00 7.842931151390e-01 4.930329620838e-01 5.753097534180e-01 8.052363991737e-01 1.009604811668e+00 7.306827306747e-01 3.048382699490e-01 2.683041095734e-01 2.593814432621e-01
8.654781430960e-02 1.409263759851e-01 5.326567217708e-02 5.665279552341e-02 5.609970539808e-02 8.430833369493e-02 1.634919047356e-01 5.246617197990e-01 4.168855845928e-01 8.989427983761e-02 5.378316342831e-02 3.724376112223e-02 2.850484475493e-02 2.821437828243e-02 5.570600554347e-02 5.355693101883e-01 6.273589730263e-01 6.497434377670e-01 5.247972011566e-01 5.319616794586e-01 3.904507458210e-01 2.964167296886e-01 2.285832166672e-01 1.393865942955e-01 3.594910800457e-01 7.124763727188e-01 1.244828581810e+00 1.269566416740e+00 1.385503292084e+00 7.599538564682e-01 1.003055810928e+00 9.148979783058e-01 7.842836380005e-01 6.886801719666e-01 7.000894546509e-01 5.257090926170e-01 5.165784955025e-01 6.216623187065e-01 6.106638312340e-01 5.590799450874e-01 5.798732638359e-01 6.076272726059e-01 5.683832764626e-01
7.260080426931e-02 6.995332986116e-02 4.845297336578e-02 5.154178664088e-02 5.238629877567e-02 7.671862095594e-02 2.322218120098e-01 5.786171555519e-01 5.970239043236e-01 1.347813606262e-01 5.605891346931e-02 3.182216733694e-02 2.252110093832e-02 2.040033973753e-02 2.097009867430e-02 2.620613574982e-02 3.588616102934e-02 4.887915775180e-02 6.316024810076e-02 7.840037345886e-02 9.178740531206e-02 1.083710789680e-01 7.287611812353e-02 7.323084026575e-02 1.753969937563e-01 8.154952526093e-01 1.404445767403e+00 1.595691204071e+00 1.533753395081e+00 1.547241091728e+00 1.017830491066e+00 8.830795288086e-01 7.490526437759e-01 6.813277602196e-01 9.566161632538e-01 8.247336149216e-01 6.843147873878e-01 4.284867942333e-01 4.603482484818e-01 3.865976929665e-01 3.408002853394e-01 3.211731910706e-01 2.804137170315e-01
6.693163514137e-02 6.020894274116e-02 4.688249900937e-02 5.224332585931e-02 5.932890996337e-02 7.787542045116e-02 4.997881948948e-01 6.006803512573e-01 7.400543093681e-01 1.039400398731e-01 4.914185032248e-02 3.063111752272e-02 2.033220045269e-02 1.650086231530e-02 1.577186584473e-02 1.665000803769e-02 2.037008292973e-02 2.682847529650e-02 3.829656168818e-02 4.487586393952e-02 5.142369121313e-02 1.030817478895e-01 5.309427529573e-02 4.896105825901e-02 1.494174152613e-01 3.323524296284e-01 1.186266064644e+00 1.323650002480e+00 1.402875065804e+00 1.498886823654e+00 1.251222252846e+00 9.676749110222e-01 6.731809973717e-01 8.626526594162e-01 5.997704863548e-01 5.277090072632e-01 4.375045597553e-01 3.616097271442e-01 3.398729860783e-01 3.348183929920e-01 3.539061248302e-01 5.028274655342e-01 6.997803449631e-01
5.668633058667e-02 4.412598162889e-02 4.605165123940e-02 5.542453750968e-02 8.470106869936e-02 1.386132836342e-01 4.211138784885e-01 9.390051960945e-01 3.648443818092e-01 5.792276561260e-02 3.575944900513e-02 2.608357183635e-02 1.855270378292e-02 1.392422709614e-02 1.274392660707e-02 1.276931632310e-02 1.392198074609e-02 1.860898546875e-02 2.562108263373e-02 2.930014580488e-02 3.038716502488e-02 6.310474127531e-02 3.777512535453e-02 4.095196723938e-02 9.198888391256e-02 3.116322755814e-01 8.430536985397e-01 1.143658041954e+00 1.192624807358e+00 9.096994996071e-01 7.009683847427e-01 1.001206040382e+00 6.845993399620e-01 4.822206497192e-01 5.361017584801e-01 6.789733171463e-01 6.145562529564e-01 4.337460696697e-01 4.048269689083e-01 3.943689763546e-01 3.821912407875e-01 4.253304302692e-01 5.261344313622e-01
4.112529382110e-02 3.381921350956e-02 4.229281842709e-02 9.851136058569e-02 2.223407775164e-01 5.161945819855e-01 7.607038021088e-01 4.803311228752e-01 5.141641199589e-02 3.511684015393e-02 2.523244917393e-02 2.079237811267e-02 1.623174175620e-02 1.326506957412e-02 1.167456805706e-02 1.216485351324e-02 1.273823808879e-02 1.538864616305e-02 2.220833487809e-02 2.732142433524e-02 2.902191318572e-02 3.069164603949e-02 3.083342500031e-02 4.610873758793e-02 1.116464361548e-01 2.916124761105e-01 3.579180240631e-01 3.560132980347e-01 6.906563639641e-01 8.005337119102e-01 9.380697607994e-01 5.982055068016e-01 7.730148434639e-01 5.679305195808e-01 6.365903019905e-01 7.510935664177e-01 1.500210881233e+00 9.466877579689e-01 5.571596622467e-01 4.553621113300e-01 4.682945609093e-01 4.600287973881e-01 4.442118406296e-01
2.654080651700e-02 2.768668159842e-02 3.500442579389e-02 4.421846941113e-02 9.603433310986e-02 5.958770513535e-01 3.888708651066e-01 5.218328908086e-02 3.055462613702e-02 2.693896740675e-02 2.260932698846e-02 1.910826191306e-02 1.496664248407e-02 1.276118028909e-02 1.136495824903e-02 1.253381837159e-02 1.300062891096e-02 1.267432048917e-02 1.826168224216e-02 2.330424636602e-02 2.633453160524e-02 2.619518898427e-02 3.276319429278e-02 5.321797356009e-02 1.655611246824e-01 3.282819390297e-01 1.949687004089e-01 2.553402483463e-01 2.377725839615e-01 1.225817084312e+00 1.782323122025e+00 9.658351540565e-01 5.304067134857e-01 7.251479029655e-01 2.869918346405e-01 3.021110296249e-01 1.118203759193e+00 5.382573604584e-01 4.385024607182e-01 3.355532288551e-01 3.447062075138e-01 3.842980861664e-01 4.140250384808e-01
2.221573144197e-02 2.417125180364e-02 2.833430282772e-02 3.583304584026e-02 4.049814119935e-02 5.633726343513e-02 6.228672340512e-02 4.247612133622e-02 2.215198427439e-02 2.285912446678e-02 2.002871781588e-02 1.835525780916e-02 1.502628065646e-02 1.213791221380e-02 1.241617370397e-02 1.265522558242e-02 1.352075953037e-02 1.343483105302e-02 1.537663117051e-02 1.974681764841e-02 2.348549105227e-02 2.497063763440e-02 2.630145661533e-02 4.367282986641e-02 1.223948672414e-01 7.575167715549e-02 7.291253656149e-02 1.193836852908e-01 2.711687684059e-01 5.367301106453e-01 5.624786019325e-01 7.099971771240e-01 1.124009966850e+00 6.071187853813e-01 5.784813165665e-01 4.497219026089e-01 4.596651494503e-01 3.894254863262e-01 2.073494940996e-01 2.587844431400e-01 2.527712881565e-01 2.720367014408e-01 3.422814309597e-01
1.745911687613e-02 1.968631707132e-02 2.345707453787e-02 2.876241318882e-02 3.091205656528e-02 3.437417373061e-02 3.636175021529e-02 2.276766486466e-02 1.937949471176e-02 2.021133713424e-02 1.883532293141e-02 1.632562465966e-02 1.363753154874e-02 1.223657093942e-02 1.211966294795e-02 1.388155482709e-02 1.357667148113e-02 1.167178992182e-02 1.358485966921e-02 1.724620722234e-02 2.041764371097e-02 2.389738522470e-02 3.375454619527e-02 3.534877672791e-02 3.592227771878e-02 5.013113841414e-02 4.866251349449e-02 1.195205003023e-01 1.673725396395e-01 2.248224169016e-01 4.671984910965e-01 8.158723711967e-01 6.075048446655e-01 1.100115418434e+00 7.082998752594e-01 3.983640670776e-01 3.313378989697e-01 3.010310828686e-01 3.613536953926e-01 3.402422368526e-01 4.240913391113e-01 4.163966476917e-01 4.846035838127e-01
1.611448638141e-02 1.597378402948e-02 1.797705702484e-02 2.035967633128e-02 2.194087021053e-02 2.161163836718e-02 2.067079022527e-02 1.990032568574e-02 2.153101004660e-02 2.127707749605e-02 1.981282420456e-02 1.725629158318e-02 1.411214284599e-02 1.253944914788e-02 1.133416406810e-02 1.106759719551e-02 1.247551478446e-02 1.264742203057e-02 1.286371145397e-02 1.552857924253e-02 1.798778586090e-02 2.115011960268e-02 3.244412690401e-02 3.647754713893e-02 3.931927308440e-02 8.161240816116e-02 1.121872738004e-01 1.440640091896e-01 2.020433843136e-01 2.180111855268e-01 4.769830405712e-01 9.041768908501e-01 4.280937910080e-01 4.563283622265e-01 8.017114996910e-01 6.770007014275e-01 4.746294617653e-01 4.036575257778e-01 5.039065480232e-01 2.596088051796e-01 3.446524441242e-01 4.157449901104e-01 4.965229332447e-01
1.324145402759e-02 1.502854004502e-02 1.578142493963e-02 1.591304689646e-02 1.782226748765e-02 1.921641640365e-02 2.069823257625e-02 1.836984604597e-02 1.767744123936e-02 1.823333092034e-02 1.957823522389e-02 1.947764679790e-02 1.676070876420e-02 1.423921715468e-02 1.349552907050e-02 1.221797335893e-02 1.052433624864e-02 1.168536022305e-02 1.323396340013e-02 1.463420316577e-02 1.607332751155e-02 1.851175539196e-02 2.760847285390e-02 2.697281725705e-02 2.997405081987e-02 7.379125058651e-02 1.576655209064e-01 2.126828134060e-01 2.990469634533e-01 1.571476459503e-01 4.631444811821e-01 2.317532002926e-01 2.485739886761e-01 2.885672748089e-01 4.607800841331e-01 5.037416815758e-01 6.455457210541e-01 5.873445272446e-01 4.408997297287e-01 3.766378760338e-01 2.890066206455e-01 3.110671043396e-01 2.494151443243e-01
1.298145949841e-02 1.435208227485e-02 1.428070664406e-02 1.449687778950e-02 1.549239456654e-02 1.726819761097e-02 1.868824288249e-02 1.669272780418e-02 1.315809693187e-02 1.405728049576e-02 1.525442395359e-02 1.778839714825e-02 1.846559345722e-02 1.534607540816e-02 1.449508126825e-02 1.758367568254e-02 1.558908354491e-02 1.267622411251e-02 1.380415633321e-02 1.437708456069e-02 1.750679686666e-02 1.943592354655e-02 2.165998145938e-02 2.689347229898e-02 3.120393119752e-02 5.389087647200e-02 1.133656650782e-01 1.351315230131e-01 1.855339705944e-01 1.051549464464e-01 2.234768420458e-01 1.717310100794e-01 2.851307094097e-01 1.745626479387e-01 3.447315692902e-01 2.565484046936e-01 4.063492715359e-01 4.988968372345e-01 4.407683014870e-01 5.939562916756e-01 5.397098064423e-01 4.314351975918e-01 3.845036327839e-01
1.249904464930e-02 1.350992452353e-02 1.299119275063e-02 1.319063082337e-02 1.324976980686e-02 1.294253487140e-02 1.433456875384e-02 1.355153135955e-02 1.624494045973e-02 1.758227311075e-02 1.596568152308e-02 1.606456935406e-02 1.764986291528e-02 1.837601326406e-02 1.687870547175e-02 2.179596759379e-02 1.940419711173e-02 1.484449673444e-02 1.490750629455e-02 1.479732897133e-02 1.700396835804e-02 1.844828575850e-02 2.088613435626e-02 2.773148752749e-02 3.258886560798e-02 4.832160472870e-02 7.262624800205e-02 8.366862684488e-02 8.999744802713e-02 1.137467548251e-01 1.905554085970e-01 2.918703556061e-01 1.964544057846e-01 4.590957164764e-01 1.637417972088e-01 2.138856202364e-01 4.346685409546e-01 6.087913513184e-01 2.980496585369e-01 3.368937969208e-01 2.154802531004e-01 4.045837223530e-01 3.575485944748e-01
1.114877965301e-02 1.204352546483e-02 1.157812774181e-02 1.134874857962e-02 1.053627301008e-02 1.067992206663e-02 1.127053983510e-02 1.493389718235e-02 1.854975521564e-02 1.906143128872e-02 1.666388474405e-02 1.833334937692e-02 2.038638666272e-02 1.983373053372e-02 1.969057135284e-02 2.052423357964e-02 2.196935005486e-02 2.568416297436e-02 2.302592620254e-02 2.068333514035e-02 2.125603146851e-02 2.285555005074e-02 2.730338461697e-02 2.821192331612e-02 3.380645066500e-02 4.155931621790e-02 6.870842725039e-02 6.816378235817e-02 1.230216771364e-01 2.486370503902e-01 3.087246716022e-01 1.571999937296e-01 1.577184051275e-01 4.682834446430e-01 2.510844767094e-01 3.091470301151e-01 2.743686437607e-01 3.551641106606e-01 2.593387961388e-01 9.954882413149e-02 9.478548914194e-02 1.279919594526e-01 2.526303827763e-01
1.025215536356e-02 1.026418711990e-02 1.019723154604e-02 1.005388982594e-02 1.032462995499e-02 1.092620287091e-02 1.160902809352e-02 1.392438448966e-02 1.561576221138e-02 1.479154638946e-02 1.748473942280e-02 1.881848461926e-02 1.827714964747e-02 1.921628415585e-02 2.629183419049e-02 3.657340258360e-02 4.143537580967e-02 5.246514081955e-02 5.230663344264e-02 5.635554715991e-02 4.022740572691e-02 3.827360272408e-02 4.437389224768e-02 3.716092184186e-02 4.244766756892e-02 5.866794288158e-02 1.747886091471e-01 1.631177663803e-01 1.593937724829e-01 2.147417366505e-01 1.199590265751e-01 1.264303326607e-01 1.680877208710e-01 9.754334390163e-02 5.242823958397e-01 7.303931713104e-01 6.520009636879e-01 1.513765156269e-01 7.175426930189e-02 5.937390774488e-02 5.803430825472e-02 6.858284771442e-02 7.233154773712e-02
9.526485577226e-03 9.883195161819e-03 9.515917859972e-03 1.023988332599e-02 1.097197271883e-02 1.255383715034e-02 1.255800109357e-02 1.453040540218e-02 1.591804251075e-02 1.850996911526e-02 1.924450136721e-02 2.284925244749e-02 2.395338565111e-02 2.216634340584e-02 5.375988408923e-02 1.929332613945e-01 1.524877697229e-01 9.032233804464e-02 1.016285791993e-01 1.265286654234e-01 9.354641288519e-02 4.910674691200e-02 5.713775753975e-02 7.156018912792e-02 6.958347558975e-02 1.298482865095e-01 1.824766993523e-01 1.607865244150e-01 1.319176554680e-01 1.187562346458e-01 1.348559558392e-01 1.249383017421e-01 9.522631019354e-02 7.960384339094e-02 1.346583217382e-01 6.179909110069e-01 6.437060236931e-01 1.327875703573e-01 4.737680032849e-02 4.826407507062e-02 4.350864514709e-02 4.180797934532e-02 6.866034865379e-02
9.549635462463e-03 1.028960850090e-02 1.300869137049e-02 1.453805062920e-02 1.331599056721e-02 2.206990681589e-02 2.594680152833e-02 2.642753161490e-02 2.238929830492e-02 2.189832367003e-02 2.409800514579e-02 3.029102459550e-02 3.020731359720e-02 1.114299073815e-01 7.878147363663e-01 9.924619197845e-01 4.632049500942e-01 2.627336382866e-01 2.102832496166e-01 1.632169932127e-01 7.787042111158e-02 7.811274379492e-02 1.699776053429e-01 3.625901341438e-01 2.973556816578e-01 1.585235893726e-01 1.853766590357e-01 1.510694921017e-01 1.599101424217e-01 1.092845872045e-01 2.697262465954e-01 1.082274988294e-01 8.416292071342e-02 5.952193215489e-02 3.961715474725e-02 1.274277269840e-01 1.406079083681e-01 3.442496433854e-02 2.321085892618e-02 2.731304056942e-02 3.376881778240e-02 3.775122761726e-02 3.530332818627e-02
1.169251184911e-02 1.838238537312e-02 2.505142614245e-02 2.722076699138e-02 3.506582230330e-02 4.661780595779e-02 4.580171033740e-02 4.040494188666e-02 3.474462777376e-02 2.679685503244e-02 3.252494707704e-02 3.597629815340e-02 2.000551819801e-01 1.103761434555e+00 1.510479927063e+00 5.270522236824e-01 1.652144491673e-01 1.012339070439e-01 1.033816486597e-01 9.052370488644e-02 8.642789721489e-02 1.967769116163e-01 3.879613876343e-01 5.146142840385e-01 4.139443635941e-01 2.128136157990e-01 1.471359580755e-01 1.077283471823e-01 9.789578616619e-02 8.696350455284e-02 1.161273643374e-01 5.395545437932e-02 6.106214597821e-02 4.951084032655e-02 3.111588023603e-02 1.845925115049e-02 1.524698548019e-02 1.486564707011e-02 1.560397073627e-02 1.943402923644e-02 2.609480544925e-02 3.300235047936e-02 3.376522660255e-02
1.935269869864e-02 2.892349287868e-02 3.841204196215e-02 5.177557468414e-02 1.002067923546e-01 9.878741949797e-02 1.381218433380e-01 1.006090044975e-01 1.143930330873e-01 6.795677542686e-02 3.799287602305e-02 2.607527971268e-01 1.051002264023e+00 1.046805977821e+00 2.740817070007e-01 8.201415091753e-02 1.518126428127e-01 2.004718929529e-01 1.416740417480e-01 1.647748947144e-01 1.993877887726e-01 2.006784081459e-01 2.931976914406e-01 2.397533804178e-01 1.618174612522e-01 1.263029277325e-01 7.875771820545e-02 3.049238212407e-02 3.156855702400e-02 3.099142201245e-02 3.970782086253e-02 2.905778959394e-02 2.561130374670e-02 1.771033182740e-02 1.811273768544e-02 1.845255494118e-02 1.905080676079e-02 2.000089548528e-02 2.127518691123e-02 2.291945740581e-02 2.318114042282e-02 2.770051360130e-02 3.512318432331e-02
