VariationalSeries/SI/f88_max.grd
DSAA
101	101
32.816463539100	34.260883539100
35.556306596100	36.727886596100
1.555308845127e-04	2.595327758789e+01
[rows 57 to 75 of 101, columns 0 to 42 of 101]
8.634336292744e-03 1.418290659785e-02 1.543719880283e-02 1.545499078929e-02 1.626833155751e-02 1.989005319774e-02 2.226115204394e-02 2.440301328897e-02 2.640872634947e-02 2.699086070061e-02 2.612615562975e-02 3.658950701356e-02 6.270441412926e-02 3.428579494357e-02 2.482717484236e-02 3.749681636691e-02 3.360788896680e-02 3.792335093021e-02 4.585563763976e-02 4.754310473800e-02 4.915802925825e-02 3.674598410726e-02 2.551783435047e-02 2.244964428246e-02 2.435439825058e-02 3.372439369559e-02 5.385056883097e-02 6.675899773836e-02 5.198265984654e-02 3.044715709984e-02 2.389170415699e-02 1.879160851240e-02 1.969385147095e-02 2.373674511909e-02 2.801436185837e-02 3.598396852612e-02 4.148575663567e-02 4.467056691647e-02 7.378344237804e-02 9.681139141321e-02 8.311897516251e-02 7.378553599119e-02 8.262683451176e-02
1.093814708292e-02 1.790595054626e-02 2.045368403196e-02 2.076091058552e-02 2.053921855986e-02 1.998346298933e-02 1.991938427091e-02 2.087024599314e-02 2.174855582416e-02 3.534633666277e-02 1.147240027785e-01 1.328872144222e-01 4.966071620584e-02 2.579750865698e-02 2.591501735151e-02 2.404438704252e-02 2.600468881428e-02 2.589313127100e-02 2.973549440503e-02 3.766655549407e-02 4.564318805933e-02 4.876427352428e-02 3.411772102118e-02 2.144423685968e-02 2.469807118177e-02 3.766806423664e-02 5.685562640429e-02 6.088858470321e-02 6.172839924693e-02 3.927694261074e-02 2.370938286185e-02 2.153914235532e-02 2.058884128928e-02 2.470552176237e-02 2.918404154480e-02 3.023735806346e-02 3.110553324223e-02 3.229265660048e-02 3.258188813925e-02 3.516662120819e-02 4.250466078520e-02 5.817561596632e-02 6.702021509409e-02
1.462244801223e-02 2.404177561402e-02 2.781624533236e-02 3.925368934870e-02 5.049996078014e-02 6.419841200113e-02 8.460467308760e-02 1.236197501421e-01 2.272041141987e-01 3.211186230183e-01 2.136638313532e-01 5.438869819045e-02 3.683446720243e-02 3.223528340459e-02 2.344993501902e-02 2.455244027078e-02 2.593467757106e-02 2.549656108022e-02 2.443395555019e-02 2.614566683769e-02 4.403090476990e-02 4.990468546748e-02 3.541541472077e-02 2.039248496294e-02 1.596929877996e-02 2.461937069893e-02 3.489844128489e-02 3.618001937866e-02 3.761708363891e-02 3.061864711344e-02 2.137581259012e-02 2.249597385526e-02 2.131387405097e-02 2.393040433526e-02 2.888970077038e-02 2.996649779379e-02 2.858612127602e-02 2.624164335430e-02 2.408770285547e-02 2.696879766881e-02 3.446627408266e-02 4.409253969789e-02 5.852955579758e-02
1.428861264139e-02 2.533891424537e-02 4.434524103999e-02 6.354098021984e-02 8.059608936310e-02 1.069146841764e-01 1.558609455824e-01 2.331902384758e-01 2.346466928720e-01 1.086150556803e-01 2.631475590169e-02 3.068534657359e-02 3.337082639337e-02 2.965070493519e-02 2.650108560920e-02 2.780872210860e-02 2.784578129649e-02 2.669493667781e-02 2.088164165616e-02 2.045872062445e-02 3.171944990754e-02 3.538937494159e-02 2.628151327372e-02 1.646620035172e-02 1.267274934798e-02 1.370224542916e-02 1.837495341897e-02 2.273677289486e-02 2.650681324303e-02 2.297386340797e-02 2.102259732783e-02 1.966251060367e-02 2.099774405360e-02 2.326572313905e-02 2.792520076036e-02 2.864753082395e-02 2.596096135676e-02 2.225058898330e-02 2.033021859825e-02 2.259995043278e-02 3.328358009458e-02 4.182296618819e-02 5.359462648630e-02
8.660480380058e-03 1.509847585112e-02 1.845908537507e-02 1.943207718432e-02 1.946931891143e-02 1.938607916236e-02 1.921859569848e-02 1.880995556712e-02 1.845460943878e-02 1.805335097015e-02 1.694517582655e-02 1.785365678370e-02 1.946314051747e-02 2.490146830678e-02 2.799697965384e-02 2.922730706632e-02 2.811096049845e-02 2.492317929864e-02 1.839696802199e-02 1.473486423492e-02 1.776996441185e-02 1.843609474599e-02 1.455450709909e-02 1.080313418061e-02 9.524595923722e-03 1.035403274000e-02 1.330141350627e-02 1.599928736687e-02 1.909381523728e-02 2.056337520480e-02 1.946906559169e-02 1.740431971848e-02 2.018244192004e-02 2.443839237094e-02 2.917442284524e-02 2.825463004410e-02 2.350076474249e-02 1.864877156913e-02 2.060510218143e-02 2.307311072946e-02 3.426970541477e-02 4.256179556251e-02 5.048918724060e-02
4.070891067386e-03 7.588908076286e-03 9.843445383012e-03 1.087336428463e-02 1.127460040152e-02 1.160448137671e-02 1.191967818886e-02 1.215242408216e-02 1.251746527851e-02 1.288393791765e-02 1.262854225934e-02 1.187388878316e-02 1.205026917160e-02 1.599466800690e-02 1.881141588092e-02 1.979410834610e-02 1.799898780882e-02 1.600520126522e-02 1.351036969572e-02 1.151798479259e-02 9.485395625234e-03 8.847792632878e-03 7.306301500648e-03 8.067106828094e-03 9.514427743852e-03 1.000890135765e-02 1.102635078132e-02 1.328983344138e-02 1.616133563221e-02 1.768825389445e-02 1.743608340621e-02 1.647230051458e-02 2.015314064920e-02 2.706538140774e-02 3.145991638303e-02 2.842452749610e-02 2.134493738413e-02 1.840710826218e-02 2.111942507327e-02 2.474497072399e-02 3.323543816805e-02 3.773355111480e-02 4.350689053535e-02
2.798017812893e-03 4.713127389550e-03 5.853434093297e-03 6.676005199552e-03 7.183558307588e-03 7.627278566360e-03 8.052526041865e-03 8.408301509917e-03 8.835185319185e-03 9.272644296288e-03 9.331991896033e-03 9.032585658133e-03 8.688965812325e-03 8.380987681448e-03 8.433365263045e-03 9.562684223056e-03 1.008359901607e-02 9.947153739631e-03 9.132842533290e-03 8.730846457183e-03 7.568084169179e-03 7.099611684680e-03 6.218072026968e-03 8.213253691792e-03 1.012260653079e-02 1.109082903713e-02 1.103392429650e-02 1.094589475542e-02 1.334938220680e-02 1.485398598015e-02 1.522129401565e-02 1.513689663261e-02 2.046108432114e-02 2.863308973610e-02 3.160451352596e-02 2.640080265701e-02 1.867817528546e-02 1.850040815771e-02 2.208111807704e-02 2.479604631662e-02 2.886069752276e-02 3.320210799575e-02 3.407920897007e-02
2.263083821163e-03 3.855164162815e-03 4.860173445195e-03 5.345970392227e-03 5.693033337593e-03 5.987373180687e-03 6.203555036336e-03 6.245071068406e-03 6.469616666436e-03 6.720587611198e-03 6.774624343961e-03 6.661934312433e-03 6.549221929163e-03 6.399934645742e-03 6.629561539739e-03 7.616349495947e-03 8.095074445009e-03 7.987779565156e-03 7.387783844024e-03 6.882275454700e-03 7.347823120654e-03 7.132704835385e-03 6.172894034535e-03 8.199334144592e-03 1.034164056182e-02 1.165452785790e-02 1.181457843632e-02 1.144931837916e-02 1.175410766155e-02 1.288771070540e-02 1.342874858528e-02 1.411180850118e-02 2.035194449127e-02 2.800929918885e-02 2.885131165385e-02 2.270796895027e-02 1.737244985998e-02 1.897115446627e-02 2.312132157385e-02 2.442012727261e-02 2.557723782957e-02 2.765181660652e-02 2.537517622113e-02
2.184368669987e-03 3.499436890706e-03 4.440175369382e-03 4.874963313341e-03 5.062452983111e-03 5.223585292697e-03 5.281563382596e-03 5.174496211112e-03 5.199108272791e-03 5.265551153570e-03 5.282662343234e-03 5.484476685524e-03 5.644171964377e-03 5.774025339633e-03 5.928504746407e-03 6.184143014252e-03 6.612010765821e-03 6.682674866170e-03 6.747892126441e-03 6.503036711365e-03 6.747611798346e-03 7.049733772874e-03 6.259438581765e-03 7.769356016070e-03 9.812070056796e-03 1.117427460849e-02 1.141681335866e-02 1.120273862034e-02 1.182158198208e-02 1.216853968799e-02 1.240298617631e-02 1.319249160588e-02 1.908918283880e-02 2.514277771115e-02 2.443306893110e-02 1.950229704380e-02 1.688627712429e-02 2.033739909530e-02 2.340528741479e-02 2.283689007163e-02 2.224861085415e-02 2.242575772107e-02 2.056456543505e-02
2.045940142125e-03 3.247956978157e-03 4.076045472175e-03 4.443684592843e-03 4.601023159921e-03 4.717364907265e-03 4.730904474854e-03 4.629141651094e-03 4.589876160026e-03 4.936342593282e-03 5.234993062913e-03 5.504427477717e-03 5.742908455431e-03 5.943494848907e-03 6.125682033598e-03 6.302349735051e-03 6.433187983930e-03 6.454478949308e-03 6.327188108116e-03 6.181688979268e-03 6.195568479598e-03 6.801053415984e-03 6.429474335164e-03 7.051556371152e-03 8.781501092017e-03 9.985429234803e-03 1.158476062119e-02 1.264899875969e-02 1.269909087569e-02 1.229099184275e-02 1.202142331749e-02 1.226284261793e-02 1.677714660764e-02 2.094512246549e-02 2.006456255913e-02 1.737979985774e-02 1.823803968728e-02 2.069494314492e-02 2.213402092457e-02 2.007232233882e-02 1.864342391491e-02 1.771298795938e-02 1.759413629770e-02
1.886671059765e-03 2.990009030327e-03 3.746109316126e-03 4.096581134945e-03 4.244664218277e-03 4.308808129281e-03 4.277916625142e-03 4.210650455207e-03 4.302811343223e-03 4.672178532928e-03 5.005167331547e-03 5.317457485944e-03 5.604456644505e-03 5.845136940479e-03 6.032031029463e-03 6.153886672109e-03 6.170267239213e-03 6.704636383802e-03 6.845299620181e-03 6.351757794619e-03 5.794140044600e-03 6.240024697036e-03 6.367936264724e-03 6.340529303998e-03 7.729361765087e-03 8.726267144084e-03 1.056762132794e-02 1.228199712932e-02 1.268851291388e-02 1.227433606982e-02 1.177948433906e-02 1.165966037661e-02 1.339456532151e-02 1.625034585595e-02 1.595241948962e-02 1.474100537598e-02 1.577388681471e-02 1.753826625645e-02 1.814203709364e-02 1.578339748085e-02 1.462180167437e-02 1.354959886521e-02 1.327217090875e-02
1.752386568114e-03 2.781728282571e-03 3.499181475490e-03 3.847888670862e-03 3.975745290518e-03 3.984244074672e-03 3.921568859369e-03 3.890558611602e-03 4.049142822623e-03 4.209070000798e-03 4.550573416054e-03 4.874381702393e-03 5.174302030355e-03 5.427126772702e-03 5.610432010144e-03 5.857350304723e-03 6.447560153902e-03 7.257055491209e-03 7.614836562425e-03 7.408010307699e-03 6.779917515814e-03 6.030301563442e-03 6.187703460455e-03 6.268878933042e-03 6.886921357363e-03 7.686473894864e-03 7.920190691948e-03 9.558977559209e-03 1.081816758960e-02 1.120290067047e-02 1.107062213123e-02 1.124562323093e-02 1.159306056798e-02 1.195625122637e-02 1.184287946671e-02 1.145179942250e-02 1.214793231338e-02 1.407815702260e-02 1.498678047210e-02 1.232788618654e-02 1.100893225521e-02 9.830905124545e-03 1.084614079446e-02
1.655118307099e-03 2.634977223352e-03 3.327392274514e-03 3.657770575956e-03 3.746106522158e-03 3.716688603163e-03 3.653433872387e-03 3.625257872045e-03 3.720703767613e-03 3.883145982400e-03 3.955381456763e-03 4.269598517567e-03 4.558657761663e-03 4.806675016880e-03 5.032960325480e-03 5.607577040792e-03 6.555068772286e-03 7.479046005756e-03 8.105487562716e-03 8.293956518173e-03 8.066128008068e-03 7.584234233946e-03 7.003436330706e-03 6.468704901636e-03 6.235979497433e-03 6.886144168675e-03 7.019615266472e-03 6.735630333424e-03 8.251508697867e-03 9.468302130699e-03 1.027306355536e-02 1.086815260351e-02 1.123041100800e-02 1.085092779249e-02 9.769857861102e-03 9.578363038599e-03 1.075182855129e-02 1.335363928229e-02 1.547918468714e-02 1.391135249287e-02 1.024561934173e-02 9.165904484689e-03 1.041675452143e-02
1.619481598027e-03 2.574074082077e-03 3.238257486373e-03 3.529788926244e-03 3.576088696718e-03 3.526123473421e-03 3.488424234092e-03 3.535776399076e-03 3.532532602549e-03 3.569357562810e-03 3.620228730142e-03 4.001632798463e-03 4.402351565659e-03 4.818121902645e-03 5.185913294554e-03 5.730316974223e-03 6.662508938462e-03 7.606815546751e-03 8.456478826702e-03 8.982645347714e-03 9.072186425328e-03 8.846444077790e-03 8.462566882372e-03 8.071009069681e-03 7.841368205845e-03 7.694176398218e-03 7.413182873279e-03 6.992727052420e-03 8.167788386345e-03 9.162213653326e-03 9.906144812703e-03 1.058472413570e-02 1.094312127680e-02 1.022148132324e-02 9.744431823492e-03 9.908007457852e-03 1.083021238446e-02 1.290202699602e-02 1.490643154830e-02 1.352572813630e-02 1.045225281268e-02 9.126327931881e-03 1.038047764450e-02
1.646052231081e-03 2.602679887787e-03 3.244929015636e-03 3.500029211864e-03 3.515315940604e-03 3.444852540269e-03 3.434181213379e-03 3.436719998717e-03 3.512799041346e-03 3.532444126904e-03 3.748674411327e-03 4.126125015318e-03 4.495324101299e-03 4.846942145377e-03 5.131192971021e-03 5.895808339119e-03 6.951028015465e-03 7.948799990118e-03 8.913197554648e-03 9.612693451345e-03 9.840605780482e-03 9.693653322756e-03 9.333316236734e-03 8.885205723345e-03 8.516756817698e-03 8.152456954122e-03 7.543591782451e-03 6.971488706768e-03 8.000364527106e-03 8.866789750755e-03 9.611412882805e-03 1.032860297710e-02 1.056593842804e-02 9.710066020489e-03 9.878206066787e-03 1.015848759562e-02 1.106930617243e-02 1.250707171857e-02 1.346817053854e-02 1.184565853328e-02 9.735709056258e-03 8.471128530800e-03 9.630922228098e-03
1.688094111159e-03 2.660930855200e-03 3.292988520116e-03 3.526520216838e-03 3.523570019752e-03 3.476718906313e-03 3.624581033364e-03 3.727953415364e-03 3.787096822634e-03 3.797059413046e-03 3.764633554965e-03 3.965073265135e-03 4.402821883559e-03 4.926605615765e-03 5.096068605781e-03 5.773699842393e-03 7.108679506928e-03 8.259924128652e-03 9.172690100968e-03 9.747937321663e-03 9.876064024866e-03 9.610555134714e-03 9.113115258515e-03 8.529363200068e-03 7.981692440808e-03 7.430881727487e-03 6.654061842710e-03 6.963229272515e-03 7.847357541323e-03 8.628377690911e-03 9.339722804725e-03 9.932370856404e-03 9.935238398612e-03 9.183465503156e-03 9.967140853405e-03 1.241369452327e-02 1.173755899072e-02 1.247465144843e-02 1.200541015714e-02 1.014145929366e-02 8.807857520878e-03 7.703345268965e-03 8.736925199628e-03
1.664503826760e-03 2.615185687318e-03 3.217328572646e-03 3.432857804000e-03 3.428343217820e-03 3.489502239972e-03 3.585025202483e-03 3.632005536929e-03 3.644766518846e-03 3.623910015449e-03 3.643273143098e-03 4.090257454664e-03 4.761000163853e-03 5.332847125828e-03 5.503988359123e-03 5.384605843574e-03 6.793442647904e-03 7.969749160111e-03 8.633017539978e-03 8.867535740137e-03 8.744833990932e-03 8.271069265902e-03 7.639549672604e-03 7.091376464814e-03 6.646607071161e-03 6.168849300593e-03 6.216494832188e-03 6.905847694725e-03 7.687462959439e-03 8.389553986490e-03 9.001827798784e-03 9.340860880911e-03 9.080272167921e-03 8.805391378701e-03 1.040432695299e-02 1.115679088980e-02 1.140027120709e-02 1.252612657845e-02 1.213748566806e-02 9.948978200555e-03 8.535637520254e-03 7.844910025597e-03 8.480407297611e-03
1.525014755316e-03 2.380649792030e-03 2.911361167207e-03 3.098630113527e-03 3.284422447905e-03 3.427254501730e-03 3.365845419466e-03 3.198488848284e-03 3.161792177707e-03 3.396685235202e-03 3.710459219292e-03 4.291180521250e-03 5.073933396488e-03 5.666416138411e-03 5.832234863192e-03 5.734951235354e-03 6.217610556632e-03 7.217846810818e-03 7.591721601784e-03 7.509390357882e-03 7.137188222259e-03 6.476833019406e-03 6.233707536012e-03 7.383359596133e-03 7.490125019103e-03 7.182983681560e-03 7.038829382509e-03 7.066728547215e-03 7.473867852241e-03 8.084479719400e-03 8.510764688253e-03 8.524300530553e-03 8.005317300558e-03 8.131413720548e-03 9.489464573562e-03 1.353010069579e-02 1.160879991949e-02 1.626771502197e-02 1.443821098655e-02 1.212198846042e-02 1.027539651841e-02 8.458845317364e-03 9.547937661409e-03
1.576338661835e-03 2.323681022972e-03 2.851729746908e-03 3.295902395621e-03 3.631405998021e-03 3.710798686370e-03 3.603349672630e-03 3.400775836781e-03 3.164684865624e-03 3.427910152823e-03 3.800808219239e-03 4.504657816142e-03 5.370474886149e-03 5.973748862743e-03 6.136925425380e-03 6.040845531970e-03 5.707433912903e-03 6.573299877346e-03 6.825832184404e-03 7.205187808722e-03 9.778497740626e-03 8.959826081991e-03 6.768510676920e-03 7.701289840043e-03 7.478965446353e-03 6.892055273056e-03 6.547028664500e-03 6.590930745006e-03 7.217262871563e-03 7.687940727919e-03 7.851741276681e-03 7.544959429651e-03 6.859916727990e-03 7.304426282644e-03 8.090951479971e-03 1.202656421810e-02 1.506678480655e-02 2.361200936139e-02 2.184184640646e-02 1.435741223395e-02 1.093267556280e-02 1.007546205074e-02 1.239829137921e-02
