VariationalSeries/SI/f89.grd
DSAA
101	101
32.816463539100	34.260883539100
35.556306596100	36.727886596100
2.260794717586e-04	3.774704742432e+01
[rows 76 to 94 of 101, columns 43 to 85 of 101]
5.780488252640e-02 4.896398633718e-02 8.993984758854e-02 2.262264788151e-01 2.431862354279e-01 4.849413633347e-01 7.741628885269e-01 8.705623149872e-01 5.391062498093e-01 1.507248580456e-01 5.427188277245e-01 1.217563986778e+00 9.107478857040e-01 2.338055372238e-01 1.061158478260e-01 1.498613357544e-01 1.576811224222e-01 8.044367283583e-02 7.538203895092e-02 9.393420815468e-02 3.461838066578e-01 7.931049466133e-01 1.872439533472e-01 1.269779950380e-01 9.287697821856e-02 6.227535381913e-02 3.173816576600e-02 2.728605829179e-02 2.657231315970e-02 2.505400776863e-02 2.360263280571e-02 2.460917271674e-02 2.591920271516e-02 2.750369906425e-02 2.778387814760e-02 2.585773915052e-02 2.371595054865e-02 2.216812409461e-02 2.108812890947e-02 2.045072615147e-02 2.288434840739e-02 3.511922061443e-02 4.788548126817e-02
9.327384829521e-02 1.260237842798e-01 1.610655784607e-01 1.687028110027e-01 2.323976904154e-01 3.218921124935e-01 4.156308770180e-01 3.888432383537e-01 6.241176128387e-01 9.108144640923e-01 9.035200476646e-01 4.340100288391e-01 3.039603531361e-01 2.712356448174e-01 1.748691201210e-01 1.842833161354e-01 5.093394592404e-02 3.203814476728e-02 3.893699496984e-02 4.357563331723e-02 3.304943442345e-02 3.953249752522e-02 6.253001093864e-02 6.326028704643e-02 5.741534382105e-02 3.522077947855e-02 1.732828095555e-02 1.554891094565e-02 1.799551956356e-02 2.073827013373e-02 2.212641015649e-02 2.261624112725e-02 2.249916456640e-02 2.151578105986e-02 1.871381700039e-02 1.501945592463e-02 1.203413866460e-02 1.186387334019e-02 1.257760636508e-02 1.471836958081e-02 1.853350177407e-02 3.161535412073e-02 4.228762537241e-02
1.980157345533e-01 2.992046773434e-01 1.976972669363e-01 9.328254312277e-02 1.080557405949e-01 3.958951234818e-01 1.110497832298e+00 1.478848695755e+00 1.108843564987e+00 5.472704172134e-01 2.933205962181e-01 1.879884749651e-01 1.359718292952e-01 2.190966606140e-01 1.804232001305e-01 6.746848672628e-02 2.258142270148e-02 2.075809054077e-02 2.150318771601e-02 2.909522876143e-02 2.173060923815e-02 1.980498991907e-02 2.289076521993e-02 2.596203982830e-02 2.352782711387e-02 2.144046500325e-02 1.738002523780e-02 1.808475516737e-02 1.521294470876e-02 1.735529117286e-02 1.816775463521e-02 1.693023554981e-02 1.625603251159e-02 1.571488566697e-02 1.107500586659e-02 1.065285876393e-02 1.131274644285e-02 1.126920245588e-02 1.103442162275e-02 1.172967068851e-02 1.434530224651e-02 2.745728753507e-02 4.026017710567e-02
2.806975245476e-01 3.275336325169e-01 1.107643768191e-01 1.145171150565e-01 4.063462316990e-01 7.277491092682e-01 7.509688138962e-01 6.456435322762e-01 5.437846183777e-01 2.541598975658e-01 2.230938822031e-01 2.707128524780e-01 1.664189100266e-01 1.043329089880e-01 4.640062153339e-02 2.495276741683e-02 1.589809916914e-02 1.534264348447e-02 1.473402790725e-02 1.826629601419e-02 1.631991192698e-02 1.632504537702e-02 1.518613845110e-02 1.499682385474e-02 1.452837046236e-02 1.483110804111e-02 1.433666050434e-02 1.457932498306e-02 1.568097248673e-02 1.502216793597e-02 1.522023510188e-02 1.254095882177e-02 1.389270648360e-02 1.457794383168e-02 1.160931587219e-02 8.838130161166e-03 1.057334616780e-02 1.124914363027e-02 1.129574142396e-02 1.109887193888e-02 1.145258545876e-02 1.475868094712e-02 2.482132427394e-02
1.225690320134e-01 2.055803090334e-01 2.965256571770e-01 3.828744888306e-01 4.182260334492e-01 3.437225818634e-01 3.823722600937e-01 4.819348156452e-01 6.882632374763e-01 2.613526284695e-01 2.725952863693e-01 1.655913740396e-01 6.661059707403e-02 2.840868756175e-02 1.963071525097e-02 1.596723124385e-02 1.432271022350e-02 1.291297003627e-02 1.182988751680e-02 1.119001302868e-02 1.242450345308e-02 9.599764831364e-03 9.728899225593e-03 9.693423286080e-03 1.022134441882e-02 1.073582749814e-02 1.083418354392e-02 9.924123995006e-03 8.528844453394e-03 1.023752521724e-02 9.995913133025e-03 9.707625955343e-03 1.089505944401e-02 1.215688511729e-02 1.118324138224e-02 8.771605789661e-03 9.824014268816e-03 1.102909632027e-02 1.132441777736e-02 1.150659564883e-02 1.334187481552e-02 1.601648703218e-02 2.015233226120e-02
1.363363713026e-01 4.143087267876e-01 7.679906487465e-01 4.453280568123e-01 2.895210981369e-01 5.056056976318e-01 6.744793653488e-01 9.077922105789e-01 4.390759170055e-01 2.247440665960e-01 1.054723262787e-01 6.103944778442e-02 2.610410191119e-02 1.669517718256e-02 1.181918755174e-02 9.919096715748e-03 9.112639352679e-03 8.468671701849e-03 8.693283423781e-03 9.263563901186e-03 9.550184942782e-03 8.861093781888e-03 8.588780649006e-03 9.217918850482e-03 1.101241353899e-02 1.282703317702e-02 1.402890402824e-02 1.363560557365e-02 1.077205315232e-02 8.330643177032e-03 8.312693797052e-03 7.673978339881e-03 7.817342877388e-03 9.765166789293e-03 1.010914985090e-02 9.425994940102e-03 8.934779092669e-03 1.046448852867e-02 1.104596629739e-02 1.115642022341e-02 1.279588136822e-02 1.772280409932e-02 2.398027293384e-02
2.559715807438e-01 8.026107549667e-01 6.110865473747e-01 5.008004903793e-01 5.493166446686e-01 5.265128612518e-01 3.644747436047e-01 3.504468202591e-01 2.770395278931e-01 1.410501748323e-01 5.084324255586e-02 3.146260604262e-02 1.736571453512e-02 1.112962234765e-02 9.002720937133e-03 7.378402166069e-03 7.368348073214e-03 7.871335372329e-03 7.692176848650e-03 7.348538842052e-03 7.986961863935e-03 8.232662454247e-03 7.956505753100e-03 7.977508008480e-03 1.003877259791e-02 1.232308242470e-02 1.399349328130e-02 1.396004389971e-02 1.133843325078e-02 7.720347028226e-03 8.073013275862e-03 8.362960070372e-03 6.838891189545e-03 7.193551398814e-03 8.574097417295e-03 9.571583010256e-03 9.670128114522e-03 9.577717632055e-03 1.046804711223e-02 1.092641521245e-02 1.085118763149e-02 1.231506932527e-02 1.556574553251e-02
3.436627686024e-01 5.826601982117e-01 3.483997285366e-01 2.111053466797e-01 1.407776772976e-01 1.739095449448e-01 1.492831557989e-01 1.782407462597e-01 1.523398011923e-01 5.326119437814e-02 3.664550930262e-02 2.181114628911e-02 1.844197697937e-02 1.369347982109e-02 8.551446720958e-03 6.962350104004e-03 7.575909607112e-03 7.643202785403e-03 6.961910985410e-03 6.585766561329e-03 7.642563432455e-03 8.368851616979e-03 8.758801035583e-03 8.456773124635e-03 7.833408191800e-03 9.360899217427e-03 1.044769305736e-02 1.035600900650e-02 8.562108501792e-03 6.935290992260e-03 7.169872056693e-03 7.873651571572e-03 7.515328004956e-03 6.419582758099e-03 6.508899386972e-03 7.828905247152e-03 8.699772879481e-03 8.495699614286e-03 9.664645418525e-03 1.049487292767e-02 1.069044042379e-02 1.128141488880e-02 1.266517210752e-02
4.863771796227e-01 4.045103192329e-01 1.304357349873e-01 9.929286688566e-02 1.053325980902e-01 6.284332275391e-02 8.762491494417e-02 1.439473927021e-01 9.595905989408e-02 4.705372825265e-02 3.474847972393e-02 1.977246068418e-02 1.926209777594e-02 1.825878210366e-02 1.143150683492e-02 9.043124504387e-03 7.673793472350e-03 7.352828048170e-03 6.342543754727e-03 6.349076516926e-03 7.684257812798e-03 9.216168895364e-03 1.013509556651e-02 9.471485391259e-03 8.092019706964e-03 6.957259960473e-03 7.630988955498e-03 8.157962933183e-03 8.114500902593e-03 8.582884445786e-03 7.715550251305e-03 7.098336238414e-03 7.214492652565e-03 6.545901298523e-03 6.275332998484e-03 7.584765553474e-03 8.294636383653e-03 8.081553503871e-03 8.703427389264e-03 9.790326468647e-03 1.026582065970e-02 1.151319686323e-02 1.451105251908e-02
7.690163254738e-01 3.375163078308e-01 6.686396151781e-02 4.775315895677e-02 3.668089210987e-02 4.481077939272e-02 4.825228452682e-02 1.085633710027e-01 1.100152507424e-01 6.713230907917e-02 3.350819274783e-02 1.916071400046e-02 1.658166013658e-02 1.732457429171e-02 1.421702373773e-02 8.749318309128e-03 7.633324246854e-03 7.074064109474e-03 5.881214980036e-03 6.276556290686e-03 7.866473868489e-03 1.027597114444e-02 1.121085137129e-02 9.957724250853e-03 8.362915366888e-03 7.364883553237e-03 7.900372147560e-03 8.800953626633e-03 9.189559146762e-03 8.975910954177e-03 8.316376246512e-03 6.879639346153e-03 7.890786044300e-03 6.559654604644e-03 6.109158974141e-03 6.674436386675e-03 8.391638286412e-03 9.241255000234e-03 9.847567416728e-03 1.119607593864e-02 1.286129280925e-02 1.335493661463e-02 1.298310607672e-02
6.653683185577e-01 2.038839012384e-01 5.086373910308e-02 2.875874564052e-02 2.620513178408e-02 3.040976449847e-02 5.605327710509e-02 7.173373550177e-02 8.581122010946e-02 5.993826314807e-02 3.944985195994e-02 2.223777398467e-02 1.447026804090e-02 1.252921577543e-02 1.199651602656e-02 1.013448648155e-02 8.782113902271e-03 9.651078842580e-03 8.054450154305e-03 6.928300950676e-03 8.645513094962e-03 1.155407074839e-02 1.203186158091e-02 1.010651234537e-02 8.580854162574e-03 7.818394340575e-03 8.266803808510e-03 9.279742836952e-03 1.001252792776e-02 9.339957498014e-03 8.202203549445e-03 6.787823047489e-03 8.051181212068e-03 6.228098645806e-03 6.035285070539e-03 5.764368455857e-03 6.302882917225e-03 8.305205032229e-03 1.058233343065e-02 1.362855359912e-02 1.664281263947e-02 1.783188246191e-02 1.803478971124e-02
3.498048484325e-01 6.385660171509e-02 3.029616177082e-02 2.646902389824e-02 2.212279848754e-02 2.241236343980e-02 3.614364191890e-02 2.003462426364e-02 5.210618302226e-02 7.877284288406e-02 5.599195882678e-02 4.259164258838e-02 2.133717946708e-02 1.314061321318e-02 1.123521104455e-02 1.138616167009e-02 1.207847241312e-02 1.086136698723e-02 9.602137841284e-03 8.453804068267e-03 1.034230366349e-02 1.271278597414e-02 1.224478054792e-02 1.031139772385e-02 9.202921763062e-03 8.659205399454e-03 8.739382028580e-03 9.745731018484e-03 1.057913433760e-02 1.012966316193e-02 8.466782979667e-03 6.697790231556e-03 7.598713506013e-03 6.880219094455e-03 5.983867682517e-03 5.951344501227e-03 5.736147984862e-03 5.999639630318e-03 7.650046143681e-03 1.169719640166e-02 1.597620733082e-02 1.862783543766e-02 2.014931850135e-02
9.460088610649e-02 3.673516958952e-02 2.389004454017e-02 2.283287048340e-02 1.774123869836e-02 1.611565798521e-02 1.625486649573e-02 1.529277488589e-02 1.895720697939e-02 6.496381759644e-02 7.206708192825e-02 1.054558530450e-01 6.751358509064e-02 2.430658787489e-02 1.510574482381e-02 1.259940676391e-02 1.373068708926e-02 1.623837836087e-02 1.513040065765e-02 1.212376076728e-02 1.178800594062e-02 1.321363076568e-02 1.188345812261e-02 1.025773398578e-02 9.653924033046e-03 9.559855796397e-03 9.742633439600e-03 9.960766881704e-03 1.082157343626e-02 1.086035463959e-02 9.362799115479e-03 7.220034953207e-03 7.129006087780e-03 7.127434015274e-03 6.690854206681e-03 6.854832638055e-03 6.788483820856e-03 6.671465933323e-03 6.586167961359e-03 6.755656097084e-03 9.090295992792e-03 1.210550218821e-02 1.427193824202e-02
3.384695947170e-02 2.102499455214e-02 2.139866538346e-02 1.864678785205e-02 1.513092592359e-02 1.372963748872e-02 1.189561747015e-02 1.185025833547e-02 1.396869681776e-02 2.692588046193e-02 1.074942871928e-01 2.638286352158e-01 1.811267733574e-01 5.782733485103e-02 2.544797025621e-02 1.581689529121e-02 1.430332567543e-02 1.715154200792e-02 1.661661081016e-02 1.742669939995e-02 1.677451096475e-02 1.383014675230e-02 1.236080564559e-02 1.109010726213e-02 1.075064297765e-02 1.083012297750e-02 1.081030350178e-02 1.052980497479e-02 1.084115635604e-02 1.142216287553e-02 1.032166182995e-02 7.544862572104e-03 6.949554663152e-03 6.847227923572e-03 7.217578124255e-03 7.749487180263e-03 8.112051524222e-03 8.226404897869e-03 8.159625343978e-03 7.865617983043e-03 7.874618284404e-03 8.282342925668e-03 8.542339317501e-03
3.059862181544e-02 1.751358248293e-02 1.904126629233e-02 1.455719303340e-02 1.183173898607e-02 1.113319862634e-02 9.771186858416e-03 1.012383401394e-02 1.014442928135e-02 1.868698932230e-02 8.144493401051e-02 2.196333557367e-01 1.992371529341e-01 1.284192502499e-01 3.103718906641e-02 1.729861088097e-02 1.316983997822e-02 1.892840489745e-02 2.246996201575e-02 2.107843942940e-02 1.724048517644e-02 1.347575057298e-02 1.334283128381e-02 1.254930812865e-02 1.212750747800e-02 1.184696331620e-02 1.134008262306e-02 1.034515071660e-02 1.092206034809e-02 1.152692269534e-02 1.015634369105e-02 7.833191193640e-03 8.107312023640e-03 7.843418978155e-03 7.435538806021e-03 7.238626480103e-03 7.735281717032e-03 8.035125210881e-03 7.953508757055e-03 7.444158662111e-03 8.247603662312e-03 9.735983796418e-03 1.078833453357e-02
3.770510852337e-02 1.975847966969e-02 1.665280573070e-02 1.286519411951e-02 9.653097949922e-03 9.103518910706e-03 9.370272047818e-03 9.147035889328e-03 9.160453453660e-03 1.169122010469e-02 3.097052499652e-02 1.131701320410e-01 4.113681614399e-01 3.174671828747e-01 5.327842384577e-02 2.020927518606e-02 2.222339622676e-02 2.370765991509e-02 2.107969671488e-02 1.677597872913e-02 1.362751238048e-02 1.389894075692e-02 1.473366096616e-02 1.426746323705e-02 1.329580228776e-02 1.206262689084e-02 1.043613348156e-02 9.643742814660e-03 1.127598248422e-02 1.158766914159e-02 1.039345748723e-02 1.154491771013e-02 1.157222036272e-02 1.094342209399e-02 9.841203689575e-03 7.651246618479e-03 6.430634297431e-03 6.401627790183e-03 6.580225192010e-03 7.072498556226e-03 8.308801800013e-03 1.035430654883e-02 1.282242592424e-02
3.991566598415e-02 2.242325432599e-02 1.682396046817e-02 1.122704986483e-02 8.475417271256e-03 8.890425786376e-03 8.781859651208e-03 8.866058662534e-03 7.983701303601e-03 8.948050439358e-03 1.752712950110e-02 5.761329457164e-02 1.999973058701e-01 1.763223558664e-01 5.895927175879e-02 3.358630463481e-02 2.760657109320e-02 2.141849696636e-02 1.649814471602e-02 1.319633796811e-02 1.315123122185e-02 1.403451710939e-02 1.492306776345e-02 1.419161912054e-02 1.225708518177e-02 9.943136014044e-03 8.313709869981e-03 9.046246297657e-03 1.132779754698e-02 1.190311089158e-02 1.231942325830e-02 1.353703532368e-02 1.344018150121e-02 1.251851581037e-02 1.063963118941e-02 7.995334453881e-03 8.194343186915e-03 8.510285988450e-03 9.016422554851e-03 9.445152245462e-03 9.560720063746e-03 1.065406575799e-02 1.374267693609e-02
3.731107711792e-02 2.005042321980e-02 1.415438670665e-02 8.819565176964e-03 8.137596771121e-03 8.778098970652e-03 8.481360971928e-03 7.340095471591e-03 5.837204400450e-03 8.073970675468e-03 1.491670217365e-02 2.550921961665e-02 7.061260938644e-02 8.390911668539e-02 6.078436970711e-02 3.722795844078e-02 2.354169264436e-02 1.672741584480e-02 1.548580825329e-02 1.504180300981e-02 1.354731153697e-02 1.281203236431e-02 1.239341031760e-02 1.088829431683e-02 8.588323369622e-03 7.742980495095e-03 7.635334972292e-03 8.148182183504e-03 1.055803708732e-02 1.180345844477e-02 8.748210035264e-03 9.511085227132e-03 9.512466378510e-03 8.894423022866e-03 8.638229221106e-03 9.445087052882e-03 1.021258067340e-02 1.122712530196e-02 1.233024057001e-02 1.295027974993e-02 1.271336060017e-02 1.184281613678e-02 1.348624657840e-02
3.333218395710e-02 1.483084354550e-02 1.017651893198e-02 6.324360612780e-03 7.618587929755e-03 8.453133516014e-03 8.099295198917e-03 6.686912849545e-03 4.943334963173e-03 7.269003428519e-03 1.340714562684e-02 2.075952291489e-02 4.913544282317e-02 6.303392350674e-02 4.900714382529e-02 2.901840209961e-02 1.796397194266e-02 1.665279828012e-02 1.638957299292e-02 1.374236308038e-02 1.092725247145e-02 9.127710945904e-03 7.986777462065e-03 6.692389491946e-03 6.356123369187e-03 6.246633827686e-03 6.259044632316e-03 6.925745867193e-03 9.195718914270e-03 1.075498480350e-02 8.355145342648e-03 6.563604809344e-03 6.231421604753e-03 7.964801043272e-03 9.425772354007e-03 1.071085501462e-02 1.220078114420e-02 1.405318360776e-02 1.578907296062e-02 1.649416051805e-02 1.568630896509e-02 1.382701937109e-02 1.329325418919e-02
