VariationalSeries/SI/f89.grd
DSAA
101	101
32.816463539100	34.260883539100
35.556306596100	36.727886596100
2.260794717586e-04	3.774704742432e+01
[rows 57 to 75 of 101, columns 43 to 85 of 101]
1.576511114836e-01 1.878521293402e-01 9.583128243685e-02 1.063050031662e-01 1.051192656159e-01 1.688852012157e-01 1.895570904016e-01 2.546645402908e-01 2.220791131258e-01 1.213637143373e-01 8.473368734121e-02 7.113598287106e-02 5.228766426444e-02 9.256433695555e-02 3.892000615597e-01 1.307008624077e+00 2.867750883102e+00 2.691769838333e+00 3.822749614716e+00 1.313334465027e+00 3.810394406319e-01 2.902778685093e-01 5.252024531364e-01 9.746987223625e-01 1.667484879494e+00 1.511969804764e+00 1.645912766457e+00 1.334433197975e+00 1.731412529945e+00 1.603257894516e+00 1.693152427673e+00 1.261962056160e+00 1.306627273560e+00 1.835960865021e+00 1.140234351158e+00 7.168032526970e-01 8.363960385323e-01 1.170437455177e+00 1.467518448830e+00 1.062112212181e+00 4.431189596653e-01 3.901298046112e-01 3.771499395370e-01
1.258224248886e-01 2.046634852886e-01 7.745652645826e-02 8.238119632006e-02 8.157625794411e-02 1.225864961743e-01 2.376525849104e-01 7.625984549522e-01 6.059196591377e-01 1.306486576796e-01 7.819916307926e-02 5.415195226669e-02 4.145261645317e-02 4.102966189384e-02 8.102142810822e-02 7.789664864540e-01 9.123963117599e-01 9.443385004997e-01 7.626071572304e-01 7.730814814568e-01 5.675546526909e-01 4.308445155621e-01 3.322373628616e-01 2.026708424091e-01 5.227051377296e-01 1.035817623138e+00 1.809996128082e+00 1.846055269241e+00 2.014663934708e+00 1.104900002480e+00 1.458384871483e+00 1.330129742622e+00 1.140243649483e+00 1.001388072968e+00 1.017967700958e+00 7.642740607262e-01 7.510313391685e-01 9.037786722183e-01 8.877524137497e-01 8.127311468124e-01 8.429394364357e-01 8.832742571831e-01 8.262184858322e-01
1.055654510856e-01 1.017159819603e-01 7.045555859804e-02 7.494653761387e-02 7.617371529341e-02 1.115474477410e-01 3.375760316849e-01 8.400870561600e-01 8.680446743965e-01 1.960188448429e-01 8.151569217443e-02 4.627174511552e-02 3.274621069431e-02 2.966511994600e-02 3.049418888986e-02 3.810505196452e-02 5.216006189585e-02 7.104469090700e-02 9.180390834808e-02 1.139426380396e-01 1.333777606487e-01 1.575427055359e-01 1.059314534068e-01 1.064463332295e-01 2.550373673439e-01 1.185739159584e+00 2.042037010193e+00 2.320327520370e+00 2.230285167694e+00 2.249831199646e+00 1.479833841324e+00 1.283896327019e+00 1.088987946510e+00 9.907101392746e-01 1.390972971916e+00 1.199225187302e+00 9.950600862503e-01 6.230655908585e-01 6.692773103714e-01 5.620355010033e-01 4.955001473427e-01 4.668781161308e-01 4.076182544231e-01
9.732125699520e-02 8.754508942366e-02 6.817006319761e-02 7.596421986818e-02 8.626015484333e-02 1.132252514362e-01 7.250908017159e-01 8.731001019478e-01 1.075662493706e+00 1.511417329311e-01 7.145669311285e-02 4.453974962234e-02 2.956593409181e-02 2.399545162916e-02 2.293481677771e-02 2.421113289893e-02 2.961745858192e-02 3.900796547532e-02 5.566377192736e-02 6.525091081858e-02 7.475169003010e-02 1.498574465513e-01 7.718332111835e-02 7.117604464293e-02 2.172352224588e-01 4.830549359322e-01 1.724282741547e+00 1.924748420715e+00 2.039515733719e+00 2.179181814194e+00 1.819387316704e+00 1.406916975975e+00 9.787994623184e-01 1.254197359085e+00 8.719485402107e-01 7.671840190887e-01 6.360427141190e-01 5.257002115250e-01 4.940915703773e-01 4.867874681950e-01 5.144537687302e-01 7.310658097267e-01 1.017308712006e+00
8.242256194353e-02 6.415855884552e-02 6.696035712957e-02 8.058743178844e-02 1.230564564466e-01 2.013900130987e-01 6.118671894073e-01 1.364658713341e+00 5.303644537926e-01 8.421453833580e-02 5.199527367949e-02 3.792688995600e-02 2.697778306901e-02 2.024718374014e-02 1.853127777576e-02 1.856769435108e-02 2.024322934449e-02 2.705953642726e-02 3.725631162524e-02 4.260644689202e-02 4.418097436428e-02 9.174141287804e-02 5.492068454623e-02 5.955112725496e-02 1.337250322104e-01 4.529928863049e-01 1.225451231003e+00 1.662295222282e+00 1.733946442604e+00 1.322736144066e+00 1.019062280655e+00 1.455667376518e+00 9.953544735909e-01 7.010084986687e-01 7.793753743172e-01 9.873060584068e-01 8.936231732368e-01 6.305620074272e-01 5.885019302368e-01 5.732846260071e-01 5.555781722069e-01 6.184751391411e-01 7.649266123772e-01
5.979480594397e-02 4.917385429144e-02 6.149379909039e-02 1.431734859943e-01 3.229506909847e-01 7.498575448990e-01 1.105373144150e+00 6.980623602867e-01 7.475659996271e-02 5.105562135577e-02 3.668963164091e-02 3.023533523083e-02 2.360322140157e-02 1.928835362196e-02 1.697586849332e-02 1.768825203180e-02 1.852152869105e-02 2.237620390952e-02 3.229280188680e-02 3.972800076008e-02 4.220087081194e-02 4.462218284607e-02 4.482856392860e-02 6.703174859285e-02 1.623042374849e-01 4.239228665829e-01 5.202939510345e-01 5.174077749252e-01 1.004206180573e+00 1.163800358772e+00 1.363943815231e+00 8.697510957718e-01 1.123867869377e+00 8.257244825363e-01 9.257214069366e-01 1.092117547989e+00 2.181325674057e+00 1.376483082771e+00 8.101104497910e-01 6.619417667389e-01 6.807314157486e-01 6.687062382698e-01 6.457083821297e-01
3.858828917146e-02 4.025568440557e-02 5.089562013745e-02 6.429204344749e-02 1.395089477301e-01 8.657174110413e-01 5.650597214699e-01 7.586993277073e-02 4.442379251122e-02 3.917089477181e-02 3.287574648857e-02 2.778436616063e-02 2.176167070866e-02 1.855538599193e-02 1.652524620295e-02 1.822422444820e-02 1.890183426440e-02 1.842724159360e-02 2.655339613557e-02 3.388578444719e-02 3.829218447208e-02 3.808956593275e-02 4.763251915574e-02 7.736456394196e-02 2.406821250916e-01 4.772469401360e-01 2.834393978119e-01 3.712607920170e-01 3.457500338554e-01 1.781966805458e+00 2.590972661972e+00 1.404276728630e+00 7.711753845215e-01 1.054245948792e+00 4.172953069210e-01 4.392589926720e-01 1.625668168068e+00 7.825038433075e-01 6.374474167824e-01 4.877657592297e-01 5.010635852814e-01 5.586094260216e-01 6.018139123917e-01
3.229811042547e-02 3.514258190989e-02 4.119630903006e-02 5.209892615676e-02 5.887068808079e-02 8.190532773733e-02 9.055469185114e-02 6.175458803773e-02 3.221008181572e-02 3.323794528842e-02 2.912202104926e-02 2.668904513121e-02 2.184815518558e-02 1.764943450689e-02 1.805323362350e-02 1.840048469603e-02 1.965831406415e-02 1.953251287341e-02 2.235800214112e-02 2.871249243617e-02 3.414673358202e-02 3.630644455552e-02 3.823209553957e-02 6.348778307438e-02 1.779249757528e-01 1.101237013936e-01 1.060122698545e-01 1.735281348228e-01 3.942541182041e-01 7.803058624268e-01 8.177829384804e-01 1.032262444496e+00 1.633462309837e+00 8.826650977135e-01 8.410459756851e-01 6.538171172142e-01 6.682522296906e-01 5.661343336105e-01 3.014478087425e-01 3.762324154377e-01 3.674884140491e-01 3.954318165779e-01 4.975560605526e-01
2.538398280740e-02 2.862077765167e-02 3.410389646888e-02 4.181757941842e-02 4.494262486696e-02 4.997469484806e-02 5.286327749491e-02 3.310201689601e-02 2.817631326616e-02 2.938748896122e-02 2.738639712334e-02 2.373697981238e-02 1.982947066426e-02 1.779272407293e-02 1.762176677585e-02 2.018314227462e-02 1.973945833743e-02 1.696975342929e-02 1.975246332586e-02 2.507611736655e-02 2.968742884696e-02 3.474516794086e-02 4.907035827637e-02 5.139102041721e-02 5.222406610847e-02 7.288107275963e-02 7.073388993740e-02 1.737396419048e-01 2.433208972216e-01 3.268114328384e-01 6.791816353798e-01 1.185947537422e+00 8.832048177719e-01 1.598671317101e+00 1.029747009277e+00 5.791758298874e-01 4.817599654198e-01 4.376582801342e-01 5.253061056137e-01 4.946398139000e-01 6.165480017662e-01 6.052962541580e-01 7.044789195061e-01
2.342852391303e-02 2.322429977357e-02 2.613664418459e-02 2.959992364049e-02 3.189868479967e-02 3.141839429736e-02 3.005018830299e-02 2.893285639584e-02 3.130380809307e-02 3.093443252146e-02 2.880545519292e-02 2.508875913918e-02 2.051783725619e-02 1.823295094073e-02 1.648005284369e-02 1.609178073704e-02 1.813851483166e-02 1.838825270534e-02 1.870366185904e-02 2.257833443582e-02 2.615392580628e-02 3.075350075960e-02 4.716199263930e-02 5.302960425615e-02 5.715971440077e-02 1.186453774571e-01 1.630897372961e-01 2.094241380692e-01 2.936992645264e-01 3.168832063675e-01 6.933823823929e-01 1.314311504364e+00 6.222923398018e-01 6.633763909340e-01 1.164989948273e+00 9.837402105331e-01 6.900470852852e-01 5.869141221046e-01 7.325004339218e-01 3.774037063122e-01 5.010666251183e-01 6.042157411575e-01 7.216181755066e-01
1.925162225962e-02 2.184966392815e-02 2.294409647584e-02 2.313347347081e-02 2.590902708471e-02 2.794058620930e-02 3.009511157870e-02 2.670959942043e-02 2.570075541735e-02 2.650873363018e-02 2.846368402243e-02 2.831749431789e-02 2.436795271933e-02 2.070450037718e-02 1.962303370237e-02 1.776744052768e-02 1.530455239117e-02 1.698997616768e-02 1.924172602594e-02 2.127759717405e-02 2.336995117366e-02 2.691678516567e-02 4.013233631849e-02 3.920876979828e-02 4.358384758234e-02 1.072701215744e-01 2.291920036077e-01 3.091679215431e-01 4.347017407417e-01 2.284322530031e-01 6.732975244522e-01 3.369235992432e-01 3.613626658916e-01 4.195421338081e-01 6.699965596199e-01 7.324315905571e-01 9.380459785461e-01 8.534507155418e-01 6.409765481949e-01 5.475270748138e-01 4.201773405075e-01 4.522430300713e-01 3.625019192696e-01
1.887320540845e-02 2.086579427123e-02 2.076191455126e-02 2.107449993491e-02 2.252174355090e-02 2.510751038790e-02 2.717227302492e-02 2.427090145648e-02 1.913264207542e-02 2.043976448476e-02 2.218049019575e-02 2.586100436747e-02 2.684583514929e-02 2.231119945645e-02 2.107610553503e-02 2.556944452226e-02 2.266908623278e-02 1.843038946390e-02 2.007042430341e-02 2.090340480208e-02 2.545375376940e-02 2.825835905969e-02 3.148544952273e-02 3.909990936518e-02 4.536760970950e-02 7.834356278181e-02 1.647892296314e-01 1.964375078678e-01 2.697003781796e-01 1.528590917587e-01 3.248977065086e-01 2.497270405293e-01 4.145917594433e-01 2.538012564182e-01 5.012496113777e-01 3.729710876942e-01 5.906896591187e-01 7.252850532532e-01 6.404808759689e-01 8.630543947220e-01 7.842152118683e-01 6.268808245659e-01 5.590615272522e-01
1.817153766751e-02 1.964108087122e-02 1.888685487211e-02 1.917538605630e-02 1.926138997078e-02 1.881779357791e-02 2.084181457758e-02 1.970341987908e-02 2.362080477178e-02 2.556546591222e-02 2.321487851441e-02 2.335471287370e-02 2.565919235349e-02 2.671531960368e-02 2.454373426735e-02 3.169397637248e-02 2.821625769138e-02 2.158397994936e-02 2.167548052967e-02 2.151432447135e-02 2.472240664065e-02 2.682205662131e-02 3.036510944366e-02 4.031813889742e-02 4.738098755479e-02 7.024395465851e-02 1.055743545294e-01 1.216303184628e-01 1.308294087648e-01 1.653571426868e-01 2.771223783493e-01 4.244238138199e-01 2.856233716011e-01 6.670594215393e-01 2.380770891905e-01 3.109976053238e-01 6.318736672401e-01 8.850350379944e-01 4.333100914955e-01 4.897745549679e-01 3.133339285851e-01 5.881822705269e-01 5.198372006416e-01
1.620824635029e-02 1.750893145800e-02 1.683226414025e-02 1.649765484035e-02 1.531658042222e-02 1.552621833980e-02 1.638471893966e-02 2.171402797103e-02 2.697164379060e-02 2.771572023630e-02 2.423015981913e-02 2.665260434151e-02 2.963678538799e-02 2.883352525532e-02 2.862606011331e-02 2.983911707997e-02 3.194343671203e-02 3.734399750829e-02 3.347814455628e-02 3.007239289582e-02 3.090066090226e-02 3.322783112526e-02 3.969362750649e-02 4.101630672812e-02 4.914606362581e-02 6.041644513607e-02 9.986770898104e-02 9.909076243639e-02 1.789389699697e-01 3.616215586662e-01 4.489741921425e-01 2.285293191671e-01 2.292905747890e-01 6.804581880569e-01 3.650369048119e-01 4.494614601135e-01 3.989143669605e-01 5.163491964340e-01 3.770302236080e-01 1.447390466928e-01 1.378159970045e-01 1.860966533422e-01 3.672671020031e-01
1.490485202521e-02 1.492231804878e-02 1.482450868934e-02 1.461604144424e-02 1.500954385847e-02 1.588401012123e-02 1.687657833099e-02 2.024590969086e-02 2.270516194403e-02 2.150660380721e-02 2.542372234166e-02 2.736281603575e-02 2.657524496317e-02 2.794015035033e-02 3.822400793433e-02 5.317192152143e-02 6.024175509810e-02 7.627633213997e-02 7.604553550482e-02 8.193539083004e-02 5.848488211632e-02 5.564127489924e-02 6.450881808996e-02 5.402319133282e-02 6.170817837119e-02 8.528786897659e-02 2.540172636509e-01 2.370572537184e-01 2.318420261145e-01 3.123301267624e-01 1.743809282780e-01 1.837825626135e-01 2.442725002766e-01 1.418215334415e-01 7.620058655739e-01 1.061702251434e+00 9.477314949036e-01 2.200728505850e-01 1.043207049370e-01 8.632565289736e-02 8.437695354223e-02 9.971164166927e-02 1.051576286554e-01
1.384970732033e-02 1.436823885888e-02 1.383381336927e-02 1.488618738949e-02 1.595250703394e-02 1.825250871480e-02 1.825866848230e-02 2.112560905516e-02 2.314346656203e-02 2.691311389208e-02 2.798244543374e-02 3.322359547019e-02 3.482840582728e-02 3.222911059856e-02 7.819189131260e-02 2.806152403355e-01 2.217897027731e-01 1.313118785620e-01 1.477441042662e-01 1.839510947466e-01 1.360024213791e-01 7.138989865780e-02 8.306392282248e-02 1.040301918983e-01 1.011555492878e-01 1.887705773115e-01 2.652769088745e-01 2.336782366037e-01 1.917767822742e-01 1.726134568453e-01 1.960244327784e-01 1.815704852343e-01 1.384386867285e-01 1.157328039408e-01 1.957652270794e-01 8.983594775200e-01 9.357171058655e-01 1.930275112391e-01 6.888061016798e-02 7.017104327679e-02 6.326428055763e-02 6.079149246216e-02 9.982999414206e-02
1.388324331492e-02 1.495892833918e-02 1.891032978892e-02 2.113346569240e-02 1.935582235456e-02 3.208000585437e-02 3.771511092782e-02 3.841757029295e-02 3.255171701312e-02 3.183957561851e-02 3.503943234682e-02 4.404375702143e-02 4.392112791538e-02 1.620352268219e-01 1.145672202110e+00 1.443346023560e+00 6.736721396446e-01 3.819143474102e-01 3.056852221489e-01 2.372063547373e-01 1.131634637713e-01 1.135578751564e-01 2.470974773169e-01 5.270953774452e-01 4.322677850723e-01 2.304464131594e-01 2.694881558418e-01 2.196081727743e-01 2.324667870998e-01 1.588054150343e-01 3.919208943844e-01 1.572677940130e-01 1.223556771874e-01 8.653526753187e-02 5.760750547051e-02 1.852460652590e-01 2.044015526772e-01 5.004468560219e-02 3.374915942550e-02 3.971397504210e-02 4.910098016262e-02 5.489183589816e-02 5.133276060224e-02
1.699672453105e-02 2.672122977674e-02 3.641526028514e-02 3.956851363182e-02 5.097023397684e-02 6.776140630245e-02 6.657507270575e-02 5.873090773821e-02 5.050388351083e-02 3.895158693194e-02 4.729189723730e-02 5.230950191617e-02 2.908777594566e-01 1.604932785034e+00 2.196434974670e+00 7.664346694946e-01 2.401394546032e-01 1.471468210220e-01 1.502971500158e-01 1.316042095423e-01 1.256435662508e-01 2.860563993454e-01 5.639812946320e-01 7.480849027634e-01 6.017408370972e-01 3.093530833721e-01 2.138981968164e-01 1.565876752138e-01 1.423154324293e-01 1.264076977968e-01 1.687426418066e-01 7.843232899904e-02 8.877008408308e-02 7.197824120522e-02 4.523683711886e-02 2.683700434864e-02 2.216915227473e-02 2.161520719528e-02 2.268804982305e-02 2.825713157654e-02 3.794206306338e-02 4.798607528210e-02 4.909567907453e-02
2.813144028187e-02 4.204314947128e-02 5.583513528109e-02 7.528808712959e-02 1.457124203444e-01 1.436254382133e-01 2.008060812950e-01 1.463478505611e-01 1.664002090693e-01 9.885307401419e-02 5.525249987841e-02 3.791071176529e-01 1.528110742569e+00 1.522058248520e+00 3.985269665718e-01 1.192139834166e-01 2.206278294325e-01 2.913428843021e-01 2.058893293142e-01 2.394729703665e-01 2.898059785366e-01 2.917058765888e-01 4.262216985226e-01 3.485336601734e-01 2.352273166180e-01 1.836082637310e-01 1.144918799400e-01 4.432265087962e-02 4.589676856995e-02 4.504955932498e-02 5.772072449327e-02 4.224036261439e-02 3.723255172372e-02 2.574753947556e-02 2.633303590119e-02 2.682755142450e-02 2.769765444100e-02 2.907934226096e-02 3.093235380948e-02 3.332335874438e-02 3.370434418321e-02 4.027656093240e-02 5.107319727540e-02
