VariationalSeries/SI/f89.grd
DSAA
101	101
32.816463539100	34.260883539100
35.556306596100	36.727886596100
2.260794717586e-04	3.774704742432e+01
[rows 0 to 18 of 101, columns 0 to 42 of 101]
3.437167778611e-02 6.143292039633e-02 5.443622544408e-02 3.257730975747e-02 2.745304442942e-02 3.575241938233e-02 7.120694220066e-02 9.922184795141e-02 8.869878202677e-02 5.293003469706e-02 3.342872485518e-02 3.842458873987e-02 4.079392552376e-02 3.938720375299e-02 3.377435356379e-02 5.145813897252e-02 7.733927667141e-02 8.953482657671e-02 6.381483376026e-02 4.131992533803e-02 4.721160233021e-02 5.058939754963e-02 3.712377324700e-02 3.328526020050e-02 3.546559810638e-02 4.848703742027e-02 7.108155637980e-02 8.118424564600e-02 1.059552282095e-01 8.445506542921e-02 6.442721933126e-02 6.053796410561e-02 5.253232270479e-02 4.167995601892e-02 3.390595689416e-02 3.283986449242e-02 3.020353429019e-02 4.093965515494e-02 5.746130645275e-02 6.590695679188e-02 5.519803613424e-02 4.699065163732e-02 4.477274790406e-02
6.362487375736e-02 1.200685352087e-01 1.177660450339e-01 8.224853873253e-02 5.822749435902e-02 6.913631409407e-02 1.370586305857e-01 1.894560754299e-01 1.675360053778e-01 9.755415469408e-02 5.741061642766e-02 6.566106528044e-02 6.934802979231e-02 6.602216511965e-02 5.755843222141e-02 7.655811309814e-02 1.218748390675e-01 1.595479398966e-01 1.440897285938e-01 8.592362701893e-02 8.612480759621e-02 1.321025937796e-01 6.951734423637e-02 6.253199279308e-02 7.316078245640e-02 9.475321322680e-02 1.191771402955e-01 1.360624581575e-01 2.015039920807e-01 1.569140106440e-01 1.047355979681e-01 9.490716457367e-02 8.944176882505e-02 7.167413830757e-02 7.709484547377e-02 8.060560375452e-02 8.105395734310e-02 9.106671810150e-02 1.145474687219e-01 1.152731478214e-01 8.528038114309e-02 8.476181328297e-02 9.262739121914e-02
6.224582344294e-02 1.277682036161e-01 1.432241648436e-01 1.226804032922e-01 7.885924726725e-02 7.982613146305e-02 1.586260795593e-01 2.154232859612e-01 1.844884753227e-01 1.010274663568e-01 7.252150028944e-02 8.176727592945e-02 8.448597043753e-02 7.817357778549e-02 6.437304615974e-02 6.192965433002e-02 8.008316159248e-02 1.196230649948e-01 1.367907822132e-01 1.112229302526e-01 1.362247914076e-01 2.042127102613e-01 8.946435898542e-02 7.745661586523e-02 9.731850773096e-02 1.178067475557e-01 1.222772821784e-01 1.235079243779e-01 2.348733097315e-01 1.759827733040e-01 1.015036627650e-01 8.702436834574e-02 1.223869472742e-01 6.516300141811e-02 7.256252318621e-02 8.333299309015e-02 1.045501530170e-01 1.324577778578e-01 1.384982019663e-01 1.147366538644e-01 1.169050633907e-01 7.863134145737e-02 1.038333773613e-01
5.526416003704e-02 1.215983554721e-01 1.449880301952e-01 1.482165753841e-01 1.191568225622e-01 8.175539970398e-02 1.658411920071e-01 2.204674631357e-01 1.783330738544e-01 8.678506314754e-02 8.028316497803e-02 8.862925320864e-02 8.825137466192e-02 7.851933687925e-02 6.243911013007e-02 6.324030458927e-02 6.033795326948e-02 6.949934363365e-02 9.044079482555e-02 1.030643209815e-01 2.284969091415e-01 2.598928809166e-01 1.004233509302e-01 8.506744354963e-02 1.073698326945e-01 1.231234893203e-01 1.177734881639e-01 1.129832044244e-01 2.353189885616e-01 1.711211800575e-01 8.672041445971e-02 7.061455398798e-02 1.410672515631e-01 7.504227012396e-02 8.139168471098e-02 1.151072382927e-01 1.424075514078e-01 1.483859717846e-01 1.255824714899e-01 1.453453898430e-01 1.411923766136e-01 8.699352294207e-02 9.519299119711e-02
5.405595526099e-02 1.163384914398e-01 1.377025395632e-01 1.524041444063e-01 1.458676010370e-01 1.031144708395e-01 1.692776978016e-01 2.203195989132e-01 1.672271490097e-01 7.351523637772e-02 8.612835407257e-02 9.168626368046e-02 8.907176554203e-02 8.867756277323e-02 8.143347501755e-02 6.878942996264e-02 6.667556613684e-02 6.565139442682e-02 9.348553419113e-02 1.892787069082e-01 3.176278471947e-01 2.855295538902e-01 1.077865883708e-01 1.209057047963e-01 1.074419096112e-01 1.203181520104e-01 1.079215481877e-01 1.124866679311e-01 2.227946370840e-01 1.612311154604e-01 1.024835556746e-01 8.027713745832e-02 1.504069417715e-01 9.122988581657e-02 1.280138790607e-01 1.532174646854e-01 1.548695564270e-01 1.307080537081e-01 8.997444808483e-02 1.492196768522e-01 1.731529384851e-01 1.162715032697e-01 7.531215995550e-02
5.043879523873e-02 1.014984250069e-01 1.226591169834e-01 1.342743635178e-01 1.489956974983e-01 1.240682601929e-01 1.691934168339e-01 2.133053690195e-01 1.507702618837e-01 8.166266232729e-02 9.148555994034e-02 1.007257476449e-01 1.073678210378e-01 1.039314642549e-01 9.353337436914e-02 7.616778463125e-02 6.153824552894e-02 6.965120881796e-02 1.488121449947e-01 2.698087692261e-01 3.695492148399e-01 2.820431590080e-01 1.208549812436e-01 1.841307878494e-01 1.132406592369e-01 1.128367632627e-01 9.668680280447e-02 1.223435625434e-01 1.993356198072e-01 1.611693501472e-01 1.035683974624e-01 8.626890182495e-02 1.744237393141e-01 1.366703510284e-01 1.621871143579e-01 1.603115499020e-01 1.330343931913e-01 9.198100864887e-02 1.013271063566e-01 1.406874656677e-01 2.121280431747e-01 1.351092755795e-01 7.324590533972e-02
6.355510652065e-02 1.128849238157e-01 1.041907668114e-01 1.031670942903e-01 1.286465078592e-01 1.246440485120e-01 1.665879338980e-01 2.039462924004e-01 1.353554129601e-01 9.007263183594e-02 1.012960299850e-01 1.152786239982e-01 1.168354973197e-01 1.086846441031e-01 9.255250543356e-02 8.727452158928e-02 8.284234255552e-02 1.031074672937e-01 2.007905393839e-01 3.223292231560e-01 3.826996982098e-01 2.576121687889e-01 1.592287719250e-01 2.334108054638e-01 1.640998423100e-01 1.027431339025e-01 9.411398321390e-02 2.267903983593e-01 3.182308077812e-01 2.053811997175e-01 1.148763373494e-01 9.774380177259e-02 1.915460526943e-01 1.602664589882e-01 1.602294743061e-01 1.330259293318e-01 9.271254390478e-02 1.015696674585e-01 1.472297757864e-01 1.858859509230e-01 2.179291993380e-01 1.591074168682e-01 7.370635867119e-02
6.450543552637e-02 1.290257722139e-01 1.333235800266e-01 9.650692343712e-02 9.219495952129e-02 1.043574362993e-01 1.643297970295e-01 1.994763314724e-01 1.261150091887e-01 9.738272428513e-02 1.143394336104e-01 1.220614463091e-01 1.180661469698e-01 1.042125597596e-01 9.748623520136e-02 1.105795949697e-01 1.232897788286e-01 1.360568255186e-01 2.460567057133e-01 3.496878445148e-01 3.756559491158e-01 2.315582931042e-01 1.728434264660e-01 2.566557228565e-01 1.996093541384e-01 1.272145211697e-01 9.140336513519e-02 3.446190059185e-01 4.459423422813e-01 2.409070432186e-01 1.255494058132e-01 1.169824078679e-01 1.891613006592e-01 1.471613347530e-01 1.373366117477e-01 9.747088700533e-02 9.725359082222e-02 1.449369639158e-01 1.915056705475e-01 2.115432471037e-01 1.917058676481e-01 2.000561952591e-01 8.473513275385e-02
5.580772086978e-02 1.220121458173e-01 1.517251133919e-01 1.381115317345e-01 9.176273643970e-02 9.018602222204e-02 1.626006513834e-01 1.978154480457e-01 1.214362010360e-01 1.089142784476e-01 1.212035045028e-01 1.224123761058e-01 1.121055856347e-01 9.628795087337e-02 1.015998348594e-01 1.175855994225e-01 1.594935208559e-01 1.631781458855e-01 2.714419066906e-01 3.443452119827e-01 3.409215211868e-01 2.010008096695e-01 1.764001846313e-01 2.453920096159e-01 2.153456956148e-01 1.469275951385e-01 1.153820976615e-01 4.445581734180e-01 5.204927921295e-01 2.655163109303e-01 1.382632702589e-01 1.115405857563e-01 1.919077932835e-01 1.279307305813e-01 1.507802307606e-01 1.503745764494e-01 1.453400999308e-01 1.949472874403e-01 2.242668122053e-01 2.120125889778e-01 1.557526290417e-01 2.483911365271e-01 9.946063160896e-02
5.669441074133e-02 1.013586670160e-01 1.430701017380e-01 1.620739996433e-01 1.382565349340e-01 9.207984060049e-02 1.630464345217e-01 1.975621581078e-01 1.186991930008e-01 1.152117848396e-01 1.215159222484e-01 1.163844391704e-01 1.267915219069e-01 1.380895525217e-01 1.444339156151e-01 1.464675664902e-01 1.731370240450e-01 1.888015866280e-01 2.793366611004e-01 3.193774223328e-01 2.953899800777e-01 1.713608950377e-01 1.594011485577e-01 2.144454866648e-01 2.079839110374e-01 1.509941965342e-01 1.247802451253e-01 5.044523477554e-01 5.528435111046e-01 2.751692235470e-01 1.212383881211e-01 9.618511795998e-02 2.079946398735e-01 1.269824653864e-01 1.543809026480e-01 1.563988327980e-01 2.021407932043e-01 2.327936589718e-01 2.277706712484e-01 1.824380308390e-01 1.311503350735e-01 2.699353098869e-01 1.362585574389e-01
5.695485696197e-02 1.141124889255e-01 1.179883256555e-01 1.550746560097e-01 1.697259247303e-01 1.365062892437e-01 1.616484820843e-01 1.944778114557e-01 1.148447021842e-01 1.163666322827e-01 1.275311261415e-01 1.492698937654e-01 1.655033081770e-01 1.745104491711e-01 1.786911487579e-01 1.802730560303e-01 1.784008145332e-01 2.339878529310e-01 3.281612396240e-01 3.477826118469e-01 2.922742664814e-01 2.159837633371e-01 1.515762954950e-01 1.828707158566e-01 1.875618547201e-01 1.344740837812e-01 1.446784883738e-01 5.321573615074e-01 5.656152367592e-01 2.695643603802e-01 1.159061938524e-01 1.083325147629e-01 2.037682086229e-01 1.343445479870e-01 1.784497797489e-01 2.164769172668e-01 2.414574623108e-01 2.368436455727e-01 1.964513957500e-01 1.516066342592e-01 1.485124677420e-01 2.594353556633e-01 1.772787123919e-01
4.821640998125e-02 1.015620008111e-01 1.216138228774e-01 1.289889067411e-01 1.676131933928e-01 1.767360568047e-01 1.568035632372e-01 1.874682754278e-01 1.135857477784e-01 1.374920159578e-01 1.599698960781e-01 1.782755851746e-01 1.908065974712e-01 1.979651004076e-01 2.003866434097e-01 1.999986916780e-01 1.979188770056e-01 3.113478124142e-01 4.257127046585e-01 4.424055218697e-01 3.811171054840e-01 2.985262572765e-01 2.183336615562e-01 1.551652699709e-01 2.169240713120e-01 2.078939676285e-01 1.770392209291e-01 5.105807781219e-01 5.003904104233e-01 2.453222125769e-01 1.490654945374e-01 1.764180362225e-01 1.903414130211e-01 2.145296037197e-01 2.432981133461e-01 2.541967928410e-01 2.437658905983e-01 2.097037136555e-01 2.017514258623e-01 2.338897883892e-01 1.757263839245e-01 2.218497395515e-01 2.132130265236e-01
4.131327569485e-02 7.855983078480e-02 1.011870503426e-01 1.197731867433e-01 1.417247205973e-01 1.796855777502e-01 1.806415468454e-01 1.773840636015e-01 1.409984976053e-01 1.639055311680e-01 1.802897900343e-01 1.907079368830e-01 1.969216018915e-01 2.003469914198e-01 2.005729228258e-01 1.995135992765e-01 1.995056718588e-01 3.425848484039e-01 4.629569351673e-01 4.726674854755e-01 4.085178077221e-01 3.325219750404e-01 2.598167359829e-01 1.899556219578e-01 2.918241322041e-01 2.821476757526e-01 2.378573268652e-01 4.445237815380e-01 3.926264643669e-01 2.086434066296e-01 2.609558105469e-01 2.944746613503e-01 2.932653725147e-01 2.835475504398e-01 2.767978012562e-01 2.674460709095e-01 2.592601776123e-01 2.459146082401e-01 2.248867899179e-01 3.167373538017e-01 1.971888989210e-01 1.687559187412e-01 2.747986018658e-01
5.128791555762e-02 9.970980882645e-02 9.808707237244e-02 9.209422022104e-02 1.129067242146e-01 1.541740000248e-01 1.923452913761e-01 1.836030185223e-01 1.568812578917e-01 1.743298470974e-01 1.830437332392e-01 1.858122944832e-01 1.844087243080e-01 1.801612973213e-01 1.754150092602e-01 1.744637042284e-01 1.788505762815e-01 3.143605589867e-01 4.164225459099e-01 4.304088354111e-01 3.863412141800e-01 3.274451196194e-01 2.702242136002e-01 2.134861946106e-01 2.883561253548e-01 2.979069650173e-01 2.630967199802e-01 3.636767864227e-01 2.864321172237e-01 2.269507646561e-01 3.064175248146e-01 3.466515243053e-01 3.306793272495e-01 2.992236018181e-01 2.681504786015e-01 2.521089017391e-01 2.380028516054e-01 2.216731607914e-01 2.025736868382e-01 3.348932564259e-01 3.069767057896e-01 1.744662374258e-01 3.121716678143e-01
6.614098697901e-02 1.322956383228e-01 1.329263299704e-01 1.304539293051e-01 1.261292546988e-01 1.198039352894e-01 1.686565726995e-01 2.056362777948e-01 1.819182783365e-01 1.705001890659e-01 1.726825833321e-01 1.688982546329e-01 1.613068282604e-01 1.512086391449e-01 1.424195766449e-01 1.438051909208e-01 1.457521915436e-01 2.482036650181e-01 3.198771178722e-01 3.373426198959e-01 3.156202733517e-01 2.834143936634e-01 2.501244246960e-01 2.144111841917e-01 2.259283512831e-01 2.464320659637e-01 2.407783269882e-01 3.698447346687e-01 2.099443972111e-01 2.313671559095e-01 2.998086810112e-01 3.330830931664e-01 3.188712596893e-01 2.636717259884e-01 1.940607279539e-01 2.027035802603e-01 1.720837205648e-01 1.820701807737e-01 1.772767603397e-01 2.761465013027e-01 4.094213843346e-01 1.769330054522e-01 3.139276504517e-01
6.708391010761e-02 1.363205313683e-01 1.412108689547e-01 1.480160057545e-01 1.531671285629e-01 1.545417457819e-01 1.539100110531e-01 1.847831606865e-01 2.150266021490e-01 1.726302057505e-01 1.550562083721e-01 1.469936370850e-01 1.366208642721e-01 1.288072466850e-01 1.386803686619e-01 1.471043676138e-01 1.566762924194e-01 2.054038196802e-01 2.238727658987e-01 2.400744557381e-01 2.351222336292e-01 2.181552499533e-01 2.037404775620e-01 1.931713670492e-01 1.849152445793e-01 1.814314872026e-01 2.409686744213e-01 3.915288746357e-01 2.669779658318e-01 2.612473964691e-01 3.105480670929e-01 3.153685331345e-01 2.636989951134e-01 2.637363970280e-01 1.423390954733e-01 2.406006753445e-01 2.284127622843e-01 2.115586549044e-01 1.814781427383e-01 1.934798359871e-01 4.645803868771e-01 2.530442476273e-01 2.782633304596e-01
7.277994602919e-02 1.256581544876e-01 1.254191994667e-01 1.310463100672e-01 1.413923650980e-01 1.555735021830e-01 1.649027168751e-01 1.701541841030e-01 1.978755593300e-01 2.094726413488e-01 1.788919568062e-01 1.726345568895e-01 1.743893027306e-01 1.580969095230e-01 1.430501788855e-01 1.610097587109e-01 1.779104918242e-01 2.113690674305e-01 2.133226990700e-01 1.779888719320e-01 1.604948490858e-01 1.892690062523e-01 2.368995547295e-01 2.462954670191e-01 2.226016670465e-01 1.794456243515e-01 2.666974961758e-01 3.985158205032e-01 2.682106792927e-01 2.819246649742e-01 2.967009246349e-01 3.046577572823e-01 3.270558416843e-01 2.934859395027e-01 1.799315065145e-01 2.708081603050e-01 2.541190981865e-01 2.102067172527e-01 1.582432240248e-01 1.887689083815e-01 4.456917345524e-01 3.883208334446e-01 2.174724787474e-01
8.306716382504e-02 1.530404388905e-01 1.648638993502e-01 1.422779709101e-01 1.316736936569e-01 1.423073410988e-01 1.452276110649e-01 1.429169774055e-01 1.545445472002e-01 1.928599476814e-01 2.101947516203e-01 2.166839987040e-01 2.170947045088e-01 1.996638923883e-01 1.953093558550e-01 1.885771006346e-01 1.771946251392e-01 2.116759121418e-01 2.221252322197e-01 1.973371505737e-01 1.627953648567e-01 1.497714370489e-01 1.655933707952e-01 1.848149448633e-01 1.896644681692e-01 1.902500391006e-01 2.333300709724e-01 3.827369213104e-01 2.738564610481e-01 2.390773445368e-01 2.739723622799e-01 3.154425919056e-01 3.520967960358e-01 3.001172840595e-01 2.070453912020e-01 2.991977035999e-01 2.435746788979e-01 1.890590935946e-01 1.428173482418e-01 1.722501814365e-01 3.584755361080e-01 5.256412625313e-01 2.405332475901e-01
8.150974661112e-02 1.598675400019e-01 1.901050657034e-01 1.791422963142e-01 1.356868594885e-01 1.056515127420e-01 1.283161044121e-01 1.455250084400e-01 1.562012583017e-01 1.576747298241e-01 2.078805565834e-01 2.310533970594e-01 2.201696187258e-01 2.208843976259e-01 2.239663153887e-01 2.210916429758e-01 1.958416700363e-01 2.097644805908e-01 2.293855249882e-01 2.110101729631e-01 1.617450863123e-01 1.937705129385e-01 1.868778467178e-01 1.923567354679e-01 1.700017601252e-01 1.665140688419e-01 1.750475913286e-01 3.543006479740e-01 3.239254653454e-01 2.552996575832e-01 2.473215758801e-01 2.667587399483e-01 3.301847279072e-01 2.947536706924e-01 2.384954690933e-01 2.890070378780e-01 2.124393135309e-01 1.697598248720e-01 1.605002880096e-01 1.560469269753e-01 2.453641742468e-01 6.148567199707e-01 2.527488470078e-01
