VariationalSeries/SI/f89.grd
DSAA
101	101
32.816463539100	34.260883539100
35.556306596100	36.727886596100
2.260794717586e-04	3.774704742432e+01
[rows 19 to 37 of 101, columns 0 to 42 of 101]
7.154902815819e-02 1.458970904350e-01 1.866277307272e-01 1.902103424072e-01 1.569271832705e-01 1.245675086975e-01 8.508254587650e-02 9.674646705389e-02 1.169982776046e-01 1.404795795679e-01 1.840659677982e-01 2.198119312525e-01 2.139793485403e-01 2.319426089525e-01 2.336488664150e-01 2.265765070915e-01 2.154956907034e-01 2.075895220041e-01 2.397917211056e-01 2.154593318701e-01 2.234290689230e-01 2.409932911396e-01 2.549715638161e-01 2.453551739454e-01 2.187016010284e-01 1.853079199791e-01 1.917842775583e-01 3.075044453144e-01 3.668097853661e-01 2.752494215965e-01 2.533988952637e-01 2.332058846951e-01 2.463369071484e-01 2.463354021311e-01 2.461060881615e-01 2.395129054785e-01 1.909148991108e-01 1.668424755335e-01 1.791562438011e-01 1.717865914106e-01 2.485224008560e-01 6.133767962456e-01 2.856308519840e-01
5.596416443586e-02 1.176207512617e-01 1.586557179689e-01 1.736102700233e-01 1.544064879417e-01 1.487026363611e-01 1.363035291433e-01 9.614896029234e-02 1.282784491777e-01 1.498876810074e-01 1.603392660618e-01 2.010241001844e-01 1.783040910959e-01 2.078335732222e-01 2.245697528124e-01 2.316790372133e-01 2.312022745609e-01 2.207375168800e-01 2.789142727852e-01 2.232718914747e-01 2.623847723007e-01 3.115450739861e-01 3.356497883797e-01 3.289928436279e-01 3.077408075333e-01 2.379401028156e-01 2.541326582432e-01 2.489353120327e-01 3.854810297489e-01 2.796389758587e-01 2.392687648535e-01 2.259353697300e-01 2.201097607613e-01 2.200385183096e-01 2.091237306595e-01 2.706526219845e-01 1.818720996380e-01 1.912953257561e-01 1.960368901491e-01 2.003457993269e-01 3.078614175320e-01 5.193671584129e-01 4.253875315189e-01
4.317464679480e-02 8.700665086508e-02 1.199304834008e-01 1.380781829357e-01 1.303455382586e-01 1.137070655823e-01 1.403993368149e-01 1.387305408716e-01 1.585820466280e-01 1.891387552023e-01 2.181190997362e-01 2.874254584312e-01 3.446678221226e-01 3.152604103088e-01 2.143827229738e-01 2.074043303728e-01 2.190994918346e-01 2.291822135448e-01 4.063513278961e-01 3.245136439800e-01 2.441969364882e-01 3.789417445660e-01 4.015176594257e-01 4.426650404930e-01 3.634422123432e-01 3.217303752899e-01 3.176226317883e-01 1.972098499537e-01 3.627862632275e-01 2.578996419907e-01 1.983755379915e-01 2.067472189665e-01 2.442435771227e-01 2.001230269670e-01 2.190865129232e-01 2.864621579647e-01 2.280544638634e-01 2.029884904623e-01 2.117994129658e-01 2.270232141018e-01 3.589892983437e-01 3.721365332603e-01 5.645294785500e-01
5.840646848083e-02 1.049437597394e-01 1.011885032058e-01 1.059791594744e-01 1.237125396729e-01 1.565316617489e-01 1.827697902918e-01 2.187278866768e-01 2.656478285789e-01 3.338822126389e-01 4.251284897327e-01 5.332342386246e-01 5.991014838219e-01 5.203504562378e-01 3.268377482891e-01 1.995690762997e-01 2.754392623901e-01 3.868455886841e-01 4.892028272152e-01 3.978031575680e-01 3.138651251793e-01 4.114772081375e-01 4.377171099186e-01 4.971722662449e-01 3.614722788334e-01 3.664330840111e-01 3.773160278797e-01 2.361491769552e-01 2.963648736477e-01 2.136050909758e-01 2.013646513224e-01 1.994155496359e-01 2.533667087555e-01 2.578225135803e-01 2.562678158283e-01 2.434329539537e-01 3.208819031715e-01 2.251711934805e-01 2.275478094816e-01 2.493484467268e-01 4.001582860947e-01 3.469083607197e-01 6.555637121201e-01
5.671741813421e-02 1.169390901923e-01 1.269293129444e-01 1.216433271766e-01 1.551019102335e-01 2.106336206198e-01 2.308115065098e-01 2.440597712994e-01 2.704391479492e-01 3.130394518375e-01 3.779785633087e-01 4.311161339283e-01 4.415374398232e-01 3.777016699314e-01 2.767737209797e-01 2.456412464380e-01 2.680270671844e-01 3.632616102695e-01 4.837646782398e-01 3.055892586708e-01 2.942901849747e-01 4.149549603462e-01 4.371075332165e-01 4.767319560051e-01 3.804416954517e-01 3.652377724648e-01 4.254137277603e-01 3.636821508408e-01 3.672960102558e-01 3.130940496922e-01 2.706983685493e-01 3.968840539455e-01 3.707137703896e-01 2.783996760845e-01 2.709832489491e-01 2.688205540180e-01 3.558896481991e-01 2.608552575111e-01 2.487523555756e-01 2.633264958858e-01 4.232441484928e-01 3.516986966133e-01 6.696931719780e-01
1.119668632746e-01 1.933353245258e-01 1.258495450020e-01 1.255195140839e-01 1.418813616037e-01 1.833540052176e-01 2.075341790915e-01 2.053523361683e-01 2.041693031788e-01 2.124884873629e-01 2.246908545494e-01 2.380212992430e-01 2.268047779799e-01 2.491044998169e-01 2.521359324455e-01 2.258053421974e-01 2.258342057467e-01 4.165655374527e-01 4.763093590736e-01 2.528449296951e-01 2.564374506474e-01 3.842085599899e-01 4.147620499134e-01 4.061790406704e-01 3.717126846313e-01 3.341535329819e-01 4.580717384815e-01 4.020933806896e-01 3.337614238262e-01 3.228994309902e-01 3.188035488129e-01 5.115640163422e-01 7.613658308983e-01 7.242483496666e-01 6.548787951469e-01 6.242818832397e-01 6.480849385262e-01 4.010612070560e-01 3.401476144791e-01 2.823724746704e-01 4.330718517303e-01 3.396911621094e-01 5.929324030876e-01
2.075367569923e-01 4.398289620876e-01 4.530803561211e-01 3.973307013512e-01 2.482082545757e-01 1.429416388273e-01 1.396127939224e-01 1.464204490185e-01 1.578540354967e-01 2.040835320950e-01 2.446593344212e-01 2.734309434891e-01 2.822360396385e-01 2.705333530903e-01 2.465112805367e-01 2.565809786320e-01 2.698926627636e-01 4.058388173580e-01 3.998349606991e-01 2.348932474852e-01 2.559795677662e-01 3.134742975235e-01 3.586126565933e-01 3.363517522812e-01 3.812569081783e-01 3.676090240479e-01 4.753793179989e-01 5.042696595192e-01 5.360057950020e-01 4.796471893787e-01 3.616082072258e-01 3.043625056744e-01 6.170636415482e-01 6.735891699791e-01 7.417998909950e-01 8.964374065399e-01 1.119391441345e+00 6.823340654373e-01 5.022830963135e-01 4.265387356281e-01 4.253863692284e-01 3.169243037701e-01 4.440302848816e-01
2.215319722891e-01 4.777450859547e-01 5.516327619553e-01 6.513782143593e-01 7.132912278175e-01 6.188787817955e-01 3.469198644161e-01 1.900762021542e-01 2.592892348766e-01 3.027682304382e-01 3.109322786331e-01 2.940325140953e-01 2.756479382515e-01 3.712632358074e-01 4.090122282505e-01 4.060708284378e-01 3.997732400894e-01 3.889175653458e-01 3.842072784901e-01 3.711690604687e-01 3.628061711788e-01 3.627870678902e-01 3.519205749035e-01 4.409140348434e-01 5.309255719185e-01 4.591854512691e-01 5.195744633675e-01 6.668729186058e-01 6.739518046379e-01 5.983684062958e-01 4.465166926384e-01 3.301356136799e-01 3.602448701859e-01 5.652276873589e-01 8.428195118904e-01 7.423859834671e-01 7.576329112053e-01 5.730788707733e-01 6.125673055649e-01 6.238557100296e-01 5.075069665909e-01 3.247695863247e-01 3.945703208447e-01
1.421559453011e-01 3.138006925583e-01 3.651266098022e-01 4.484868347645e-01 5.838605761528e-01 7.678982019424e-01 8.677399754524e-01 6.748481988907e-01 3.523933589458e-01 3.275272250175e-01 2.915397584438e-01 3.761293590069e-01 4.434968531132e-01 4.618399441242e-01 4.388380646706e-01 4.385434687138e-01 4.340869784355e-01 4.211449921131e-01 4.412280619144e-01 4.453005194664e-01 4.577018320560e-01 4.973205626011e-01 4.702782332897e-01 4.331061840057e-01 4.187667071819e-01 5.403833389282e-01 5.177287459373e-01 6.404047608376e-01 7.040149569511e-01 6.315451264381e-01 4.716032147408e-01 5.093086361885e-01 6.567983627319e-01 8.789935708046e-01 1.048753857613e+00 7.597072720528e-01 5.342002511024e-01 4.460774660110e-01 5.498040914536e-01 7.047795653343e-01 7.695083618164e-01 5.226793289185e-01 3.913387954235e-01
9.779570996761e-02 1.919989138842e-01 2.390258312225e-01 2.201502472162e-01 2.541211843491e-01 3.806040585041e-01 5.952717065811e-01 8.073312044144e-01 8.050290942192e-01 5.537501573563e-01 4.202903211117e-01 4.435468614101e-01 4.494987428188e-01 4.292412400246e-01 4.218910336494e-01 4.148533940315e-01 3.933582603931e-01 4.220386743546e-01 4.330443739891e-01 4.491566419601e-01 4.760879576206e-01 4.595279097557e-01 4.417462050915e-01 4.362750053406e-01 4.293135106564e-01 4.223804175854e-01 4.448709487915e-01 4.979128241539e-01 5.977723002434e-01 6.215084195137e-01 4.866725504398e-01 5.904176831245e-01 7.112148404121e-01 8.080457448959e-01 7.828613519669e-01 4.905798435211e-01 5.215830802917e-01 6.002356410027e-01 6.476340293884e-01 5.810149312019e-01 8.620285987854e-01 8.764962553978e-01 4.888928532600e-01
1.135685071349e-01 2.235177606344e-01 2.212586253881e-01 2.717956602573e-01 2.231517136097e-01 1.934336721897e-01 2.281822413206e-01 4.197326898575e-01 6.734768152237e-01 7.823275327682e-01 6.371175050735e-01 4.238565564156e-01 4.026332795620e-01 3.936437070370e-01 3.681955933571e-01 3.576677143574e-01 3.690947592258e-01 4.040357470512e-01 3.903818130493e-01 3.897448182106e-01 3.518202602863e-01 2.889928817749e-01 3.690875172615e-01 3.274671137333e-01 4.952363073826e-01 4.397672414780e-01 5.037598609924e-01 5.558435916901e-01 4.635001420975e-01 5.009744763374e-01 5.576763153076e-01 6.005849242210e-01 5.130844712257e-01 6.356965899467e-01 4.693517088890e-01 4.036400616169e-01 5.265743136406e-01 7.261718511581e-01 8.695258498192e-01 8.228248953819e-01 6.981268525124e-01 1.084047555923e+00 8.159149885178e-01
1.468137353659e-01 2.822322547436e-01 2.624286711216e-01 2.687026858330e-01 2.996743917465e-01 2.254673540592e-01 3.134480118752e-01 3.808148801327e-01 4.209120273590e-01 5.895069837570e-01 7.588030099869e-01 6.876674294472e-01 4.206792414188e-01 3.376327753067e-01 3.322194814682e-01 3.399827182293e-01 3.519787490368e-01 3.477455377579e-01 3.703870177269e-01 3.619167506695e-01 3.156050741673e-01 2.651351988316e-01 2.829843759537e-01 4.496091306210e-01 6.713441014290e-01 9.044020771980e-01 1.086993455887e+00 8.850573897362e-01 5.962582826614e-01 5.574409961700e-01 6.874912977219e-01 4.828875958920e-01 3.614816963673e-01 7.920095920563e-01 3.334920406342e-01 4.682406783104e-01 4.362353384495e-01 6.108525395393e-01 8.887423276901e-01 9.557784199715e-01 8.220580220222e-01 9.136399030685e-01 1.238599896431e+00
1.334510445595e-01 2.917020916939e-01 3.083971738815e-01 3.013438284397e-01 3.169741630554e-01 3.217889964581e-01 3.857804238796e-01 4.054217338562e-01 4.025731384754e-01 3.803355693817e-01 5.279042720795e-01 7.520558238029e-01 7.336665391922e-01 5.058588385582e-01 3.186190128326e-01 3.179832398891e-01 3.065743744373e-01 2.815101742744e-01 3.770306706429e-01 3.924675285816e-01 3.981366753578e-01 3.309627175331e-01 3.038249611855e-01 5.571250319481e-01 9.463667869568e-01 1.395492076874e+00 1.638013243675e+00 1.566028833389e+00 1.020333290100e+00 6.434167623520e-01 7.407100200653e-01 6.217309236526e-01 5.793374776840e-01 9.677866101265e-01 5.034955739975e-01 9.643894433975e-01 6.976052522659e-01 5.091148018837e-01 6.794444322586e-01 9.768995642662e-01 1.001172304153e+00 8.452768325806e-01 1.329573035240e+00
1.638962477446e-01 3.337251245975e-01 3.376353979111e-01 3.279203474522e-01 3.397828936577e-01 3.850471973419e-01 3.877953588963e-01 3.920637965202e-01 3.602948486805e-01 3.320786058903e-01 3.209062516689e-01 4.543916285038e-01 7.296319603920e-01 7.686955332756e-01 5.821602940559e-01 2.774873077869e-01 2.571205496788e-01 2.881239652634e-01 3.351076543331e-01 5.356010794640e-01 4.842263758183e-01 4.442286789417e-01 4.072457253933e-01 5.561063885689e-01 9.676705598831e-01 1.380933403969e+00 1.879856705666e+00 2.202628850937e+00 1.837669610977e+00 8.888487219810e-01 8.007262349129e-01 8.695188760757e-01 8.299388289452e-01 1.145037412643e+00 6.376049518585e-01 1.290979146957e+00 1.069196343422e+00 7.029029130936e-01 6.475415229797e-01 9.325231909752e-01 2.001171588898e+00 1.015961408615e+00 1.085041642189e+00
2.163821309805e-01 4.071635603905e-01 3.761535882950e-01 4.016317427158e-01 4.263330996037e-01 4.505205154419e-01 4.784512817860e-01 4.977007508278e-01 5.086962580681e-01 5.105591416359e-01 4.953838884830e-01 4.783188104630e-01 4.579053819180e-01 6.743229627609e-01 7.823651432991e-01 6.514024138451e-01 3.259668946266e-01 2.962108552456e-01 3.244608342648e-01 5.119836926460e-01 5.427015423775e-01 4.892080426216e-01 4.495407044888e-01 4.766635894775e-01 8.011340498924e-01 1.192021131516e+00 1.845844388008e+00 2.578408479691e+00 2.435969352722e+00 1.484062194824e+00 1.148130059242e+00 1.448411345482e+00 1.556270599365e+00 1.437492370605e+00 1.191656351089e+00 1.392204642296e+00 1.325449109077e+00 1.022738218307e+00 1.167334675789e+00 1.042783498764e+00 2.862610578537e+00 2.339133262634e+00 6.350356936455e-01
2.217734307051e-01 4.608720242977e-01 4.600770175457e-01 4.461080431938e-01 3.932205736637e-01 3.521327972412e-01 3.349794745445e-01 3.704735040665e-01 4.104333519936e-01 4.575773179531e-01 5.100930929184e-01 5.715225338936e-01 6.298083066940e-01 9.963034391403e-01 1.019937992096e+00 7.745603919029e-01 7.310930490494e-01 6.961107850075e-01 6.487436294556e-01 5.949921011925e-01 5.368563532829e-01 4.651501178741e-01 5.083269476891e-01 4.953746497631e-01 5.474598407745e-01 9.021970033646e-01 1.329504966736e+00 2.102805614471e+00 2.671685695648e+00 1.851176261902e+00 8.775689005852e-01 9.058550000191e-01 1.331900715828e+00 1.769648551941e+00 1.967095017433e+00 1.825793862343e+00 1.318725943565e+00 1.108362913132e+00 8.355429768562e-01 1.202195286751e+00 2.992063283920e+00 3.589015722275e+00 9.681845903397e-01
1.868126839399e-01 3.766796290874e-01 3.961780071259e-01 4.318180382252e-01 4.533977806568e-01 4.381848871708e-01 3.678516149521e-01 3.192094564438e-01 3.210410475731e-01 3.209916353226e-01 3.192427158356e-01 3.124109208584e-01 3.025709092617e-01 3.825199604034e-01 5.739632248878e-01 6.288420557976e-01 7.545294761658e-01 7.285760641098e-01 5.955990552902e-01 6.590854525566e-01 6.972335577011e-01 7.197386026382e-01 7.466329336166e-01 7.797888517380e-01 7.498438954353e-01 5.995068550110e-01 8.964209556580e-01 1.593299269676e+00 2.250528335571e+00 1.652926921844e+00 8.287445902824e-01 5.825248360634e-01 5.156370997429e-01 8.619902133942e-01 1.039371848106e+00 1.691128134727e+00 2.148907899857e+00 1.988337755203e+00 1.238864541054e+00 1.345632076263e+00 1.923589348793e+00 4.263029098511e+00 1.552798271179e+00
1.510575115681e-01 2.920719683170e-01 2.909775078297e-01 2.787150740623e-01 2.872842252254e-01 3.214772343636e-01 3.358532190323e-01 3.305749297142e-01 2.811020314693e-01 3.037320375443e-01 3.300719559193e-01 3.567662835121e-01 3.813928365707e-01 4.060115814209e-01 4.310861229897e-01 4.528083503246e-01 4.717386662960e-01 7.083227634430e-01 7.545282244682e-01 9.735156893730e-01 7.627961635590e-01 6.291062831879e-01 6.001048088074e-01 5.860879421234e-01 5.882846117020e-01 6.690596342087e-01 8.917580842972e-01 1.021097898483e+00 1.439328789711e+00 1.174602508545e+00 5.964951515198e-01 7.028470039368e-01 5.239112377167e-01 6.932756304741e-01 8.131380081177e-01 9.868111610413e-01 9.962372183800e-01 1.667878866196e+00 2.358618021011e+00 1.913109898567e+00 1.699182868004e+00 3.494479656219e+00 3.153166770935e+00
9.521277248859e-02 1.919418722391e-01 1.889986842871e-01 1.854174584150e-01 2.102011591196e-01 2.461428195238e-01 2.696092724800e-01 2.826674878597e-01 2.870678305626e-01 2.644424736500e-01 2.481348812580e-01 2.589393556118e-01 2.738496065140e-01 2.773890793324e-01 2.812553048134e-01 3.742580711842e-01 4.166471958160e-01 5.597189068794e-01 1.058437705040e+00 1.107723474503e+00 9.801090359688e-01 8.354964852333e-01 9.769966006279e-01 1.169314861298e+00 8.233316540718e-01 9.474250674248e-01 9.231882095337e-01 8.584977984428e-01 8.952144384384e-01 1.182360053062e+00 1.110174894333e+00 6.950594782829e-01 7.222794294357e-01 7.607119679451e-01 8.231902122498e-01 8.601699471474e-01 8.877676725388e-01 1.143280625343e+00 1.667707324028e+00 1.946686983109e+00 2.326585292816e+00 3.112614154816e+00 2.586698293686e+00
