VariationalSeries/SI/f90.grd
DSAA
101	101
32.816463539100	34.260883539100
35.556306596100	36.727886596100
2.360718644923e-04	3.945671081543e+01
[rows 0 to 18 of 101, columns 43 to 85 of 101]
5.658340826631e-02 9.656951576471e-02 1.112945824862e-01 8.824200183153e-02 6.151784211397e-02 6.217934936285e-02 5.351250246167e-02 4.885597899556e-02 3.217237442732e-02 4.642164334655e-02 6.159551814198e-02 7.292357087135e-02 8.774291723967e-02 1.251985579729e-01 5.633702129126e-02 6.959515064955e-02 8.835639804602e-02 9.607216715813e-02 6.493246555328e-02 4.404563829303e-02 4.975901544094e-02 6.335611641407e-02 6.514669209719e-02 7.104755938053e-02 7.191129773855e-02 5.135719105601e-02 3.442072123289e-02 3.472962975502e-02 6.592345982790e-02 9.881212562323e-02 7.919336855412e-02 3.882977366447e-02 4.899747669697e-02 3.208280354738e-02 3.268893435597e-02 2.811731398106e-02 2.404925785959e-02 2.188511379063e-02 1.615133881569e-02 1.629597507417e-02 2.161979116499e-02 3.613162785769e-02 3.590402007103e-02
9.808258712292e-02 1.749053746462e-01 2.184959501028e-01 1.934363245964e-01 1.450514942408e-01 1.349483132362e-01 1.118200272322e-01 9.476016461849e-02 8.812595903873e-02 1.019801273942e-01 1.135787814856e-01 1.303334385157e-01 1.735714077950e-01 2.500759661198e-01 1.073182076216e-01 1.322472244501e-01 1.669636964798e-01 1.798417717218e-01 1.235381737351e-01 8.496454358101e-02 9.613181650639e-02 1.208474636078e-01 1.289609521627e-01 1.242040395737e-01 1.268914937973e-01 1.069814264774e-01 6.386195868254e-02 7.216487079859e-02 1.490312963724e-01 2.367962449789e-01 1.409468352795e-01 6.406884640455e-02 9.587340056896e-02 5.907527729869e-02 6.325828284025e-02 5.242170393467e-02 4.297387972474e-02 3.851524740458e-02 3.110371157527e-02 3.113316558301e-02 4.782629385591e-02 7.320428639650e-02 6.820687651634e-02
1.236280202866e-01 1.785907745361e-01 2.440743893385e-01 2.400866448879e-01 1.952054500580e-01 1.962810158730e-01 1.325729340315e-01 1.165716126561e-01 1.571477353573e-01 1.572578102350e-01 1.129113063216e-01 1.443665474653e-01 1.850129514933e-01 2.616236507893e-01 1.238974034786e-01 1.504829376936e-01 1.868556141853e-01 2.058679759502e-01 1.423528045416e-01 1.107136085629e-01 1.115004196763e-01 1.213573887944e-01 1.451052725315e-01 1.556634157896e-01 1.871213167906e-01 1.439096331596e-01 8.304440975189e-02 8.942972123623e-02 1.957488358021e-01 3.058988153934e-01 1.445084512234e-01 7.472480088472e-02 1.104390621185e-01 6.521098315716e-02 7.060392946005e-02 6.180129945278e-02 5.492468550801e-02 4.366260021925e-02 3.589953109622e-02 4.429474845529e-02 6.061584502459e-02 8.104851096869e-02 6.980993598700e-02
1.424478739500e-01 1.618378013372e-01 2.182839065790e-01 2.371958792210e-01 2.115789651871e-01 2.627521753311e-01 1.389597207308e-01 1.592709124088e-01 2.245679795742e-01 2.314072549343e-01 1.538285762072e-01 1.510370671749e-01 1.895765513182e-01 2.640686333179e-01 1.301396489143e-01 1.668617129326e-01 1.916819661856e-01 2.145450264215e-01 1.528155654669e-01 1.453601270914e-01 1.197893843055e-01 1.505501121283e-01 1.820673197508e-01 1.793757677078e-01 2.485910207033e-01 1.775854676962e-01 9.361248463392e-02 1.065757870674e-01 2.284807860851e-01 3.319345414639e-01 1.364918500185e-01 8.290521055460e-02 1.171410754323e-01 6.575469672680e-02 7.201687991619e-02 7.881195098162e-02 6.654837727547e-02 5.013331025839e-02 4.328127577901e-02 5.476325005293e-02 7.238055765629e-02 8.443109691143e-02 6.688705831766e-02
1.400766223669e-01 1.940332204103e-01 1.721961051226e-01 2.004997581244e-01 1.950845718384e-01 3.337241113186e-01 1.337418407202e-01 1.965599507093e-01 2.868083417416e-01 3.081633448601e-01 2.170728743076e-01 1.572780609131e-01 1.949402689934e-01 2.654441297054e-01 1.346759051085e-01 1.827687174082e-01 1.939962953329e-01 2.217338383198e-01 1.692312210798e-01 1.788403689861e-01 1.409536004066e-01 1.904641985893e-01 2.313753664494e-01 2.250079065561e-01 3.092759251595e-01 2.053971737623e-01 1.123466715217e-01 1.142695099115e-01 2.420644015074e-01 3.208511173725e-01 1.473318934441e-01 9.877637028694e-02 1.212036758661e-01 7.788465172052e-02 8.920808136463e-02 9.258851408958e-02 7.399546355009e-02 5.232910066843e-02 5.500061810017e-02 5.969560146332e-02 8.448483049870e-02 8.564234524965e-02 6.400183588266e-02
1.214706152678e-01 2.059783339500e-01 1.546483933926e-01 1.589351296425e-01 1.696279197931e-01 4.044790565968e-01 1.504851728678e-01 2.236079573631e-01 3.418994843960e-01 3.842325806618e-01 2.833656072617e-01 1.658322215080e-01 2.021951228380e-01 2.666159272194e-01 1.493559479713e-01 1.960001289845e-01 1.935590654612e-01 2.280897498131e-01 1.733496934175e-01 2.076393663883e-01 1.709616333246e-01 2.307901382446e-01 2.756698429585e-01 2.637310922146e-01 3.635591268539e-01 2.214885950089e-01 1.236196085811e-01 1.340492814779e-01 2.317509204149e-01 2.602891325951e-01 1.463817954063e-01 1.141899079084e-01 1.223749890924e-01 8.704701066017e-02 1.044517159462e-01 1.029329970479e-01 7.760434597731e-02 5.500657111406e-02 6.196710094810e-02 6.644223630428e-02 9.656114131212e-02 8.714587986469e-02 6.139374524355e-02
1.108979135752e-01 1.972291171551e-01 1.551840901375e-01 1.242403835058e-01 1.578939706087e-01 4.695937931538e-01 1.674494296312e-01 2.364511191845e-01 3.799194991589e-01 4.423528611660e-01 3.435961008072e-01 1.815520972013e-01 2.086203396320e-01 2.666742801666e-01 1.511502116919e-01 2.088871747255e-01 1.903045326471e-01 2.325236946344e-01 1.680551916361e-01 2.196976393461e-01 1.957609653473e-01 2.595717012882e-01 3.057798743248e-01 2.852306365967e-01 4.034496247768e-01 2.231105864048e-01 1.193703636527e-01 1.501630097628e-01 1.986080259085e-01 1.809807568789e-01 1.370195597410e-01 1.294422298670e-01 1.215247958899e-01 9.276346862316e-02 1.165586039424e-01 1.089986711740e-01 7.725653797388e-02 6.471409648657e-02 6.107718497515e-02 9.032262116671e-02 1.103474721313e-01 8.936907351017e-02 5.732424184680e-02
1.278356015682e-01 1.883303374052e-01 1.499397456646e-01 1.400152295828e-01 1.777737140656e-01 5.315420031548e-01 1.912324130535e-01 2.287776470184e-01 3.839544951916e-01 4.671491086483e-01 3.909386396408e-01 2.375485450029e-01 2.168999314308e-01 2.682136297226e-01 1.497154086828e-01 2.209791094065e-01 1.847225725651e-01 2.354725152254e-01 1.732336729765e-01 2.081313133240e-01 2.106374502182e-01 2.731229662895e-01 3.131037056446e-01 2.852028012276e-01 4.265049397945e-01 2.149385660887e-01 1.371744126081e-01 1.787232756615e-01 1.508187800646e-01 1.484581977129e-01 1.583296656609e-01 1.447672545910e-01 1.181541606784e-01 1.188648939133e-01 1.242603883147e-01 1.097892969847e-01 7.304255664349e-02 6.648236513138e-02 7.585299015045e-02 1.215557008982e-01 1.208125352859e-01 8.506578952074e-02 4.802393168211e-02
1.436427533627e-01 1.889269948006e-01 1.488205939531e-01 1.515822708607e-01 1.968866884708e-01 5.892041921616e-01 2.161558270454e-01 2.010976225138e-01 3.507269918919e-01 4.550693035126e-01 4.190872013569e-01 2.897464334965e-01 2.256442457438e-01 3.051712512970e-01 1.697138547897e-01 2.329941242933e-01 1.838258206844e-01 2.375305294991e-01 1.767996847630e-01 1.840327680111e-01 2.200187742710e-01 2.676350772381e-01 2.971682846546e-01 2.882532477379e-01 4.239063560963e-01 1.901172846556e-01 1.636481434107e-01 2.094778418541e-01 1.513133347034e-01 1.828576475382e-01 1.996858417988e-01 1.595607399940e-01 1.362828016281e-01 1.479171067476e-01 1.511664837599e-01 1.047257855535e-01 7.182382792234e-02 6.373102217913e-02 1.206183806062e-01 1.470129638910e-01 1.167477965355e-01 6.746797263622e-02 5.706224963069e-02
1.541275084019e-01 1.925092786551e-01 1.474188864231e-01 1.484920829535e-01 2.151636779308e-01 6.356464028358e-01 2.379767596722e-01 1.650769561529e-01 2.986505329609e-01 4.153198003769e-01 4.221574664116e-01 3.310703635216e-01 2.336255460978e-01 3.294007480145e-01 2.134794890881e-01 2.463112622499e-01 2.427351176739e-01 2.411229312420e-01 1.786653846502e-01 2.201970219612e-01 2.154336720705e-01 2.478661984205e-01 2.621228992939e-01 3.217556476593e-01 3.938011527061e-01 1.523783653975e-01 1.906870603561e-01 2.401384413242e-01 1.737706214190e-01 2.119702547789e-01 2.352055013180e-01 1.930188387632e-01 1.515687853098e-01 1.569546312094e-01 1.639726012945e-01 9.458524733782e-02 6.691304594278e-02 1.145896762609e-01 1.619466096163e-01 1.483353823423e-01 9.015294164419e-02 5.905754864216e-02 5.591379106045e-02
1.562112718821e-01 1.992600411177e-01 1.463105529547e-01 1.597633361816e-01 2.316531985998e-01 6.729301810265e-01 2.579668164253e-01 1.645455062389e-01 2.389378994703e-01 3.505489230156e-01 3.913351595402e-01 3.525683581829e-01 2.835601568222e-01 3.280262947083e-01 2.703794538975e-01 2.593379616737e-01 3.431410193443e-01 2.567555904388e-01 1.781553775072e-01 2.919995486736e-01 2.385878115892e-01 2.184757888317e-01 3.200093507767e-01 3.427408635616e-01 3.428358435631e-01 1.529370397329e-01 2.135037034750e-01 2.614780664444e-01 1.813101619482e-01 2.289003729820e-01 2.663789391518e-01 2.248996496201e-01 1.403561979532e-01 1.364175826311e-01 1.550754606724e-01 8.126410096884e-02 1.042603626847e-01 1.694533675909e-01 1.735088080168e-01 1.150879412889e-01 5.792081728578e-02 5.391400679946e-02 5.313712731004e-02
1.517202705145e-01 2.067866027355e-01 1.905122101307e-01 1.805939674377e-01 2.465267330408e-01 6.967417001724e-01 2.706125974655e-01 1.708343029022e-01 1.988971233368e-01 2.718378007412e-01 3.341707885265e-01 3.466598987579e-01 3.159955143929e-01 3.436971604824e-01 3.278726041317e-01 2.711634933949e-01 4.595683515072e-01 3.388310074806e-01 1.782832741737e-01 3.551231026649e-01 2.662535309792e-01 2.835434377193e-01 4.215049147606e-01 3.475586175919e-01 2.777064442635e-01 1.586000323296e-01 2.232443243265e-01 2.673330605030e-01 1.735416799784e-01 2.273548543453e-01 2.824873328209e-01 2.499055415392e-01 1.470086276531e-01 1.096351072192e-01 1.438122689724e-01 8.839963376522e-02 1.674839407206e-01 1.952856928110e-01 1.388338208199e-01 7.038412243128e-02 6.318445503712e-02 6.816887855530e-02 7.224681973457e-02
1.533189415932e-01 2.142732441425e-01 2.405628710985e-01 1.657231450081e-01 2.605932354927e-01 7.160506844521e-01 2.763854563236e-01 1.763449162245e-01 1.993128359318e-01 2.561714351177e-01 2.568782567978e-01 3.078524470329e-01 3.235666751862e-01 3.827750384808e-01 3.529711663723e-01 2.991225719452e-01 5.738598704338e-01 4.140972495079e-01 1.923689544201e-01 4.044936597347e-01 2.795485556126e-01 3.441106081009e-01 4.972164034843e-01 3.243203759193e-01 2.048674374819e-01 1.884399652481e-01 2.147477865219e-01 2.529713213444e-01 1.571328490973e-01 2.080416232347e-01 2.732957005501e-01 2.562345862389e-01 1.556200534105e-01 9.487850219011e-02 1.377185583115e-01 1.545689553022e-01 2.114070802927e-01 1.675082147121e-01 8.551217615604e-02 6.833094358444e-02 6.618328392506e-02 8.774314820766e-02 8.594448119402e-02
1.369535028934e-01 2.219031304121e-01 2.608359158039e-01 1.833435744047e-01 2.750177383423e-01 7.380538582802e-01 2.801436483860e-01 1.839489489794e-01 1.821372359991e-01 2.470333278179e-01 2.028014510870e-01 2.425808757544e-01 3.508225977421e-01 4.103293120861e-01 3.273674845695e-01 3.703035712242e-01 6.647794246674e-01 4.748053550720e-01 2.261731773615e-01 4.385169446468e-01 2.825011610985e-01 3.742862045765e-01 5.208895802498e-01 2.700037062168e-01 1.784529983997e-01 2.398316413164e-01 2.477500438690e-01 2.251836657524e-01 1.533577144146e-01 1.744304299355e-01 2.417256534100e-01 2.423620820045e-01 1.553420573473e-01 9.372226148844e-02 1.391868293285e-01 2.163207978010e-01 2.008858025074e-01 1.081526726484e-01 7.626356929541e-02 6.577423959970e-02 6.964734196663e-02 9.927584230900e-02 9.147657454014e-02
1.853302866220e-01 2.308511435986e-01 2.611624300480e-01 2.990259826183e-01 2.899171113968e-01 7.512676715851e-01 2.790375053883e-01 2.197434008121e-01 1.559292376041e-01 2.271932214499e-01 1.896219253540e-01 2.680560648441e-01 3.696085810661e-01 4.379365742207e-01 3.534716665745e-01 4.401779770851e-01 7.395391464233e-01 5.103264451027e-01 2.509416639805e-01 4.673070311546e-01 3.109777867794e-01 3.650215268135e-01 5.006711483002e-01 2.216807752848e-01 1.898228973150e-01 2.874779403210e-01 3.147999942303e-01 1.961180865765e-01 1.562518924475e-01 1.426943093538e-01 2.004046738148e-01 2.172711938620e-01 1.470583677292e-01 1.058822199702e-01 2.059524208307e-01 2.322977781296e-01 1.400134861469e-01 7.347102463245e-02 7.846844196320e-02 6.081983819604e-02 7.974145561457e-02 1.054924353957e-01 1.159475371242e-01
2.447175383568e-01 2.415523529053e-01 2.572365105152e-01 3.672457635403e-01 3.011644482613e-01 7.552201747894e-01 2.709507942200e-01 2.518481016159e-01 1.649869978428e-01 2.328486293554e-01 1.972986459732e-01 2.872850596905e-01 3.870765268803e-01 4.648405611515e-01 3.413902521133e-01 4.977235198021e-01 7.538034915924e-01 4.837055802345e-01 2.976966202259e-01 4.914239645004e-01 3.119745552540e-01 3.337819576263e-01 4.331208169460e-01 2.125192582607e-01 2.077850550413e-01 3.309040069580e-01 3.392225801945e-01 1.767188310623e-01 1.698713898659e-01 1.475264132023e-01 2.059818655252e-01 1.827139407396e-01 1.308431476355e-01 1.852414458990e-01 2.496703267097e-01 1.795051395893e-01 1.007818728685e-01 6.592331081629e-02 7.910833507776e-02 6.933101266623e-02 1.047617197037e-01 1.364714950323e-01 1.359061598778e-01
2.891763448715e-01 3.143282830715e-01 2.970834970474e-01 3.394836783409e-01 3.180111348629e-01 7.490291595459e-01 2.903571426868e-01 2.768406569958e-01 1.732184588909e-01 2.363659441471e-01 2.181920260191e-01 2.973455190659e-01 4.078981876373e-01 4.913694262505e-01 3.138626217842e-01 5.343525409698e-01 7.105029225349e-01 4.292726516724e-01 3.276507258415e-01 5.095006227493e-01 2.789185345173e-01 2.665427923203e-01 3.363809883595e-01 1.967667341232e-01 2.443347275257e-01 3.314138054848e-01 3.131728768349e-01 1.869403570890e-01 1.957432776690e-01 1.656685471535e-01 2.234881669283e-01 1.555298864841e-01 1.585204750299e-01 2.500513792038e-01 2.201479524374e-01 1.545701771975e-01 8.622437715530e-02 7.186333090067e-02 8.906026184559e-02 1.003278270364e-01 1.462070047855e-01 1.499954611063e-01 1.249212920666e-01
3.789229094982e-01 3.773123919964e-01 4.075939655304e-01 3.148588836193e-01 3.769637048244e-01 7.254511713982e-01 3.307142853737e-01 2.984389364719e-01 2.329489737749e-01 2.368216216564e-01 2.530112862587e-01 3.826435804367e-01 4.251118600368e-01 5.209078192711e-01 3.402455151081e-01 5.370931625366e-01 6.318833827972e-01 4.117962718010e-01 3.379223346710e-01 5.229634642601e-01 2.490010559559e-01 2.203862071037e-01 2.533798515797e-01 2.109503746033e-01 2.657630443573e-01 2.966803312302e-01 2.317732721567e-01 2.066317349672e-01 2.282640188932e-01 1.889543831348e-01 2.310483604670e-01 1.455585509539e-01 2.364763617516e-01 2.485885024071e-01 2.218712121248e-01 1.399146765471e-01 9.915527701378e-02 8.812871575356e-02 1.066210195422e-01 1.455127298832e-01 1.626021414995e-01 1.309541612864e-01 9.719031304121e-02
4.205893576145e-01 4.174715578556e-01 5.044399499893e-01 4.697878956795e-01 3.186537027359e-01 6.846084594727e-01 3.076767921448e-01 3.451113104820e-01 3.220705688000e-01 2.671052515507e-01 2.749075293541e-01 4.612230360508e-01 4.857654273510e-01 5.536435246468e-01 3.799096047878e-01 5.056603550911e-01 6.260223388672e-01 5.024529099464e-01 3.291350007057e-01 5.249694585800e-01 2.505932748318e-01 2.377752065659e-01 2.576560676098e-01 2.345974892378e-01 2.491924911737e-01 2.315189540386e-01 2.150412052870e-01 2.408226132393e-01 2.501277923584e-01 1.960414350033e-01 2.291187494993e-01 2.221964746714e-01 2.636162638664e-01 2.456984221935e-01 2.364784479141e-01 1.705558151007e-01 1.216222643852e-01 1.137372255325e-01 1.381357461214e-01 1.630992889404e-01 1.347268819809e-01 1.091462001204e-01 9.928053617477e-02
