VariationalSeries/SI/f90.grd
DSAA
101	101
32.816463539100	34.260883539100
35.556306596100	36.727886596100
2.360718644923e-04	3.945671081543e+01
[rows 38 to 56 of 101, columns 0 to 42 of 101]
9.277529269457e-02 1.957672834396e-01 2.117383927107e-01 2.205809205770e-01 2.628803849220e-01 3.223102390766e-01 3.722808659077e-01 4.232487082481e-01 4.651833772659e-01 4.249791502953e-01 3.489148914814e-01 2.848911583424e-01 2.823546826839e-01 2.782579362392e-01 2.959207594395e-01 3.357906043530e-01 3.800292909145e-01 6.947252750397e-01 1.125542283058e+00 1.207295060158e+00 9.718160629272e-01 8.154891133308e-01 5.485503673553e-01 6.429411172867e-01 1.272486686707e+00 1.655940890312e+00 1.596838831902e+00 1.143354177475e+00 8.252620100975e-01 9.110522866249e-01 9.595864415169e-01 1.183957934380e+00 1.621501445770e+00 1.588605403900e+00 1.491543054581e+00 8.955408334732e-01 1.224937319756e+00 1.377526879311e+00 1.357659101486e+00 2.087294340134e+00 2.296084403992e+00 3.368168592453e+00 2.723021984100e+00
1.376214772463e-01 2.450384646654e-01 2.055358439684e-01 1.996865272522e-01 2.846830487251e-01 3.463248610497e-01 4.552262425423e-01 5.729337334633e-01 6.390255689621e-01 5.984349250793e-01 4.350467026234e-01 3.391042053699e-01 2.924296557903e-01 2.989009618759e-01 3.207567632198e-01 3.466953039169e-01 3.694459795952e-01 3.893793523312e-01 6.121127009392e-01 8.570561408997e-01 8.754421472549e-01 8.491948843002e-01 8.765974044800e-01 7.350787520409e-01 6.816725134850e-01 7.574118375778e-01 1.022441267967e+00 1.925251364708e+00 2.580825567245e+00 2.618798732758e+00 2.053598165512e+00 1.012695193291e+00 1.145427227020e+00 9.767225384712e-01 1.946112990379e+00 1.744105577469e+00 1.135321140289e+00 1.369490981102e+00 1.679963469505e+00 1.907141804695e+00 2.559101581573e+00 3.091990709305e+00 3.606036424637e+00
1.574650257826e-01 3.136177062988e-01 2.970788180828e-01 2.581534981728e-01 3.411071896553e-01 4.198260605335e-01 5.096671581268e-01 6.708652973175e-01 7.272999286652e-01 7.248873114586e-01 4.957797825336e-01 3.328573703766e-01 3.349666297436e-01 2.897046804428e-01 2.412469685078e-01 2.710948884487e-01 3.188352286816e-01 3.455613553524e-01 3.633960187435e-01 4.823715388775e-01 7.118543386459e-01 1.003754019737e+00 1.201982975006e+00 1.211736917496e+00 1.192755937576e+00 7.945384979248e-01 6.254387497902e-01 6.602091193199e-01 6.457322239876e-01 8.151699304581e-01 1.714984655380e+00 2.728296995163e+00 3.232543706894e+00 2.699763536453e+00 1.369049906731e+00 1.360304474831e+00 2.388883590698e+00 1.986882328987e+00 2.057981967926e+00 2.049601554871e+00 1.902980089188e+00 2.560744762421e+00 3.884337663651e+00
2.249195128679e-01 3.829128146172e-01 4.449484348297e-01 4.571194052696e-01 4.119445085526e-01 4.925060868263e-01 4.915240705013e-01 4.715510606766e-01 4.715318679810e-01 5.800703763962e-01 6.258894205093e-01 5.427358746529e-01 4.020041525364e-01 3.578424155712e-01 3.670575618744e-01 4.542183279991e-01 5.270171165466e-01 5.894452333450e-01 5.760199427605e-01 4.188655018806e-01 4.667997062206e-01 6.154676079750e-01 6.960299611092e-01 9.340605735779e-01 1.160384178162e+00 1.379251003265e+00 1.539322733879e+00 1.494456887245e+00 1.539008617401e+00 1.679332375526e+00 1.857190370560e+00 1.805037617683e+00 2.794445276260e+00 3.159502267838e+00 2.257423877716e+00 2.864093303680e+00 3.178323030472e+00 2.700353860855e+00 3.055313587189e+00 2.467845678329e+00 1.728547215462e+00 3.021730899811e+00 2.522935152054e+00
2.306741774082e-01 4.058397412300e-01 4.551557898521e-01 4.191597700119e-01 4.579337835312e-01 5.776859521866e-01 5.738827586174e-01 4.947115778923e-01 5.959041714668e-01 4.959648251534e-01 4.722501337528e-01 6.589126586914e-01 6.839015483856e-01 5.150384306908e-01 4.769180715084e-01 4.394467175007e-01 4.528606235981e-01 6.065506339073e-01 8.176813125610e-01 8.311462998390e-01 5.279101729393e-01 6.009417176247e-01 7.672668695450e-01 6.379566788673e-01 7.377312183380e-01 8.912782669067e-01 1.178897023201e+00 1.782489538193e+00 2.400424957275e+00 2.197806358337e+00 2.086654424667e+00 1.546662092209e+00 1.542721152306e+00 2.902683734894e+00 2.784950971603e+00 3.512655258179e+00 2.322664022446e+00 3.293685913086e+00 2.890360593796e+00 4.172687053680e+00 4.313378810883e+00 3.393770217896e+00 3.818908929825e+00
4.486857056618e-01 8.700602650642e-01 6.500567197800e-01 5.470353960991e-01 5.353050827980e-01 4.817288517952e-01 4.945069253445e-01 6.018179059029e-01 5.959031581879e-01 4.837308228016e-01 6.013585329056e-01 4.097448289394e-01 5.260633230209e-01 7.373645305634e-01 6.401277184486e-01 5.528050661087e-01 6.923799514771e-01 1.494760155678e+00 1.762659430504e+00 9.716970920563e-01 1.040736556053e+00 6.092603802681e-01 7.142495512962e-01 1.014484643936e+00 6.777457594872e-01 6.206990480423e-01 6.560422778130e-01 7.165950536728e-01 9.148736596107e-01 1.040125727654e+00 1.111161351204e+00 1.217055201530e+00 1.656374096870e+00 2.605806112289e+00 1.784239649773e+00 1.653523683548e+00 2.422943353653e+00 2.766211509705e+00 1.851916074753e+00 3.817114114761e+00 3.913318395615e+00 4.277730941772e+00 5.248564720154e+00
7.137623429298e-01 1.309271931648e+00 1.061640501022e+00 8.274380564690e-01 7.630230188370e-01 6.167253851891e-01 8.492590188980e-01 7.451527714729e-01 7.574613094330e-01 5.927191376686e-01 4.625482559204e-01 5.678038001060e-01 5.096116065979e-01 3.342632651329e-01 6.244170665741e-01 7.323267459869e-01 5.328780412674e-01 4.545322060585e-01 8.312951922417e-01 5.552551150322e-01 9.659481048584e-01 1.141134381294e+00 1.134780406952e+00 9.895882606506e-01 1.362889170647e+00 8.389327526093e-01 7.843155264854e-01 1.015649437904e+00 1.190291166306e+00 9.105341434479e-01 1.155532240868e+00 1.424051284790e+00 1.688340663910e+00 1.983479261398e+00 2.521575212479e+00 1.913825392723e+00 2.130322456360e+00 2.382184982300e+00 2.258116483688e+00 3.236401081085e+00 3.027420043945e+00 4.371417999268e+00 4.437670707703e+00
2.846033871174e-01 5.931827425957e-01 7.061362266541e-01 8.321157097816e-01 8.504989147186e-01 9.450863599777e-01 9.987437725067e-01 8.616482615471e-01 7.721978425980e-01 7.386521697044e-01 6.905101537704e-01 6.387531161308e-01 6.030800342560e-01 5.666903257370e-01 6.134950518608e-01 5.239477753639e-01 3.734345138073e-01 4.417778551579e-01 4.652181267738e-01 6.327427029610e-01 5.946444869041e-01 9.867573380470e-01 1.057724475861e+00 1.139309763908e+00 1.329632997513e+00 1.504311800003e+00 1.639733195305e+00 1.708126187325e+00 1.746471524239e+00 1.882211446762e+00 1.912501573563e+00 2.011958599091e+00 2.138256072998e+00 1.777742981911e+00 1.529725670815e+00 2.146259546280e+00 2.589605569839e+00 3.970386743546e+00 4.761492729187e+00 4.409123897552e+00 4.196787834167e+00 4.358445167542e+00 3.630689620972e+00
2.761282622814e-01 5.804095268250e-01 6.621527075768e-01 7.365995645523e-01 8.232982754707e-01 8.416522145271e-01 7.737511992455e-01 6.269115209579e-01 5.921277999878e-01 7.106302976608e-01 8.338754177094e-01 7.911198735237e-01 5.984669327736e-01 3.904220461845e-01 4.177181124687e-01 2.413788288832e-01 1.402576863766e-01 1.550645232201e-01 2.067337781191e-01 2.492957115173e-01 7.402713298798e-01 1.305279374123e+00 1.120221138000e+00 1.403082013130e+00 1.350274205208e+00 1.665761351585e+00 1.720452785492e+00 1.629544138908e+00 1.520228505135e+00 1.745159506798e+00 1.848670125008e+00 2.389367341995e+00 3.056090593338e+00 3.330648422241e+00 2.846784591675e+00 2.413952112198e+00 2.677738904953e+00 1.917857527733e+00 2.920677900314e+00 2.981221914291e+00 4.658836841583e+00 4.376557826996e+00 4.714831829071e+00
7.399225234985e-02 1.487574726343e-01 1.571001261473e-01 1.691694855690e-01 2.357817590237e-01 3.292944133282e-01 4.327490627766e-01 4.656506478786e-01 4.513602554798e-01 4.167978465557e-01 4.249083399773e-01 5.400033593178e-01 5.389075279236e-01 4.380530416965e-01 2.826000154018e-01 2.207590341568e-01 1.133221909404e-01 9.626431018114e-02 1.073793768883e-01 2.294849604368e-01 5.139498710632e-01 1.088512182236e+00 2.720658540726e+00 2.560627937317e+00 2.300902366638e+00 2.160969257355e+00 2.082824945450e+00 2.025270223618e+00 2.133930444717e+00 2.467005491257e+00 2.777507305145e+00 3.145492553711e+00 5.400571346283e+00 3.022675514221e+00 6.797320365906e+00 4.631045341492e+00 3.693885087967e+00 3.991354465485e+00 4.945942401886e+00 5.750340938568e+00 6.087250709534e+00 5.714552402496e+00 5.730575561523e+00
6.720139831305e-02 1.298415660858e-01 1.414377689362e-01 1.417303532362e-01 2.367043942213e-01 3.503405451775e-01 3.645164072514e-01 2.969611287117e-01 2.191886156797e-01 1.793252378702e-01 2.277852296829e-01 2.826908528805e-01 2.704509198666e-01 2.170839905739e-01 1.594916135073e-01 1.126234903932e-01 8.116971701384e-02 6.058386340737e-02 6.230625137687e-02 2.025875896215e-01 6.490858793259e-01 1.129498124123e+00 1.114287018776e+00 2.337411642075e+00 5.660978317261e+00 2.873476982117e+00 1.792656421661e+00 1.618890881538e+00 1.691437363625e+00 1.845697879791e+00 3.169467687607e+00 4.552202224731e+00 2.406229019165e+00 3.596995353699e+00 6.522129535675e+00 1.181846904755e+01 4.839529514313e+00 3.866067409515e+00 3.424900770187e+00 3.769259691238e+00 3.228337049484e+00 6.041143417358e+00 7.049603939056e+00
3.485548496246e-02 7.241623103619e-02 8.684843778610e-02 9.642812609673e-02 1.258172392845e-01 2.020684331656e-01 2.311233580112e-01 2.000137120485e-01 1.547938585281e-01 1.163221672177e-01 9.622848778963e-02 9.192670136690e-02 7.328087091446e-02 6.501478701830e-02 7.760147750378e-02 5.917407572269e-02 5.449580401182e-02 4.582363739610e-02 5.395283550024e-02 8.159586787224e-02 1.393783390522e-01 3.771372139454e-01 3.958197534084e-01 5.408388376236e-01 2.060573101044e+00 2.182849407196e+00 8.141252994537e-01 4.498630464077e-01 4.706109464169e-01 1.499368309975e+00 1.989467740059e+00 2.158838033676e+00 2.256887435913e+00 1.855420351028e+00 2.728033781052e+00 7.830071926117e+00 4.231211185455e+00 2.565205574036e+00 1.796940565109e+00 1.621500372887e+00 1.527633905411e+00 3.995507955551e+00 5.551972389221e+00
1.556482445449e-02 3.106658160686e-02 3.232458233833e-02 3.553418442607e-02 4.499033465981e-02 5.695165321231e-02 6.775026023388e-02 7.372851669788e-02 7.136576622725e-02 6.052753701806e-02 5.128976702690e-02 5.896890163422e-02 6.085281446576e-02 5.622322112322e-02 5.729865282774e-02 6.556189060211e-02 4.985182359815e-02 3.963091596961e-02 4.496477171779e-02 6.615803390741e-02 7.564617693424e-02 1.388648301363e-01 2.414577007294e-01 5.256314873695e-01 1.274050116539e+00 8.000781536102e-01 4.953084886074e-01 3.923907279968e-01 3.743893206120e-01 1.214370876551e-01 1.064416617155e-01 1.159809604287e-01 1.812299340963e-01 3.923479318619e-01 9.119885563850e-01 1.539574718475e+01 2.932807922363e+01 3.939651012421e+00 2.689417839050e+00 1.386192679405e+00 9.768854975700e-01 1.053435921669e+00 2.044187784195e+00
1.252669282258e-02 2.277387492359e-02 2.532698586583e-02 2.534265443683e-02 2.545122243464e-02 3.277702257037e-02 4.303143918514e-02 5.295061692595e-02 5.885960906744e-02 5.766998231411e-02 4.849211126566e-02 4.433523491025e-02 4.814556986094e-02 4.653917998075e-02 4.136003926396e-02 5.075240507722e-02 5.904859676957e-02 4.706139490008e-02 3.649105504155e-02 1.037999019027e-01 1.321092545986e-01 1.025771349669e-01 1.361678391695e-01 2.387552559376e-01 4.503512978554e-01 4.458093166351e+00 9.601956009865e-01 8.586258292198e-01 3.638231754303e-01 7.202137261629e-02 6.303615123034e-02 6.604570150375e-02 7.705998420715e-02 9.500651061535e-02 1.284469664097e-01 6.841225624084e-01 4.765841484070e+00 1.218074321747e+01 3.130825757980e+00 1.762400269508e+00 5.034323334694e-01 3.263601958752e-01 3.551063835621e-01
1.160919293761e-02 2.761527337134e-02 3.733279556036e-02 4.308358207345e-02 4.486735910177e-02 4.139955714345e-02 3.680386766791e-02 3.370475396514e-02 4.216875135899e-02 4.836669564247e-02 4.825188964605e-02 4.178744181991e-02 3.593732416630e-02 4.480677470565e-02 4.678511992097e-02 4.179872199893e-02 4.866935685277e-02 6.296788901091e-02 4.979127272964e-02 1.051668599248e-01 1.098668649793e-01 9.510596841574e-02 1.059191972017e-01 1.148652732372e-01 2.626157701015e-01 8.900500535965e-01 9.408884644508e-01 2.413168847561e-01 1.126122698188e-01 6.969425082207e-02 5.224853008986e-02 4.462588205934e-02 4.403635486960e-02 5.535581335425e-02 7.189207524061e-02 2.436404079199e-01 1.241920232773e+00 4.426938533783e+00 5.345105171204e+00 8.271253705025e-01 3.554891645908e-01 2.293743342161e-01 2.166240215302e-01
1.757593080401e-02 4.136272892356e-02 5.284752696753e-02 5.941037833691e-02 6.102951243520e-02 5.831796303391e-02 5.473874136806e-02 4.923806339502e-02 4.248653352261e-02 3.472418338060e-02 3.871876746416e-02 4.070670902729e-02 3.900978341699e-02 4.547437652946e-02 5.215988308191e-02 4.926493763924e-02 4.153266549110e-02 6.609584391117e-02 7.082685083151e-02 1.857641935349e-01 1.190195828676e-01 8.585650473833e-02 5.814589560032e-02 6.029976159334e-02 1.133246049285e-01 7.934985160828e-01 1.145870566368e+00 2.183980643749e-01 1.435910314322e-01 7.289524376392e-02 4.523797333241e-02 3.135212510824e-02 2.787962555885e-02 2.922904491425e-02 4.502771422267e-02 7.505127787590e-02 5.050206780434e-01 1.563536167145e+00 4.154805183411e+00 2.020239114761e+00 9.633296132088e-01 1.914397627115e-01 1.624460965395e-01
1.205028779805e-02 2.618601918221e-02 3.264850750566e-02 3.581833839417e-02 3.473312407732e-02 3.489127755165e-02 3.899414837360e-02 4.355902969837e-02 4.784991219640e-02 4.790220409632e-02 4.125114902854e-02 3.135439008474e-02 3.694778680801e-02 4.049177467823e-02 4.050878062844e-02 4.068986326456e-02 4.245164245367e-02 6.966219842434e-02 9.638002514839e-02 1.606758087873e-01 1.232051327825e-01 9.682258218527e-02 4.768623411655e-02 4.792084917426e-02 9.623936563730e-02 2.869771420956e-01 2.541547417641e-01 1.695338785648e-01 1.344369947910e-01 7.454803586006e-02 4.152032360435e-02 3.422491252422e-02 3.019051253796e-02 2.951433882117e-02 3.766375407577e-02 6.377730518579e-02 1.345661878586e-01 6.739644408226e-01 7.936850190163e-01 4.830728173256e-01 2.911387681961e-01 1.456268876791e-01 1.325509399176e-01
1.132137794048e-02 2.061161957681e-02 3.053799830377e-02 3.893144428730e-02 4.640202224255e-02 5.479437112808e-02 6.400101631880e-02 7.395663112402e-02 8.316358923912e-02 8.580359816551e-02 7.673310488462e-02 5.705032497644e-02 3.677885234356e-02 3.819186985493e-02 4.719440639019e-02 5.129222571850e-02 6.362684816122e-02 7.382223755121e-02 8.643253892660e-02 1.512147486210e-01 1.067604869604e-01 7.177633047104e-02 3.812351822853e-02 3.723543509841e-02 6.962344050407e-02 8.077933639288e-02 7.645126581192e-01 1.161265224218e-01 1.095503345132e-01 6.586767733097e-02 3.853374347091e-02 3.081551380455e-02 2.941120974720e-02 3.107726387680e-02 3.992583602667e-02 5.434061959386e-02 9.093419462442e-02 1.120691299438e-01 2.350536435843e-01 3.114244639874e-01 1.946651339531e-01 1.169148162007e-01 1.504487395287e-01
1.123297773302e-02 2.014747075737e-02 2.805370278656e-02 3.463560715318e-02 4.127922654152e-02 4.939938336611e-02 5.797443911433e-02 6.662419438362e-02 7.472359389067e-02 7.912617176771e-02 7.504186779261e-02 8.039676398039e-02 8.389045298100e-02 8.471315354109e-02 8.079061657190e-02 7.323797792196e-02 8.723732829094e-02 6.342510133982e-02 8.569530397654e-02 2.727509140968e-01 1.004390865564e-01 5.056422948837e-02 3.575731441379e-02 2.996887639165e-02 4.142710193992e-02 8.777967840433e-02 3.182267546654e-01 9.077274799347e-02 1.161240264773e-01 4.915361478925e-02 3.642254322767e-02 2.781795896590e-02 2.817962877452e-02 3.204971924424e-02 4.224739968777e-02 5.025294423103e-02 5.595555156469e-02 9.036397933960e-02 1.980326920748e-01 2.316203415394e-01 1.442616730928e-01 1.072211340070e-01 1.392456740141e-01
