VariationalSeries/SI/f90.grd
DSAA
101	101
32.816463539100	34.260883539100
35.556306596100	36.727886596100
2.360718644923e-04	3.945671081543e+01
[rows 57 to 75 of 101, columns 43 to 85 of 101]
1.646968722343e-01 1.962264478207e-01 1.001462042332e-01 1.110943108797e-01 1.098529174924e-01 1.764587014914e-01 1.979925781488e-01 2.659553885460e-01 2.319059669971e-01 1.267509311438e-01 8.853729814291e-02 7.432325929403e-02 5.461373552680e-02 9.666032344103e-02 4.067857861519e-01 1.366009354591e+00 2.994780063629e+00 2.810503959656e+00 3.989577293396e+00 1.371208310127e+00 3.979280889034e-01 3.030977249146e-01 5.483351349831e-01 1.018520712852e+00 1.742417216301e+00 1.579947710037e+00 1.719963312149e+00 1.394196987152e+00 1.808478832245e+00 1.675025701523e+00 1.768871068954e+00 1.318404078484e+00 1.364803552628e+00 1.917812705040e+00 1.191087007523e+00 7.488033175468e-01 8.736968040466e-01 1.222376227379e+00 1.532656788826e+00 1.109290361404e+00 4.628246724606e-01 4.076107442379e-01 3.940406441689e-01
1.314397752285e-01 2.135467827320e-01 8.094394952059e-02 8.608757704496e-02 8.524492383003e-02 1.280907839537e-01 2.481974661350e-01 7.963289618492e-01 6.326771378517e-01 1.364321410656e-01 8.170307427645e-02 5.659479275346e-02 4.332450777292e-02 4.288293421268e-02 8.468297868967e-02 8.141725659370e-01 9.535554051399e-01 9.862891435623e-01 7.962794303894e-01 8.072857260704e-01 5.928374528885e-01 4.500090479851e-01 3.470027744770e-01 2.118003666401e-01 5.462085604668e-01 1.082118511200e+00 1.891169905663e+00 1.928905963898e+00 2.105156421661e+00 1.154291152954e+00 1.523638367653e+00 1.389566898346e+00 1.191202402115e+00 1.046239614487e+00 1.063543677330e+00 7.983167767525e-01 7.845533490181e-01 9.440717101097e-01 9.272649884224e-01 8.488409519196e-01 8.803403973579e-01 9.224274754524e-01 8.628124594688e-01
1.103150323033e-01 1.062901243567e-01 7.362312823534e-02 7.831478118896e-02 7.959566265345e-02 1.165514737368e-01 3.525703251362e-01 8.761679530144e-01 9.069138169289e-01 2.048651725054e-01 8.519414812326e-02 4.836044833064e-02 3.422006592155e-02 3.099960088730e-02 3.186998143792e-02 3.981887549162e-02 5.447826907039e-02 7.420136779547e-02 9.587304294109e-02 1.190011054277e-01 1.392686069012e-01 1.645666807890e-01 1.106510311365e-01 1.111884191632e-01 2.664829790592e-01 1.238896846771e+00 2.133524417877e+00 2.424557685852e+00 2.330561637878e+00 2.350864410400e+00 1.545992612839e+00 1.341314554214e+00 1.137613296509e+00 1.035104870796e+00 1.453254461288e+00 1.252951622009e+00 1.039668321609e+00 6.510076522827e-01 6.991499662399e-01 5.870874524117e-01 5.176320075989e-01 4.875953197479e-01 4.256814718246e-01
1.016974896193e-01 9.147875756025e-02 7.123237103224e-02 7.937502861023e-02 9.012716263533e-02 1.182992234826e-01 7.557314634323e-01 9.118964672089e-01 1.123481035233e+00 1.579339802265e-01 7.467912137508e-02 4.654799401760e-02 3.089573234320e-02 2.507556974888e-02 2.396721951663e-02 2.530165202916e-02 3.094768896699e-02 4.075957834721e-02 5.812915414572e-02 6.817615777254e-02 7.808358967304e-02 1.565423607826e-01 8.063026517630e-02 7.435847073793e-02 2.269545644522e-01 5.044804811478e-01 1.800882458687e+00 2.011216640472e+00 2.130584955215e+00 2.276573419571e+00 1.901080846786e+00 1.469820737839e+00 1.022666096687e+00 1.310265183449e+00 9.108610153198e-01 8.014155626297e-01 6.644168496132e-01 5.491411685944e-01 5.161106586456e-01 5.085360407829e-01 5.373120903969e-01 7.636934518814e-01 1.062597751617e+00
8.612629771233e-02 6.703943759203e-02 6.996607035398e-02 8.420290797949e-02 1.284447610378e-01 2.102129608393e-01 6.387127041817e-01 1.425063133240e+00 5.540054440498e-01 8.798480033875e-02 5.433708429337e-02 3.963587433100e-02 2.819037437439e-02 2.115682885051e-02 1.936436817050e-02 1.940236613154e-02 2.115402370691e-02 2.827660366893e-02 3.893229737878e-02 4.452339932323e-02 4.616041108966e-02 9.583869576454e-02 5.737907066941e-02 6.222597509623e-02 1.397052854300e-01 4.731577038765e-01 1.279970884323e+00 1.736066818237e+00 1.811585545540e+00 1.382100939751e+00 1.064551472664e+00 1.520741343498e+00 1.039856672287e+00 7.322245240211e-01 8.141412138939e-01 1.031642675400e+00 9.337229132652e-01 6.586695313454e-01 6.147097945213e-01 5.987944006920e-01 5.802913308144e-01 6.462228894234e-01 7.990163564682e-01
6.247938796878e-02 5.138032510877e-02 6.425217539072e-02 1.494773924351e-01 3.370460867882e-01 7.826732397079e-01 1.154124498367e+00 7.289616465569e-01 7.810679078102e-02 5.333972349763e-02 3.833640739322e-02 3.159428015351e-02 2.466448396444e-02 2.015441656113e-02 1.773823052645e-02 1.848210766912e-02 1.935308612883e-02 2.338168583810e-02 3.374411538243e-02 4.151385650039e-02 4.409822449088e-02 4.661954194307e-02 4.683524370193e-02 7.003539055586e-02 1.695543825626e-01 4.428232908249e-01 5.434730052948e-01 5.403084754944e-01 1.049195528030e+00 1.215812325478e+00 1.425085425377e+00 9.086384773254e-01 1.174011349678e+00 8.626402020454e-01 9.673554897308e-01 1.141079425812e+00 2.279016017914e+00 1.438123106956e+00 8.463839888573e-01 6.913884878159e-01 7.109980583191e-01 6.984218955040e-01 6.743901968002e-01
4.031931981444e-02 4.205989837646e-02 5.317684635520e-02 6.717250496149e-02 1.456251591444e-01 9.037291407585e-01 5.899816751480e-01 7.926205545664e-02 4.641265049577e-02 4.092919453979e-02 3.435266017914e-02 2.903201617301e-02 2.273832447827e-02 1.938816532493e-02 1.726674661040e-02 1.904122158885e-02 1.974804140627e-02 1.925182901323e-02 2.774579823017e-02 3.540777787566e-02 4.001250118017e-02 3.980101272464e-02 4.976267740130e-02 8.082089573145e-02 2.514166831970e-01 4.985327124596e-01 2.961007952690e-01 3.879097998142e-01 3.612871766090e-01 1.861384153366e+00 2.706358432770e+00 1.467165827751e+00 8.056563138962e-01 1.101313829422e+00 4.359965622425e-01 4.589303731918e-01 1.698167562485e+00 8.173802495003e-01 6.658316850662e-01 5.094481110573e-01 5.233249068260e-01 5.834173560143e-01 6.285285949707e-01
3.374147042632e-02 3.671497479081e-02 4.304081946611e-02 5.443109944463e-02 6.149258464575e-02 8.556210249662e-02 9.459722042084e-02 6.451316922903e-02 3.365569189191e-02 3.472889587283e-02 3.042739816010e-02 2.788681164384e-02 2.282825298607e-02 1.844141446054e-02 1.886265724897e-02 1.922491379082e-02 2.053810656071e-02 2.040637284517e-02 2.336134016514e-02 3.000118210912e-02 3.567815572023e-02 3.793647140265e-02 3.993865847588e-02 6.632027029991e-02 1.858533322811e-01 1.150437816978e-01 1.107547506690e-01 1.812420785427e-01 4.119062423706e-01 8.151672482491e-01 8.543647527695e-01 1.078411698341e+00 1.705564260483e+00 9.220845103264e-01 8.786187171936e-01 6.830406188965e-01 6.980373263359e-01 5.913659930229e-01 3.148966431618e-01 3.930271565914e-01 3.838893473148e-01 4.129856526852e-01 5.196657776833e-01
2.651948295534e-02 2.989969030023e-02 3.562892973423e-02 4.368767887354e-02 4.695168882608e-02 5.220573395491e-02 5.522169917822e-02 3.458196297288e-02 2.943562529981e-02 3.070489130914e-02 2.861330099404e-02 2.479958720505e-02 2.071780897677e-02 1.859066821635e-02 1.841138862073e-02 2.108690328896e-02 2.061819285154e-02 1.772491633892e-02 2.063838206232e-02 2.620088495314e-02 3.101922757924e-02 3.630360960960e-02 5.125694349408e-02 5.368517711759e-02 5.455671995878e-02 7.613617926836e-02 7.387760281563e-02 1.814671903849e-01 2.541861534119e-01 3.413570523262e-01 7.094707489014e-01 1.238503336906e+00 9.226476550102e-01 1.669142842293e+00 1.075707197189e+00 6.050427556038e-01 5.033228993416e-01 4.572121500969e-01 5.486961007118e-01 5.166904926300e-01 6.440446972847e-01 6.321938633919e-01 7.358279824257e-01
2.447595633566e-02 2.426350489259e-02 2.730581909418e-02 3.092220611870e-02 3.332334011793e-02 3.281937167048e-02 3.139093890786e-02 3.022531419992e-02 3.270205110312e-02 3.231552615762e-02 3.009082190692e-02 2.620795741677e-02 2.143310010433e-02 1.905019208789e-02 1.721825264394e-02 1.680905371904e-02 1.894614659250e-02 1.920649781823e-02 1.954207383096e-02 2.359049953520e-02 2.732644043863e-02 3.213721886277e-02 4.926104843616e-02 5.539254844189e-02 5.970465391874e-02 1.239380910993e-01 1.703585833311e-01 2.187482416630e-01 3.067616820335e-01 3.309622406960e-01 7.241954207420e-01 1.372591257095e+00 6.499639749527e-01 6.929224133492e-01 1.216278791428e+00 1.027006864548e+00 7.208796143532e-01 6.131896972656e-01 7.650673985481e-01 3.942134976387e-01 5.234228968620e-01 6.308752894402e-01 7.534641027451e-01
2.011256851256e-02 2.282666228712e-02 2.396979928017e-02 2.416403219104e-02 2.706325985491e-02 2.919076569378e-02 3.144146129489e-02 2.790425531566e-02 2.684856951237e-02 2.769197151065e-02 2.973318845034e-02 2.957995608449e-02 2.545442618430e-02 2.163212187588e-02 2.050188928843e-02 1.856678165495e-02 1.599302701652e-02 1.775089278817e-02 2.010373771191e-02 2.223088592291e-02 2.441701665521e-02 2.812730707228e-02 4.191801324487e-02 4.095483943820e-02 4.554175585508e-02 1.120480298996e-01 2.393905520439e-01 3.229206204414e-01 4.540239572525e-01 2.385860085487e-01 7.032640576363e-01 3.519255220890e-01 3.774305880070e-01 4.383423328400e-01 7.000969648361e-01 7.652333378792e-01 9.793097972870e-01 8.909607529640e-01 6.695564985275e-01 5.719021558762e-01 4.389480352402e-01 4.724269509315e-01 3.785286247730e-01
1.971671171486e-02 2.179815247655e-02 2.168945968151e-02 2.201265469193e-02 2.352435328066e-02 2.623062208295e-02 2.838771604002e-02 2.535657025874e-02 1.999322324991e-02 2.135887369514e-02 2.317766472697e-02 2.701354213059e-02 2.804218977690e-02 2.330598793924e-02 2.201966755092e-02 2.671870030463e-02 2.368802390993e-02 1.925540715456e-02 2.096902020276e-02 2.183935977519e-02 2.659232728183e-02 2.952214889228e-02 3.288611024618e-02 4.085734859109e-02 4.740717262030e-02 8.183848112822e-02 1.721141636372e-01 2.051794528961e-01 2.816950380802e-01 1.596617698669e-01 3.393867015839e-01 2.609652876854e-01 4.332033097744e-01 2.651884853840e-01 5.237734913826e-01 3.896166682243e-01 6.169695854187e-01 7.576295733452e-01 6.686435937881e-01 9.009701013565e-01 8.186432123184e-01 6.543877720833e-01 5.841023921967e-01
1.898327656090e-02 2.051818743348e-02 1.973010413349e-02 2.002855204046e-02 2.011840790510e-02 1.965932920575e-02 2.177387475967e-02 2.058467082679e-02 2.468226104975e-02 2.671412192285e-02 2.425801940262e-02 2.439768984914e-02 2.680246904492e-02 2.790609002113e-02 2.564610913396e-02 3.311738371849e-02 2.948365919292e-02 2.255290001631e-02 2.264692075551e-02 2.247655950487e-02 2.582769282162e-02 2.802092954516e-02 3.173019364476e-02 4.212966561317e-02 4.951041191816e-02 7.337526232004e-02 1.102812364697e-01 1.270507723093e-01 1.366681754589e-01 1.727400124073e-01 2.896189987659e-01 4.435155093670e-01 2.984011173248e-01 6.962106227875e-01 2.487427890301e-01 3.249470889568e-01 6.599889397621e-01 9.244710206985e-01 4.526200890541e-01 5.115886330605e-01 3.274014294147e-01 6.144146323204e-01 5.430670976639e-01
1.693208143115e-02 1.829052902758e-02 1.758344098926e-02 1.723137497902e-02 1.599777489901e-02 1.621833816171e-02 1.711492985487e-02 2.268910780549e-02 2.818255685270e-02 2.895997837186e-02 2.531845681369e-02 2.784232422709e-02 3.095840662718e-02 3.011885844171e-02 2.990292012691e-02 3.117862343788e-02 3.337579220533e-02 3.901558369398e-02 3.497634083033e-02 3.141868114471e-02 3.227922692895e-02 3.471094742417e-02 4.146434366703e-02 4.286028072238e-02 5.133511498570e-02 6.310687959194e-02 1.043288484216e-01 1.035061553121e-01 1.870436221361e-01 3.779660463333e-01 4.692197740078e-01 2.387289106846e-01 2.395280003548e-01 7.102661132812e-01 3.813227415085e-01 4.695293605328e-01 4.167490899563e-01 5.393698811531e-01 3.938320279121e-01 1.512115597725e-01 1.439813375473e-01 1.944211572409e-01 3.836343288422e-01
1.556998025626e-02 1.558820530772e-02 1.548592653126e-02 1.526787877083e-02 1.567862555385e-02 1.659185439348e-02 1.762854680419e-02 2.115445956588e-02 2.372401952744e-02 2.247062511742e-02 2.656519971788e-02 2.859129011631e-02 2.776825055480e-02 2.919422276318e-02 3.993747383356e-02 5.555435642600e-02 6.293959170580e-02 7.968832552433e-02 7.944479584694e-02 8.560177683830e-02 6.110148876905e-02 5.812215805054e-02 6.738349795341e-02 5.643089860678e-02 6.445912271738e-02 8.908934146166e-02 2.652209401131e-01 2.475143969059e-01 2.423411756754e-01 3.264542520046e-01 1.821407377720e-01 1.919534802437e-01 2.550100088120e-01 1.481771320105e-01 7.957443594933e-01 1.108793258667e+00 9.897394180298e-01 2.298821955919e-01 1.089774668217e-01 9.018679708242e-02 8.814951032400e-02 1.041660234332e-01 1.098480969667e-01
1.446751412004e-02 1.500914152712e-02 1.445093285292e-02 1.554992422462e-02 1.666604541242e-02 1.906895637512e-02 1.907544210553e-02 2.206929400563e-02 2.417792193592e-02 2.811540663242e-02 2.923831343651e-02 3.471452370286e-02 3.639110550284e-02 3.367502987385e-02 8.173009008169e-02 2.933135330677e-01 2.318272888660e-01 1.371785998344e-01 1.543439179659e-01 1.921726465225e-01 1.420834809542e-01 7.457213848829e-02 8.676451444626e-02 1.086626201868e-01 1.056624725461e-01 1.971945166588e-01 2.771035134792e-01 2.439999133348e-01 2.003306001425e-01 1.802714467049e-01 2.047328650951e-01 1.895604729652e-01 1.446123421192e-01 1.209111809731e-01 2.044894695282e-01 9.382908344269e-01 9.772728681564e-01 2.016027420759e-01 7.195666432381e-02 7.330500334501e-02 6.610038876534e-02 6.351673603058e-02 1.042934209108e-01
1.450235396624e-02 1.562595181167e-02 1.975153200328e-02 2.207337319851e-02 2.021401189268e-02 3.350201621652e-02 3.938668221235e-02 4.012602567673e-02 3.400616347790e-02 3.326158970594e-02 3.661129251122e-02 4.601930454373e-02 4.589107260108e-02 1.693253666162e-01 1.197307109833e+00 1.508478760719e+00 7.041066884995e-01 3.989084362984e-01 3.193097114563e-01 2.476739436388e-01 1.181481480598e-01 1.186276301742e-01 2.580921053886e-01 5.505409240723e-01 4.514998495579e-01 2.406976521015e-01 2.814951241016e-01 2.293965965509e-01 2.428258806467e-01 1.657667309046e-01 4.090493619442e-01 1.641615927219e-01 1.278105825186e-01 9.039664268494e-02 6.019427627325e-02 1.934919208288e-01 2.134923338890e-01 5.227219313383e-02 3.526140004396e-02 4.149343445897e-02 5.130088701844e-02 5.735136196017e-02 5.363313853741e-02
1.775233633816e-02 2.790832147002e-02 3.803213313222e-02 4.132505878806e-02 5.322903767228e-02 7.076406478882e-02 6.952513009310e-02 6.133370473981e-02 5.274261906743e-02 4.067854210734e-02 4.941248148680e-02 5.465516075492e-02 3.039266467094e-01 1.677026748657e+00 2.295242071152e+00 8.009600639343e-01 2.508004307747e-01 1.536896526814e-01 1.570198088884e-01 1.374978423119e-01 1.312463730574e-01 2.987971305847e-01 5.891037583351e-01 7.813493013382e-01 6.284929513931e-01 3.230905234814e-01 2.234337627888e-01 1.635247766972e-01 1.486583054066e-01 1.320179253817e-01 1.761277765036e-01 8.191942423582e-02 9.272339195013e-02 7.518472522497e-02 4.725344851613e-02 2.803440019488e-02 2.316164411604e-02 2.258409373462e-02 2.370396256447e-02 2.952252514660e-02 3.964121639729e-02 5.013532936573e-02 5.129500851035e-02
2.938075363636e-02 4.390869289637e-02 5.831130221486e-02 7.866575568914e-02 1.522500813007e-01 1.500196754932e-01 2.097359895706e-01 1.529870927334e-01 1.739516407251e-01 1.033400073647e-01 5.774082243443e-02 3.960846364498e-01 1.596623539925e+00 1.590373516083e+00 4.164347350597e-01 1.245021373034e-01 2.303741872311e-01 3.042083382607e-01 2.149790823460e-01 2.500519454479e-01 3.026343286037e-01 3.046429455280e-01 4.451978206635e-01 3.640665411949e-01 2.456797063351e-01 1.917852461338e-01 1.195924878120e-01 4.628716036677e-02 4.795337468386e-02 4.705062881112e-02 6.028610095382e-02 4.411902651191e-02 3.889012709260e-02 2.689549326897e-02 2.750755846500e-02 2.802463620901e-02 2.893392741680e-02 3.037768974900e-02 3.231382369995e-02 3.481219708920e-02 3.521100804210e-02 4.207993671298e-02 5.336222052574e-02
