VariationalSeries/SI/f90.grd
DSAA
101	101
32.816463539100	34.260883539100
35.556306596100	36.727886596100
2.360718644923e-04	3.945671081543e+01
[rows 38 to 56 of 101, columns 43 to 85 of 101]
2.399422883987e+00 3.723088979721e+00 3.988224029541e+00 2.349485635757e+00 3.958119392395e+00 1.936967849731e+00 1.988130450249e+00 2.687310695648e+00 2.293855428696e+00 1.841945767403e+00 2.710835933685e+00 1.405573010445e+00 1.549109578133e+00 1.311658740044e+00 2.034655809402e+00 1.482060313225e+00 1.601822137833e+00 9.146495461464e-01 1.243222594261e+00 1.885875701904e+00 1.920786142349e+00 1.471486091614e+00 1.014622569084e+00 8.033645749092e-01 6.914653778076e-01 6.213160157204e-01 5.801545977592e-01 5.936513543129e-01 5.277290940285e-01 3.961157798767e-01 3.935153484344e-01 4.657602906227e-01 5.322098135948e-01 5.472047328949e-01 5.548449158669e-01 5.559134483337e-01 5.473741292953e-01 5.054885149002e-01 4.488153755665e-01 3.999591469765e-01 3.603552877903e-01 3.596110343933e-01 3.057533204556e-01
2.376514434814e+00 4.941114425659e+00 3.196841716766e+00 4.462033748627e+00 3.206560134888e+00 4.518313884735e+00 3.813127756119e+00 2.359282493591e+00 2.388565301895e+00 1.908918023109e+00 3.079668760300e+00 1.994763016701e+00 1.285881161690e+00 1.486534833908e+00 2.703608512878e+00 1.609656691551e+00 1.845761299133e+00 2.883057594299e+00 2.583369493484e+00 1.749791502953e+00 1.180989623070e+00 8.024112582207e-01 7.337940931320e-01 6.609548330307e-01 6.653476357460e-01 6.358219981194e-01 5.572010278702e-01 4.858645796776e-01 4.381685256958e-01 4.369376897812e-01 4.796667397022e-01 4.505087137222e-01 3.696708679199e-01 3.143043518066e-01 3.037373721600e-01 2.620264589787e-01 2.781764268875e-01 3.057311475277e-01 3.364331126213e-01 3.723910152912e-01 4.032853841782e-01 5.300170779228e-01 5.468858480453e-01
3.493832826614e+00 2.450466632843e+00 4.351450443268e+00 3.435088872910e+00 3.661629676819e+00 4.767988204956e+00 2.900570631027e+00 2.642177581787e+00 1.890003085136e+00 1.961745977402e+00 3.298076868057e+00 1.788290262222e+00 1.833931684494e+00 1.799174070358e+00 2.196079492569e+00 3.546578407288e+00 2.419088602066e+00 1.250700473785e+00 1.167291998863e+00 7.740530371666e-01 5.898594856262e-01 8.468220829964e-01 1.112133264542e+00 1.001634240150e+00 7.217817306519e-01 6.288276314735e-01 6.146463155746e-01 5.665460824966e-01 4.892330169678e-01 4.546929299831e-01 4.275364577770e-01 4.340644478798e-01 4.152168333530e-01 3.859831988811e-01 3.773142099380e-01 3.965072631836e-01 3.911435306072e-01 3.550743162632e-01 4.681710302830e-01 6.384512186050e-01 5.249415040016e-01 3.901605606079e-01 3.376969695091e-01
3.901112318039e+00 3.557690858841e+00 5.676397800446e+00 4.744258403778e+00 4.498198509216e+00 4.948844909668e+00 4.645625591278e+00 2.557939767838e+00 2.884967803955e+00 2.749155759811e+00 3.234815359116e+00 2.542794466019e+00 2.363467693329e+00 4.022857189178e+00 2.592944860458e+00 1.915626525879e+00 1.629670500755e+00 1.318857192993e+00 9.703095555305e-01 1.559303045273e+00 1.679265618324e+00 8.827202916145e-01 1.394980549812e+00 1.061411380768e+00 9.547982215881e-01 8.416152000427e-01 7.429956793785e-01 6.641705632210e-01 5.980548262596e-01 5.756711363792e-01 1.075997591019e+00 4.569608569145e-01 4.341393411160e-01 4.107608795166e-01 5.198209881783e-01 6.484676003456e-01 5.934072732925e-01 6.791554093361e-01 5.730378031731e-01 6.287251114845e-01 6.346499323845e-01 6.210002899170e-01 5.704668164253e-01
3.723926305771e+00 5.133171081543e+00 4.443441390991e+00 4.410122871399e+00 4.096046924591e+00 5.196832656860e+00 8.168972969055e+00 3.542407751083e+00 4.115151405334e+00 4.121984481812e+00 3.737231492996e+00 3.732914447784e+00 4.294189929962e+00 2.450844526291e+00 2.647350549698e+00 1.490839600563e+00 2.009719610214e+00 2.685828208923e+00 2.113174676895e+00 2.029690504074e+00 2.109058141708e+00 1.421350717545e+00 8.798936009407e-01 8.537123203278e-01 7.913971543312e-01 7.455421090126e-01 9.045600891113e-01 1.562678456306e+00 1.874140143394e+00 1.660938739777e+00 8.191717863083e-01 5.916791558266e-01 5.613563656807e-01 6.094973087311e-01 7.647544145584e-01 7.844228744507e-01 7.107169032097e-01 6.359578371048e-01 4.691384732723e-01 5.840214490891e-01 6.981479525566e-01 6.970625519753e-01 6.706947684288e-01
4.403188228607e+00 6.410189151764e+00 1.054933643341e+01 6.489069461823e+00 1.040012645721e+01 5.386340618134e+00 1.281521701813e+01 3.672567605972e+00 7.065354347229e+00 5.152810096741e+00 4.485261917114e+00 4.405957698822e+00 2.482747077942e+00 3.037976264954e+00 3.417567968369e+00 3.338934898376e+00 2.068379640579e+00 1.231702327728e+00 2.645086765289e+00 2.286968946457e+00 1.253267049789e+00 1.143805861473e+00 1.081827998161e+00 1.967975735664e+00 2.418306350708e+00 2.135734081268e+00 1.404881477356e+00 1.014102220535e+00 1.101636886597e+00 6.961519122124e-01 5.555902719498e-01 8.332733511925e-01 1.035879254341e+00 9.297003149986e-01 8.205984234810e-01 1.104503631592e+00 1.308344602585e+00 1.169857621193e+00 8.387924432755e-01 6.084446310997e-01 7.604742050171e-01 8.353661894798e-01 8.813320994377e-01
5.450705051422e+00 6.852202892303e+00 8.088914871216e+00 1.071170234680e+01 8.947593688965e+00 9.094689369202e+00 1.505563640594e+01 5.951892852783e+00 6.959336280823e+00 5.481519222260e+00 5.507117748260e+00 3.193970441818e+00 3.433216094971e+00 4.284333705902e+00 3.345001220703e+00 2.401378631592e+00 3.458294391632e+00 3.211228609085e+00 2.541823387146e+00 3.215490579605e+00 3.254038572311e+00 2.820551633835e+00 2.017134189606e+00 1.102592349052e+00 1.210107326508e+00 1.091209173203e+00 8.686065077782e-01 8.958389163017e-01 9.627805352211e-01 1.034492492676e+00 1.007196545601e+00 8.594656586647e-01 8.256335854530e-01 6.928896903992e-01 1.261304497719e+00 1.541006803513e+00 1.444586753845e+00 1.063957214355e+00 6.445729136467e-01 3.985202610493e-01 5.527467727661e-01 6.342239975929e-01 5.836536288261e-01
5.140840530396e+00 7.535430908203e+00 8.965816497803e+00 8.577229499817e+00 1.275015735626e+01 9.548489570618e+00 1.535312557220e+01 8.445352554321e+00 7.230690479279e+00 8.011218070984e+00 6.135942459106e+00 4.015498161316e+00 4.012505531311e+00 4.279137611389e+00 2.469359159470e+00 3.664131879807e+00 4.725856304169e+00 3.253188133240e+00 1.929266333580e+00 1.906862378120e+00 1.683192610741e+00 1.307848215103e+00 1.259932279587e+00 1.392458796501e+00 1.392704725266e+00 1.230048179626e+00 1.065755009651e+00 1.040800929070e+00 8.662587404251e-01 9.548365473747e-01 9.115833044052e-01 8.313295841217e-01 5.770981907845e-01 1.054152369499e+00 1.257521033287e+00 1.192155599594e+00 8.326770067215e-01 4.503684043884e-01 6.195496916771e-01 5.830009579659e-01 4.364998638630e-01 4.116451144218e-01 4.449223875999e-01
7.633501052856e+00 1.066061115265e+01 1.088735294342e+01 1.191439914703e+01 1.297426891327e+01 1.630475044250e+01 1.538546276093e+01 2.979570579529e+01 1.098233509064e+01 6.949864864349e+00 6.458763122559e+00 5.776323795319e+00 4.909335613251e+00 7.460985183716e+00 6.536182880402e+00 3.806624650955e+00 3.514029502869e+00 3.644954681396e+00 2.666950464249e+00 2.370364189148e+00 2.347632646561e+00 2.232335090637e+00 2.378965854645e+00 1.772585868835e+00 2.285716295242e+00 2.022162199020e+00 1.273608803749e+00 1.159437537193e+00 1.172095060349e+00 1.093326568604e+00 9.330412149429e-01 9.016011953354e-01 9.400642514229e-01 1.081880092621e+00 1.005796790123e+00 7.718961238861e-01 5.912174582481e-01 5.345803499222e-01 5.209727287292e-01 5.152231454849e-01 5.035915970802e-01 4.850215315819e-01 4.652529954910e-01
4.860435485840e+00 1.410924053192e+01 9.775680541992e+00 1.220537853241e+01 1.931471824646e+01 1.559147357941e+01 1.849406814575e+01 2.183243179321e+01 1.074396419525e+01 1.017407512665e+01 1.293183040619e+01 8.232975959778e+00 1.021083641052e+01 7.938450813293e+00 6.641915798187e+00 5.789947986603e+00 4.919211387634e+00 4.254506111145e+00 3.752393245697e+00 5.263187885284e+00 6.145453453064e+00 2.562175273895e+00 1.669993758202e+00 1.680366277695e+00 2.359102487564e+00 1.490715742111e+00 1.288364410400e+00 1.230232119560e+00 1.132734060287e+00 1.077477693558e+00 1.034456372261e+00 1.069634079933e+00 1.131677865982e+00 9.674175977707e-01 7.403993010521e-01 6.929183602333e-01 6.560010910034e-01 5.356142520905e-01 5.297882556915e-01 5.287213921547e-01 4.878627955914e-01 4.998286068439e-01 5.249215960503e-01
1.302823925018e+01 1.527614974976e+01 1.744901847839e+01 1.841741752625e+01 2.142012405396e+01 2.968598365784e+01 3.945671081543e+01 1.814324569702e+01 1.463081073761e+01 1.024927043915e+01 1.458678436279e+01 1.453203392029e+01 5.448189735413e+00 8.731751441956e+00 9.583735466003e+00 4.763728618622e+00 4.388556480408e+00 4.644554138184e+00 5.114774703979e+00 6.013291358948e+00 4.628824710846e+00 1.987199306488e+00 2.225325822830e+00 1.844137907028e+00 1.716762900352e+00 1.469473481178e+00 1.428239822388e+00 1.417000412941e+00 1.177353262901e+00 8.172470927238e-01 7.332251071930e-01 8.030532598495e-01 8.521242141724e-01 8.751434087753e-01 8.580234050751e-01 8.213226795197e-01 7.319096326828e-01 7.516527771950e-01 8.374241590500e-01 8.570992946625e-01 7.670115828514e-01 6.653315424919e-01 5.803760886192e-01
8.740886688232e+00 1.557065773010e+01 1.611154937744e+01 2.044910430908e+01 2.025084877014e+01 2.002820014954e+01 1.967855834961e+01 1.622379875183e+01 1.136052513123e+01 1.298249053955e+01 1.243028354645e+01 1.299440288544e+01 1.573686599731e+01 6.855047225952e+00 5.861773967743e+00 3.641669750214e+00 3.307341337204e+00 2.337584972382e+00 2.157297611237e+00 1.837036967278e+00 1.580306053162e+00 1.789433598518e+00 2.204630851746e+00 2.535478115082e+00 2.593302011490e+00 2.273499488831e+00 1.810488104820e+00 1.253583669662e+00 8.665834665298e-01 7.143917679787e-01 5.873174667358e-01 6.614247560501e-01 8.593233227730e-01 5.696884989738e-01 6.502252817154e-01 7.100998163223e-01 5.671144127846e-01 6.951765418053e-01 8.213213682175e-01 8.699359297752e-01 9.867876172066e-01 1.238977909088e+00 1.405973196030e+00
3.422618389130e+00 4.656640529633e+00 7.397230148315e+00 3.493086242676e+01 1.914792442322e+01 1.829623794556e+01 1.026425075531e+01 1.051623153687e+01 9.729757308960e+00 1.545860671997e+01 1.442229270935e+01 2.047065353394e+01 2.962255668640e+01 2.172353553772e+01 1.413034629822e+01 6.497795104980e+00 3.052524328232e+00 2.172741889954e+00 1.995197534561e+00 2.666767120361e+00 3.471020698547e+00 3.212969779968e+00 2.370287179947e+00 1.522605895996e+00 1.675922751427e+00 1.583712100983e+00 2.254766702652e+00 3.355471611023e+00 1.554782509804e+00 8.244277238846e-01 7.635350227356e-01 1.252663135529e+00 8.117809891701e-01 5.113356709480e-01 4.520007073879e-01 4.670702517033e-01 4.705523550510e-01 4.841617643833e-01 4.927160739899e-01 4.922606348991e-01 4.929096698761e-01 5.452280640602e-01 4.757115542889e-01
6.218121051788e-01 1.532500863075e+00 3.688692808151e+00 4.950646877289e+00 5.063367366791e+00 4.943000793457e+00 3.856961011887e+00 5.291201114655e+00 5.225318908691e+00 8.400030136108e+00 1.708470535278e+01 1.927799034119e+01 2.652370071411e+01 1.524297332764e+01 1.091757392883e+01 6.162638664246e+00 2.809467315674e+00 1.471144914627e+00 1.570037961006e+00 3.430557250977e+00 1.091565799713e+01 4.553479671478e+00 3.892660140991e+00 2.927155256271e+00 2.982011795044e+00 2.559594869614e+00 2.739460229874e+00 1.918373465538e+00 9.566720724106e-01 1.261486649513e+00 1.064341902733e+00 1.070868492126e+00 6.537565588951e-01 5.930373072624e-01 4.137324392796e-01 3.769935667515e-01 3.901842236519e-01 3.898316621780e-01 4.209576845169e-01 3.905650377274e-01 5.082758069038e-01 5.968866944313e-01 5.772660374641e-01
4.293642342091e-01 7.999616861343e-01 2.323474645615e+00 1.346052169800e+00 1.205626368523e+00 9.857020378113e-01 1.505564570427e+00 2.469750165939e+00 2.586030960083e+00 2.736097812653e+00 7.760833263397e+00 3.784816360474e+01 3.030920410156e+01 1.361851119995e+01 6.276055812836e+00 1.809763312340e+00 1.085480570793e+00 7.125822901726e-01 8.852661848068e-01 2.270829200745e+00 5.204635143280e+00 9.060295104980e+00 4.533536434174e+00 3.448217153549e+00 2.719997167587e+00 2.040864706039e+00 2.158273458481e+00 2.020553827286e+00 1.772592306137e+00 1.598076820374e+00 1.945563793182e+00 8.344216346741e-01 7.725680470467e-01 6.248151659966e-01 6.387563943863e-01 5.953817367554e-01 4.991559982300e-01 4.241604804993e-01 4.866119027138e-01 5.616102814674e-01 6.577552556992e-01 6.474391818047e-01 5.521554350853e-01
2.889607548714e-01 1.193066716194e+00 2.792977809906e+00 2.040515661240e+00 5.127331018448e-01 6.028055548668e-01 5.778768062592e-01 1.164315700531e+00 1.270887255669e+00 2.032364130020e+00 3.922294616699e+00 1.037460422516e+01 2.221382713318e+01 1.527760219574e+01 2.068667602539e+01 4.981341838837e+00 6.149533987045e-01 3.868565261364e-01 6.098567843437e-01 2.031830787659e+00 6.139577388763e+00 9.664364814758e+00 7.364558696747e+00 5.010633945465e+00 3.481821060181e+00 2.192203044891e+00 2.488999605179e+00 1.842043519020e+00 1.781976342201e+00 1.773015856743e+00 1.472507596016e+00 1.173920750618e+00 8.265344500542e-01 8.815320134163e-01 7.938953042030e-01 6.289853453636e-01 5.588175058365e-01 5.182707309723e-01 4.823181927204e-01 5.630925297737e-01 6.176415085793e-01 6.005606055260e-01 5.320761799812e-01
2.474984973669e-01 6.091386079788e-01 4.129544258118e+00 4.986517429352e+00 2.613395214081e+00 4.053633213043e-01 3.085453510284e-01 5.789050459862e-01 5.784299373627e-01 4.739044010639e-01 3.994762003422e-01 1.662309050560e+00 7.520644664764e+00 4.314052104950e+00 2.502855491638e+01 3.034790754318e+00 1.701517105103e+00 6.398470997810e-01 5.423199534416e-01 1.756644725800e+00 3.435066461563e+00 3.046542930603e+01 9.448345184326e+00 4.109607219696e+00 4.156324386597e+00 2.197028398514e+00 2.358372211456e+00 2.009474515915e+00 2.863672971725e+00 2.198917150497e+00 1.261109828949e+00 1.254331111908e+00 1.168982386589e+00 1.112854599953e+00 1.092435598373e+00 8.708537817001e-01 8.627550601959e-01 9.542751312256e-01 6.164450049400e-01 4.728029370308e-01 4.664615392685e-01 4.607026875019e-01 5.290917754173e-01
1.593152284622e-01 2.745406031609e-01 3.418623805046e-01 1.940715432167e+00 1.197612524033e+00 2.885108888149e-01 2.453926056623e-01 2.875337004662e-01 2.693711221218e-01 2.589836716652e-01 1.877412348986e-01 2.097440958023e-01 6.408478617668e-01 3.957945108414e+00 1.133419513702e+01 2.783361911774e+00 2.315414428711e+00 1.088553547859e+00 6.400570273399e-01 1.256708264351e+00 1.475196480751e+00 2.007190465927e+00 1.841942191124e+00 1.393668889999e+00 2.035612344742e+00 3.390699148178e+00 2.963902711868e+00 2.956304550171e+00 1.909601688385e+00 2.486879825592e+00 2.593941688538e+00 2.259637117386e+00 1.379209756851e+00 1.148229837418e+00 1.099430561066e+00 9.596548676491e-01 8.200193643570e-01 8.359235525131e-01 8.099319934845e-01 5.361252427101e-01 4.417525529861e-01 4.550350606441e-01 4.875521957874e-01
1.742005050182e-01 2.785283327103e-01 1.832695007324e-01 2.073154598475e-01 2.107182890177e-01 2.470572888851e-01 2.267496138811e-01 2.121101468801e-01 1.961249262094e-01 1.491713672876e-01 1.051556169987e-01 8.885639160872e-02 1.480770707130e-01 4.111612796783e+00 6.427450656891e+00 6.581988811493e+00 1.895351052284e+00 2.018748521805e+00 1.759325742722e+00 7.301627397537e-01 7.924392819405e-01 1.486433982849e+00 4.055164337158e+00 3.883249521255e+00 5.058962345123e+00 5.087052822113e+00 4.765564918518e+00 4.498580455780e+00 4.257689952850e+00 4.057315826416e+00 4.315863609314e+00 5.284783363342e+00 4.516823291779e+00 1.846538543701e+00 7.510264515877e-01 8.860357999802e-01 9.698170423508e-01 6.700245141983e-01 6.651626229286e-01 4.702055752277e-01 4.646475017071e-01 3.393433690071e-01 3.850077092648e-01
