VariationalSeries/SI/f91_max.grd
DSAA
101	101
32.816463539100	34.260883539100
35.556306596100	36.727886596100
2.801307709888e-04	4.684405899048e+01
[rows 19 to 37 of 101, columns 43 to 85 of 101]
4.548928141594e-01 5.623510479927e-01 7.311821579933e-01 7.452592849731e-01 4.836044311523e-01 7.450845241547e-01 3.754712343216e-01 3.950651288033e-01 4.230899810791e-01 4.291734397411e-01 3.917165994644e-01 5.802266597748e-01 6.994469165802e-01 6.951745152473e-01 4.614726006985e-01 5.635723471642e-01 7.428473830223e-01 6.963868141174e-01 3.838813602924e-01 6.190448403358e-01 2.843589782715e-01 3.997081816196e-01 5.364621877670e-01 2.649171352386e-01 2.634402811527e-01 3.079655468464e-01 2.542814314365e-01 3.230531811714e-01 2.996917068958e-01 2.373199015856e-01 2.558088302612e-01 3.496741354465e-01 3.947961032391e-01 3.057696819305e-01 2.747181952000e-01 2.211273312569e-01 1.518852263689e-01 1.688715666533e-01 1.868200600147e-01 1.555517315865e-01 1.431976854801e-01 1.268974244595e-01 1.379422992468e-01
4.107685983181e-01 5.509706139565e-01 7.814279198647e-01 9.012919664383e-01 6.526045203209e-01 6.588633060455e-01 3.863906264305e-01 4.186474978924e-01 3.668006360531e-01 4.594323933125e-01 4.807827174664e-01 5.428205728531e-01 7.489391565323e-01 7.397401332855e-01 5.717406868935e-01 6.125497221947e-01 7.254996299744e-01 7.871384620667e-01 4.531302750111e-01 5.986976623535e-01 3.250977993011e-01 6.059005260468e-01 7.540630102158e-01 3.493068218231e-01 3.074172437191e-01 3.153239190578e-01 3.155763745308e-01 3.341528177261e-01 2.603419721127e-01 2.525557577610e-01 3.532097935677e-01 4.612914323807e-01 4.119834899902e-01 3.302866518497e-01 2.686419188976e-01 2.214154452085e-01 1.607394963503e-01 1.974669843912e-01 1.530138701200e-01 1.288887560368e-01 1.374246627092e-01 1.210313588381e-01 1.260547935963e-01
4.426206350327e-01 6.288454532623e-01 7.215744853020e-01 9.434367418289e-01 8.041359186172e-01 5.638993978500e-01 3.863913714886e-01 4.436770677567e-01 3.515083193779e-01 4.300087690353e-01 4.535419046879e-01 5.187966227531e-01 7.118626832962e-01 8.078232407570e-01 6.894212365150e-01 6.546811461449e-01 6.950801610947e-01 8.605368137360e-01 5.167471766472e-01 5.548314452171e-01 3.655188381672e-01 7.509341239929e-01 8.258838057518e-01 3.927984535694e-01 3.003264963627e-01 3.697198331356e-01 3.562350869179e-01 2.890539467335e-01 2.441506683826e-01 3.514428436756e-01 4.925829768181e-01 4.775494635105e-01 3.225574791431e-01 3.768071234226e-01 2.662547230721e-01 2.038428038359e-01 1.911982446909e-01 2.030792981386e-01 1.676591485739e-01 1.305140703917e-01 1.284864693880e-01 9.507624059916e-02 9.389591217041e-02
4.226404726505e-01 5.928012132645e-01 6.118863821030e-01 9.006108045578e-01 8.899396061897e-01 5.887550711632e-01 5.126044154167e-01 4.700997173786e-01 3.463358581066e-01 3.767071962357e-01 4.406021237373e-01 5.258467197418e-01 5.909715890884e-01 8.488632440567e-01 7.680639028549e-01 6.376478672028e-01 6.428011655807e-01 9.232333898544e-01 5.692858695984e-01 4.972274303436e-01 4.057816565037e-01 7.459744811058e-01 7.199376225471e-01 3.439079523087e-01 3.245100975037e-01 3.883491456509e-01 3.233014047146e-01 2.614676356316e-01 3.699759840965e-01 5.213057398796e-01 5.124610662460e-01 3.559493720531e-01 2.717904746532e-01 3.915578424931e-01 1.914476752281e-01 1.903354525566e-01 2.360737025738e-01 1.788842380047e-01 1.923198401928e-01 1.228214129806e-01 1.369956582785e-01 1.144177913666e-01 1.032687649131e-01
3.437842130661e-01 4.123266637325e-01 6.341239809990e-01 7.976687550545e-01 8.968756794930e-01 5.965554118156e-01 6.378149390221e-01 5.351336002350e-01 3.754921257496e-01 3.216096460819e-01 4.591798186302e-01 5.132734775543e-01 6.085243821144e-01 9.119470715523e-01 7.781377434731e-01 6.029312014580e-01 5.786148309708e-01 9.617658853531e-01 6.074200868607e-01 5.984911918640e-01 4.730906486511e-01 6.134312748909e-01 5.370736718178e-01 3.189593553543e-01 4.043740332127e-01 3.756077885628e-01 2.740245759487e-01 3.947474062443e-01 5.652220845222e-01 5.492209196091e-01 3.727730214596e-01 2.207862287760e-01 2.938149869442e-01 3.673628866673e-01 1.976023316383e-01 2.040031105280e-01 2.488148212433e-01 1.872404664755e-01 2.110246568918e-01 1.281405836344e-01 1.301631182432e-01 1.077558472753e-01 1.095782816410e-01
4.461176097393e-01 4.431430995464e-01 7.163307070732e-01 6.745744347572e-01 8.526763319969e-01 6.662016510963e-01 6.114386320114e-01 6.774414181709e-01 5.887780189514e-01 4.499552249908e-01 4.911093115807e-01 4.847131073475e-01 6.637644171715e-01 9.757654070854e-01 6.993318796158e-01 5.782649517059e-01 4.931606054306e-01 9.838963150978e-01 7.642723917961e-01 6.612760424614e-01 5.598205327988e-01 5.950037240982e-01 3.599876165390e-01 3.901576995850e-01 4.150904119015e-01 2.794464528561e-01 4.287407100201e-01 6.097957491875e-01 5.803986191750e-01 3.888534307480e-01 2.082331478596e-01 1.657189130783e-01 3.930554986000e-01 3.071124255657e-01 1.880042701960e-01 2.646738588810e-01 2.287293821573e-01 1.887091398239e-01 2.241995781660e-01 1.586513221264e-01 1.132274046540e-01 1.078627556562e-01 9.486874938011e-02
7.004804015160e-01 4.333293139935e-01 4.312441945076e-01 7.418630123138e-01 7.859630584717e-01 7.038253545761e-01 5.426403284073e-01 6.200619339943e-01 7.051275372505e-01 6.927609443665e-01 5.905857086182e-01 7.297941446304e-01 7.217735648155e-01 1.014596700668e+00 6.056973338127e-01 5.231971740723e-01 6.886630654335e-01 9.913948178291e-01 8.650372624397e-01 6.341548562050e-01 6.037089824677e-01 6.419458389282e-01 4.042293131351e-01 4.250906407833e-01 3.468436896801e-01 4.488727152348e-01 6.643292307854e-01 6.223257780075e-01 4.047321975231e-01 2.654377222061e-01 3.733991980553e-01 2.309162020683e-01 4.586958885193e-01 2.682572305202e-01 2.199974805117e-01 2.831650674343e-01 2.751283645630e-01 1.934509873390e-01 2.314668893814e-01 1.751584857702e-01 1.049201115966e-01 1.013401672244e-01 1.174157261848e-01
9.366341233253e-01 4.457544684410e-01 4.356065690517e-01 6.839250326157e-01 7.084144949913e-01 7.209624648094e-01 5.856080651283e-01 6.003826856613e-01 5.865521430969e-01 7.598291039467e-01 8.291963338852e-01 7.394587397575e-01 7.798734903336e-01 1.028494954109e+00 5.261697769165e-01 8.069041371346e-01 9.662496447563e-01 9.932540655136e-01 8.407107591629e-01 5.025804042816e-01 5.737377405167e-01 5.883455872536e-01 4.081395864487e-01 3.511407971382e-01 4.526254236698e-01 7.068678736687e-01 6.817790269852e-01 4.268419444561e-01 3.763819038868e-01 5.200043320656e-01 4.720115065575e-01 4.285376071930e-01 4.469278752804e-01 3.001106977463e-01 2.833924293518e-01 2.347197979689e-01 3.000057339668e-01 2.047245800495e-01 2.323192059994e-01 1.741340458393e-01 1.119409278035e-01 1.286143213511e-01 1.659082025290e-01
1.022705078125e+00 4.580335319042e-01 5.270704030991e-01 4.541797339916e-01 7.744805812836e-01 7.291278243065e-01 6.227969527245e-01 6.380542516708e-01 5.982592105865e-01 7.598751187325e-01 7.998128533363e-01 6.969878077507e-01 8.321231007576e-01 9.915121793747e-01 8.795472383499e-01 1.068896293640e+00 1.031536459923e+00 9.657819867134e-01 5.715528726578e-01 5.107057094574e-01 5.903838276863e-01 5.944958925247e-01 4.201774299145e-01 4.334138035774e-01 7.372130751610e-01 7.526156902313e-01 4.716311097145e-01 3.850451111794e-01 5.658552050591e-01 4.694631099701e-01 3.814664483070e-01 4.204020798206e-01 3.465165793896e-01 3.276540338993e-01 2.808509171009e-01 1.945399791002e-01 2.938419282436e-01 2.208920270205e-01 2.278061658144e-01 1.577121764421e-01 1.372056603432e-01 1.841059625149e-01 2.080395966768e-01
8.979825973511e-01 6.692422628403e-01 6.105367541313e-01 4.320767521858e-01 5.656527280807e-01 7.347314357758e-01 7.743192911148e-01 6.785619854927e-01 7.908789515495e-01 1.162090778351e+00 6.657586097717e-01 6.155065298080e-01 8.668898940086e-01 9.129977226257e-01 1.140862345695e+00 1.103052735329e+00 9.554712772369e-01 9.345960021019e-01 6.280102133751e-01 6.863629221916e-01 6.132953166962e-01 5.919111967087e-01 3.960142433643e-01 7.482928037643e-01 8.296508789062e-01 5.362335443497e-01 4.399864077568e-01 6.000895500183e-01 5.307643413544e-01 3.474782407284e-01 5.059919953346e-01 4.413192868233e-01 2.615211308002e-01 3.018437027931e-01 2.495861053467e-01 2.680904269218e-01 2.674774229527e-01 2.418399602175e-01 2.210964858532e-01 2.036699801683e-01 2.283784747124e-01 2.563051879406e-01 2.161034643650e-01
6.063080430031e-01 1.007882475853e+00 6.687579751015e-01 5.311923623085e-01 6.367447972298e-01 7.225496172905e-01 6.916626095772e-01 7.267780303955e-01 1.037386775017e+00 1.438832283020e+00 9.669027328491e-01 6.708704829216e-01 8.738729953766e-01 1.087290525436e+00 1.162910699844e+00 1.600227713585e+00 8.495244383812e-01 8.671426177025e-01 7.035030722618e-01 6.943756341934e-01 6.300848126411e-01 5.824516415596e-01 7.411063313484e-01 8.808924555779e-01 6.047700047493e-01 4.953570067883e-01 5.924198627472e-01 5.925751924515e-01 5.058008432388e-01 5.075691938400e-01 5.374638438225e-01 3.025540113449e-01 2.859983146191e-01 2.579900622368e-01 2.219768613577e-01 2.075609266758e-01 3.621933758259e-01 2.858397066593e-01 2.630793750286e-01 3.046089112759e-01 3.034769892693e-01 2.226804196835e-01 1.482811421156e-01
6.784891486168e-01 1.116797924042e+00 6.918112635612e-01 5.872648954391e-01 7.510508298874e-01 6.928591132164e-01 7.203331589699e-01 9.084058403969e-01 1.196509838104e+00 1.445908784866e+00 1.155246257782e+00 1.147044420242e+00 1.014643073082e+00 1.192513227463e+00 1.401932716370e+00 2.028319358826e+00 8.841951489449e-01 9.578183889389e-01 9.499508738518e-01 7.768493294716e-01 6.153202652931e-01 7.395686507225e-01 9.266576766968e-01 6.660552024841e-01 5.547931194305e-01 5.849620699883e-01 5.653204321861e-01 6.240637302399e-01 6.075749993324e-01 6.110337376595e-01 4.599032700062e-01 2.502547800541e-01 3.419895768166e-01 2.102854102850e-01 2.193170040846e-01 2.241444736719e-01 4.992424547672e-01 3.344366550446e-01 3.509075045586e-01 2.825644612312e-01 1.716474145651e-01 9.905499219894e-02 9.830528497696e-02
1.344301342964e+00 8.832550048828e-01 9.684450626373e-01 6.238294839859e-01 9.135718345642e-01 7.083234786987e-01 7.765283584595e-01 1.050264000893e+00 1.259999275208e+00 1.225218296051e+00 1.178726673126e+00 1.190344810486e+00 1.128926753998e+00 9.148274660110e-01 9.624857306480e-01 1.294426083565e+00 7.288752794266e-01 9.470489025116e-01 1.035299181938e+00 8.639939427376e-01 7.693836688995e-01 9.701191782951e-01 7.260460853577e-01 6.185712814331e-01 5.733351707458e-01 5.252385735512e-01 5.633132457733e-01 6.664897203445e-01 6.690438985825e-01 6.015421152115e-01 3.744332492352e-01 2.389246821404e-01 3.642341196537e-01 2.896933257580e-01 3.493075370789e-01 3.714693784714e-01 5.630049705505e-01 3.292578458786e-01 2.604891061783e-01 1.800330132246e-01 1.613542884588e-01 1.220728829503e-01 1.189670935273e-01
2.183310031891e+00 9.541566967964e-01 1.084103822708e+00 7.912176251411e-01 1.013244628906e+00 8.663507699966e-01 8.538746237755e-01 1.206483125687e+00 1.295446634293e+00 1.019290685654e+00 1.420090556145e+00 1.744997739792e+00 9.761131405830e-01 1.145978689194e+00 6.999905705452e-01 8.142294883728e-01 7.728917002678e-01 9.216401576996e-01 8.905088305473e-01 8.082821369171e-01 1.030378580093e+00 7.841588258743e-01 6.461796164513e-01 5.790970325470e-01 6.225982904434e-01 5.840886235237e-01 5.813323259354e-01 7.255991101265e-01 7.302983403206e-01 6.619209647179e-01 4.555364847183e-01 4.033901095390e-01 4.002811908722e-01 3.619981706142e-01 3.503075838089e-01 5.388604402542e-01 4.632649421692e-01 2.230766266584e-01 2.410180866718e-01 2.463527619839e-01 2.283505350351e-01 1.764340698719e-01 1.284862309694e-01
2.392330646515e+00 2.498046636581e+00 1.039761662483e+00 1.039027333260e+00 1.116554737091e+00 1.049160599709e+00 1.441544651985e+00 1.352549433708e+00 1.278586626053e+00 9.513249993324e-01 1.459032535553e+00 1.946174144745e+00 1.164579272270e+00 1.104431152344e+00 8.878349661827e-01 9.041145443916e-01 9.629164934158e-01 9.101802110672e-01 8.812529444695e-01 1.103566765785e+00 8.592235445976e-01 7.382327318192e-01 6.321883201599e-01 4.948976039886e-01 6.122642755508e-01 6.794513463974e-01 6.277788877487e-01 7.804008722305e-01 8.139151930809e-01 7.247622013092e-01 5.394489765167e-01 3.984426558018e-01 3.543005585670e-01 3.007675409317e-01 4.882642030716e-01 5.588018298149e-01 2.489683777094e-01 2.535999119282e-01 2.643992304802e-01 2.681146860123e-01 2.534027397633e-01 2.117856740952e-01 1.469647288322e-01
1.153067588806e+00 3.368897199631e+00 2.461037635803e+00 1.029559493065e+00 1.177405714989e+00 1.307526588440e+00 1.396144151688e+00 1.420938253403e+00 1.136142849922e+00 9.952937960625e-01 1.664075732231e+00 1.906861305237e+00 1.498866200447e+00 1.014475941658e+00 9.289168715477e-01 1.043288111687e+00 1.622494459152e+00 1.018028974533e+00 1.224391102791e+00 9.432951807976e-01 6.812847256660e-01 6.637145280838e-01 5.602347254753e-01 6.841059923172e-01 6.921957731247e-01 7.890022993088e-01 8.677695989609e-01 6.685549020767e-01 7.913402915001e-01 7.905953526497e-01 6.142674088478e-01 3.287236094475e-01 3.331651091576e-01 5.166425704956e-01 5.599054098129e-01 3.271659910679e-01 2.250338196754e-01 2.272192388773e-01 2.262530624866e-01 2.297337651253e-01 2.289597243071e-01 2.120579481125e-01 1.702094972134e-01
2.122619390488e+00 1.596289515495e+00 3.930529832840e+00 1.829960346222e+00 1.191493391991e+00 1.608490943909e+00 1.208101272583e+00 1.348841786385e+00 1.779500961304e+00 1.374964952469e+00 1.907880187035e+00 1.516527056694e+00 1.597886800766e+00 1.339131116867e+00 1.101133108139e+00 1.029483079910e+00 2.359200239182e+00 1.423891663551e+00 1.142679095268e+00 1.394466280937e+00 8.295869827271e-01 6.777533888817e-01 7.235869169235e-01 7.616018056870e-01 7.335655093193e-01 7.733572125435e-01 1.094227671623e+00 6.670535802841e-01 8.222385644913e-01 8.590011000633e-01 6.966038346291e-01 4.490215182304e-01 5.695154666901e-01 5.267307162285e-01 3.011086881161e-01 2.539396286011e-01 2.398242652416e-01 2.245343923569e-01 2.086857855320e-01 1.942537277937e-01 1.973216086626e-01 2.039704471827e-01 1.853241771460e-01
2.872448205948e+00 3.742799043655e+00 2.257277488708e+00 3.867297172546e+00 1.439171552658e+00 1.948690652847e+00 1.669953227043e+00 1.780851960182e+00 2.497010469437e+00 2.061042070389e+00 2.376113414764e+00 1.373146414757e+00 1.450862765312e+00 1.512608528137e+00 1.355772376060e+00 1.069220900536e+00 2.768914937973e+00 1.568718671799e+00 1.635983228683e+00 1.133799195290e+00 6.173102855682e-01 6.814666390419e-01 8.655542135239e-01 7.847281098366e-01 7.131465673447e-01 6.778297424316e-01 1.067107677460e+00 7.323689460754e-01 9.233966469765e-01 9.110276699066e-01 7.225372791290e-01 5.753164887428e-01 4.312180876732e-01 2.279939502478e-01 2.228742241859e-01 2.321444153786e-01 2.301178276539e-01 2.459808140993e-01 2.415241897106e-01 2.291548699141e-01 2.500588595867e-01 2.905692160130e-01 3.033614754677e-01
5.640748977661e+00 3.752283811569e+00 3.960904836655e+00 3.279477596283e+00 2.982367992401e+00 2.192006349564e+00 2.403841495514e+00 2.128078460693e+00 2.186793327332e+00 2.419186830521e+00 2.796388149261e+00 1.629546284676e+00 1.431097388268e+00 1.537295937538e+00 1.683856487274e+00 1.593204021454e+00 2.135172843933e+00 1.580675005913e+00 1.575940370560e+00 1.257979989052e+00 1.028059959412e+00 1.220206260681e+00 1.227973699570e+00 1.015732169151e+00 7.415031194687e-01 6.342834234238e-01 8.374941349030e-01 9.011000990868e-01 9.552832841873e-01 7.977607846260e-01 5.596100687981e-01 3.545944094658e-01 3.102532923222e-01 3.313353359699e-01 3.915429413319e-01 4.290404021740e-01 4.485078752041e-01 4.462505877018e-01 4.233996570110e-01 3.872604072094e-01 3.521564602852e-01 3.517011702061e-01 3.113046884537e-01
