VariationalSeries/SI/f91_max.grd
DSAA
101	101
32.816463539100	34.260883539100
35.556306596100	36.727886596100
2.801307709888e-04	4.684405899048e+01
[rows 0 to 18 of 101, columns 43 to 85 of 101]
6.715229153633e-02 1.146073639393e-01 1.320842057467e-01 1.047269552946e-01 7.301121205091e-02 7.380224019289e-02 6.351620703936e-02 5.798629671335e-02 3.818561881781e-02 5.509401112795e-02 7.310254871845e-02 8.654494583607e-02 1.041557490826e-01 1.486145406961e-01 6.687749922276e-02 8.261926472187e-02 1.048913449049e-01 1.140418797731e-01 7.707841694355e-02 5.229866504669e-02 5.908280983567e-02 7.520849257708e-02 7.733797281981e-02 8.433284610510e-02 8.535487204790e-02 6.095876917243e-02 4.085527732968e-02 4.122151061893e-02 7.825568318367e-02 1.172939240932e-01 9.399966150522e-02 4.608947783709e-02 5.815679952502e-02 3.808346018195e-02 3.879953175783e-02 3.337455168366e-02 2.854580990970e-02 2.597651816905e-02 1.917258650064e-02 1.934432052076e-02 2.566055208445e-02 4.288449510932e-02 4.261447116733e-02
1.164030581713e-01 2.075754553080e-01 2.593104541302e-01 2.295728027821e-01 1.721511036158e-01 1.601848006248e-01 1.327237039804e-01 1.124691516161e-01 1.045958474278e-01 1.210324689746e-01 1.347979754210e-01 1.547109931707e-01 2.060404866934e-01 2.968499958515e-01 1.273981630802e-01 1.569973826408e-01 1.982106119394e-01 2.134816646576e-01 1.466478705406e-01 1.008856818080e-01 1.141173243523e-01 1.434556543827e-01 1.530949324369e-01 1.474308967590e-01 1.506186872721e-01 1.269836574793e-01 7.580049335957e-02 8.565490692854e-02 1.769115477800e-01 2.810885608196e-01 1.672997921705e-01 7.604771107435e-02 1.137957572937e-01 7.012487947941e-02 7.508347928524e-02 6.222355365753e-02 5.100902915001e-02 4.571601003408e-02 3.692203760147e-02 3.695774450898e-02 5.676516890526e-02 8.688613772392e-02 8.095498383045e-02
1.467240005732e-01 2.119496911764e-01 2.896671295166e-01 2.849378585815e-01 2.316749542952e-01 2.329867035151e-01 1.573561280966e-01 1.383538395166e-01 1.865115761757e-01 1.866446137428e-01 1.340069919825e-01 1.713699400425e-01 2.196241915226e-01 3.105600178242e-01 1.470481157303e-01 1.786476224661e-01 2.218268215656e-01 2.443781644106e-01 1.689835786819e-01 1.314067840576e-01 1.323617100716e-01 1.440616250038e-01 1.722616702318e-01 1.847732812166e-01 2.221132814884e-01 1.708183586597e-01 9.856945276260e-02 1.061519086361e-01 2.323698848486e-01 3.631182610989e-01 1.715285927057e-01 8.870327472687e-02 1.310847699642e-01 7.740877568722e-02 8.380256593227e-02 7.335296273232e-02 6.519064307213e-02 5.182323232293e-02 4.260894656181e-02 5.258145555854e-02 7.194532454014e-02 9.619686752558e-02 8.285811543465e-02
1.690600812435e-01 1.920738667250e-01 2.590599954128e-01 2.815078794956e-01 2.511079311371e-01 3.118877708912e-01 1.649367958307e-01 1.890296787024e-01 2.665265500546e-01 2.746462225914e-01 1.825720518827e-01 1.792891919613e-01 2.250429689884e-01 3.134643733501e-01 1.544575542212e-01 1.980638206005e-01 2.275578826666e-01 2.546800076962e-01 1.813756972551e-01 1.725303679705e-01 1.422018557787e-01 1.786925196648e-01 2.161008119583e-01 2.129050046206e-01 2.950798571110e-01 2.107925415039e-01 1.111134514213e-01 1.265045553446e-01 2.712260782719e-01 3.940243422985e-01 1.620206087828e-01 9.840475022793e-02 1.390399932861e-01 7.804687321186e-02 8.547915518284e-02 9.354390949011e-02 7.898752391338e-02 5.950378999114e-02 5.137884989381e-02 6.500824540854e-02 8.590915054083e-02 1.002120971680e-01 7.938934117556e-02
1.662464588881e-01 2.302848696709e-01 2.043638229370e-01 2.379575222731e-01 2.315330356359e-01 3.961312770844e-01 1.587433516979e-01 2.332848161459e-01 3.403943479061e-01 3.657416999340e-01 2.576311528683e-01 1.866932213306e-01 2.314115762711e-01 3.150992095470e-01 1.598372310400e-01 2.169465571642e-01 2.303065210581e-01 2.632151544094e-01 2.008599042892e-01 2.122695893049e-01 1.673040837049e-01 2.260703146458e-01 2.746278345585e-01 2.670679390430e-01 3.671154677868e-01 2.438062131405e-01 1.333562284708e-01 1.356374174356e-01 2.873518168926e-01 3.808675408363e-01 1.748871803284e-01 1.172432154417e-01 1.438623964787e-01 9.244465827942e-02 1.058845445514e-01 1.098962798715e-01 8.782712370157e-02 6.211037933826e-02 6.529048830271e-02 7.086327672005e-02 1.002761572599e-01 1.016502305865e-01 7.596521079540e-02
1.441650837660e-01 2.444627434015e-01 1.835439801216e-01 1.886287331581e-01 2.013214230537e-01 4.801173210144e-01 1.786007881165e-01 2.653860747814e-01 4.057777225971e-01 4.560227394104e-01 3.363090455532e-01 1.968480646610e-01 2.400252223015e-01 3.164922595024e-01 1.772605031729e-01 2.326536476612e-01 2.297886162996e-01 2.707616984844e-01 2.057489454746e-01 2.464531362057e-01 2.029251754284e-01 2.739374935627e-01 3.272043168545e-01 3.130304813385e-01 4.315533936024e-01 2.629083693027e-01 1.467377096415e-01 1.591320782900e-01 2.751098275185e-01 3.089773654938e-01 1.737583577633e-01 1.355386376381e-01 1.452530771494e-01 1.033201366663e-01 1.239783242345e-01 1.221749633551e-01 9.211097657681e-02 6.529814749956e-02 7.356017827988e-02 7.886175811291e-02 1.146101653576e-01 1.034353151917e-01 7.286997884512e-02
1.316210180521e-01 2.340799570084e-01 1.841806322336e-01 1.474531739950e-01 1.874179393053e-01 5.574088692665e-01 1.987683326006e-01 2.806292772293e-01 4.509015083313e-01 5.250028371811e-01 4.077940583229e-01 2.154731601477e-01 2.476543039083e-01 3.165636658669e-01 1.793906390667e-01 2.479522675276e-01 2.259260118008e-01 2.760266661644e-01 1.995003223419e-01 2.607672214508e-01 2.323641777039e-01 3.081021606922e-01 3.629446327686e-01 3.385498523712e-01 4.789080619812e-01 2.648356258869e-01 1.416943371296e-01 1.782612651587e-01 2.357672005892e-01 2.148339599371e-01 1.626440435648e-01 1.536428183317e-01 1.442443281412e-01 1.101063489914e-01 1.383490264416e-01 1.293749809265e-01 9.169847518206e-02 7.682165503502e-02 7.250382006168e-02 1.072061806917e-01 1.309739351273e-01 1.060745418072e-01 6.804009526968e-02
1.517223566771e-01 2.235196530819e-01 1.779572367668e-01 1.661797910929e-01 2.110141664743e-01 6.309418678284e-01 2.270006090403e-01 2.715228796005e-01 4.556920826435e-01 5.544342994690e-01 4.639845788479e-01 2.819344699383e-01 2.574847936630e-01 3.183931112289e-01 1.776600033045e-01 2.623073458672e-01 2.193001061678e-01 2.795287370682e-01 2.056492716074e-01 2.470407485962e-01 2.500247955322e-01 3.241891562939e-01 3.716391324997e-01 3.385175466537e-01 5.062794089317e-01 2.551369965076e-01 1.628402173519e-01 2.121593207121e-01 1.790375262499e-01 1.763420253992e-01 1.880627423525e-01 1.718334704638e-01 1.402439773083e-01 1.410553753376e-01 1.474911868572e-01 1.303138434887e-01 8.669705688953e-02 7.892072945833e-02 9.003268182278e-02 1.442778259516e-01 1.433956772089e-01 1.009673103690e-01 5.700391903520e-02
1.704819053411e-01 2.242286652327e-01 1.766294986010e-01 1.799077838659e-01 2.336999475956e-01 6.993871331215e-01 2.565869092941e-01 2.386725693941e-01 4.162596464157e-01 5.401013493538e-01 4.973956346512e-01 3.438883423805e-01 2.678669393063e-01 3.621943891048e-01 2.014283090830e-01 2.765714228153e-01 2.182082831860e-01 2.819734215736e-01 2.098840475082e-01 2.184397578239e-01 2.611625194550e-01 3.176771700382e-01 3.527258932590e-01 3.421792387962e-01 5.031988024712e-01 2.256750315428e-01 1.942678242922e-01 2.486681491137e-01 1.797377169132e-01 2.172010987997e-01 2.371839731932e-01 1.893932968378e-01 1.617235839367e-01 1.755305975676e-01 1.793878227472e-01 1.243041977286e-01 8.526212722063e-02 7.564549148083e-02 1.431662589312e-01 1.744941025972e-01 1.385716646910e-01 8.008036017418e-02 6.773225218058e-02
1.829248517752e-01 2.284811288118e-01 1.749664843082e-01 1.762400269508e-01 2.553930580616e-01 7.545138001442e-01 2.824904620647e-01 1.959237754345e-01 3.544568419456e-01 4.929295778275e-01 5.010431408882e-01 3.929369747639e-01 2.773433029652e-01 3.909524679184e-01 2.533742189407e-01 2.923814654350e-01 2.881087064743e-01 2.862395942211e-01 2.121004015207e-01 2.613651454449e-01 2.557213604450e-01 2.942131161690e-01 3.111293911934e-01 3.819524347782e-01 4.674663245678e-01 1.808791756630e-01 2.263665348291e-01 2.850657105446e-01 2.064109444618e-01 2.517785429955e-01 2.793713808060e-01 2.292603254318e-01 1.798624694347e-01 1.862553656101e-01 1.945849359035e-01 1.122683510184e-01 7.943267375231e-02 1.360116750002e-01 1.922202408314e-01 1.760642379522e-01 1.070060580969e-01 7.010087370872e-02 6.636906415224e-02
1.853973567486e-01 2.364942431450e-01 1.736517250538e-01 1.896215230227e-01 2.749643623829e-01 7.987690567970e-01 3.062205910683e-01 1.952944248915e-01 2.835908532143e-01 4.160611033440e-01 4.644651710987e-01 4.184551239014e-01 3.365552723408e-01 3.893223106861e-01 3.209091722965e-01 3.078470528126e-01 4.072842299938e-01 3.047474622726e-01 2.114966958761e-01 3.465930223465e-01 2.831938862801e-01 2.593396604061e-01 3.798060715199e-01 4.068670272827e-01 4.069707095623e-01 1.815457791090e-01 2.534531354904e-01 3.103986680508e-01 2.153639942408e-01 2.718848586082e-01 3.163951337337e-01 2.671248018742e-01 1.665574163198e-01 1.618853956461e-01 1.840278655291e-01 9.645721316338e-02 1.237524300814e-01 2.011316120625e-01 2.059442102909e-01 1.366025358438e-01 6.875184923410e-02 6.401430070400e-02 6.305085122585e-02
1.800669431686e-01 2.454282194376e-01 2.261187732220e-01 2.143464237452e-01 2.926174998283e-01 8.270328044891e-01 3.212327659130e-01 2.027594745159e-01 2.360623776913e-01 3.226466774940e-01 3.966218531132e-01 4.114445745945e-01 3.750546872616e-01 4.079530835152e-01 3.891476988792e-01 3.218870162964e-01 5.454770922661e-01 4.021653234959e-01 2.116112262011e-01 4.215202331543e-01 3.160334825516e-01 3.365355730057e-01 5.002678036690e-01 4.125892817974e-01 3.296600282192e-01 1.882686764002e-01 2.650169730186e-01 3.173498809338e-01 2.061352878809e-01 2.700467109680e-01 3.355244100094e-01 2.968221306801e-01 1.746066659689e-01 1.301349103451e-01 1.706633865833e-01 1.049274727702e-01 1.987955421209e-01 2.317933291197e-01 1.647880524397e-01 8.354252576828e-02 7.502134889364e-02 8.088660985231e-02 8.572602272034e-02
1.819643676281e-01 2.543150484562e-01 2.855254411697e-01 1.966978907585e-01 3.093125820160e-01 8.499526381493e-01 3.280862271786e-01 2.093010097742e-01 2.365562170744e-01 3.040401935577e-01 3.048875927925e-01 3.653858304024e-01 3.840423524380e-01 4.543395936489e-01 4.189373850822e-01 3.550466895103e-01 6.811358332634e-01 4.915012121201e-01 2.282573878765e-01 4.801243841648e-01 3.318162262440e-01 4.084237515926e-01 5.901286005974e-01 3.850054442883e-01 2.431958913803e-01 2.236741930246e-01 2.549312114716e-01 3.003018498421e-01 1.866431981325e-01 2.471047341824e-01 3.246035277843e-01 3.043361604214e-01 1.848328560591e-01 1.126196086407e-01 1.634334921837e-01 1.834676861763e-01 2.509302794933e-01 1.988239437342e-01 1.014991551638e-01 8.113215118647e-02 7.858256995678e-02 1.041131317616e-01 1.019797101617e-01
1.625424325466e-01 2.633720636368e-01 3.095894753933e-01 2.175641506910e-01 3.264323472977e-01 8.760696649551e-01 3.325480520725e-01 2.183437049389e-01 2.161718010902e-01 2.931956350803e-01 2.406990975142e-01 2.879166603088e-01 4.164578914642e-01 4.870488941669e-01 3.885489404202e-01 4.395380914211e-01 7.890540361404e-01 5.635576844215e-01 2.683695554733e-01 5.205127596855e-01 3.353675007820e-01 4.442411959171e-01 6.182278990746e-01 3.205271661282e-01 2.118220627308e-01 2.846797108650e-01 2.940776348114e-01 2.673157751560e-01 1.820364296436e-01 2.071794569492e-01 2.871028482914e-01 2.878561615944e-01 1.845007240772e-01 1.112382635474e-01 1.651770174503e-01 2.567647099495e-01 2.384427934885e-01 1.283729225397e-01 9.052251279354e-02 7.809678465128e-02 8.264129608870e-02 1.177983209491e-01 1.085446402431e-01
2.199148833752e-01 2.739935517311e-01 3.099791407585e-01 3.548373878002e-01 3.441154360771e-01 8.917533159256e-01 3.312358260155e-01 2.608305811882e-01 1.850709915161e-01 2.696835696697e-01 2.250579297543e-01 3.181964457035e-01 4.387605786324e-01 5.198217034340e-01 4.195519685745e-01 5.224792957306e-01 8.777927160263e-01 6.057201027870e-01 2.978886961937e-01 5.546901822090e-01 3.691712021828e-01 4.332468509674e-01 5.942322611809e-01 2.631018459797e-01 2.253229320049e-01 3.412408530712e-01 3.736697733402e-01 2.327968180180e-01 1.854725480080e-01 1.693737953901e-01 2.380218803883e-01 2.580522298813e-01 1.746604442596e-01 1.256810277700e-01 2.444600760937e-01 2.757292985916e-01 1.661911457777e-01 8.721029013395e-02 9.314002841711e-02 7.221475988626e-02 9.461943805218e-02 1.251758635044e-01 1.376332342625e-01
2.903855144978e-01 2.866958379745e-01 3.053213953972e-01 4.357908070087e-01 3.574637174606e-01 8.964446783066e-01 3.216372430325e-01 2.989385128021e-01 1.958225816488e-01 2.763981819153e-01 2.341989129782e-01 3.410236835480e-01 4.594978988171e-01 5.517603754997e-01 4.052131772041e-01 5.907872915268e-01 8.947271704674e-01 5.741243958473e-01 3.533911108971e-01 5.833213925362e-01 3.703556954861e-01 3.961706161499e-01 5.140607953072e-01 2.522824406624e-01 2.466496676207e-01 3.927928805351e-01 4.026629924774e-01 2.097701579332e-01 2.016337513924e-01 1.750620156527e-01 2.445017248392e-01 2.170069962740e-01 1.554007083178e-01 2.198789119720e-01 2.963522970676e-01 2.130674123764e-01 1.196285560727e-01 7.824925333261e-02 9.389998763800e-02 8.229866623878e-02 1.243566125631e-01 1.619960963726e-01 1.613240838051e-01
3.431811928749e-01 3.730585873127e-01 3.525962829590e-01 4.028492867947e-01 3.773704469204e-01 8.890963792801e-01 3.445536792278e-01 3.286052942276e-01 2.055936008692e-01 2.805749475956e-01 2.590015530586e-01 3.529677391052e-01 4.842150807381e-01 5.832543969154e-01 3.725408613682e-01 6.342681050301e-01 8.433331251144e-01 5.095161199570e-01 3.889524042606e-01 6.047831773758e-01 3.311183154583e-01 3.163657486439e-01 3.992445468903e-01 2.335833609104e-01 2.900396883488e-01 3.934017717838e-01 3.717442154884e-01 2.218964099884e-01 2.323504686356e-01 1.966511011124e-01 2.652823925018e-01 1.846136301756e-01 1.881634443998e-01 2.968073189259e-01 2.613108456135e-01 1.834758967161e-01 1.023498922586e-01 8.530024439096e-02 1.057179272175e-01 1.190941706300e-01 1.735532283783e-01 1.780490875244e-01 1.482845395803e-01
4.496897161007e-01 4.478115439415e-01 4.837592244148e-01 3.737077713013e-01 4.473278522491e-01 8.611093163490e-01 3.924472332001e-01 3.541474044323e-01 2.764326035976e-01 2.811174690723e-01 3.002851903439e-01 4.541422128677e-01 5.046505331993e-01 6.183214783669e-01 4.038792848587e-01 6.375226378441e-01 7.500159740448e-01 4.887977540493e-01 4.011514782906e-01 6.207686662674e-01 2.956010699272e-01 2.616303563118e-01 3.007340431213e-01 2.504152655602e-01 3.154782950878e-01 3.521742820740e-01 2.751225829124e-01 2.452775239944e-01 2.709546983242e-01 2.242926508188e-01 2.742572724819e-01 1.727366000414e-01 2.806966602802e-01 2.950715720654e-01 2.633637487888e-01 1.660811752081e-01 1.176695078611e-01 1.046123206615e-01 1.265633404255e-01 1.727301329374e-01 1.930145174265e-01 1.554463058710e-01 1.153670400381e-01
4.991404712200e-01 4.954749941826e-01 5.987134575844e-01 5.575882792473e-01 3.781361579895e-01 8.126292824745e-01 3.651133179665e-01 4.095361530781e-01 3.821949660778e-01 3.169692456722e-01 3.262745440006e-01 5.474081635475e-01 5.765487551689e-01 6.571846604347e-01 4.509629309177e-01 6.002121567726e-01 7.430807352066e-01 5.964087843895e-01 3.907284140587e-01 6.231548786163e-01 2.974919974804e-01 2.822744250298e-01 3.058240115643e-01 2.784872055054e-01 2.958094477654e-01 2.747655212879e-01 2.552557587624e-01 2.858650684357e-01 2.969087958336e-01 2.327060252428e-01 2.719676494598e-01 2.637490034103e-01 3.129120469093e-01 2.915732264519e-01 2.807041406631e-01 2.024029791355e-01 1.443325430155e-01 1.350109130144e-01 1.639747470617e-01 1.936058849096e-01 1.599256694317e-01 1.295156776905e-01 1.178410500288e-01
