VariationalSeries/SI/f91_max.grd
DSAA
101	101
32.816463539100	34.260883539100
35.556306596100	36.727886596100
2.801307709888e-04	4.684405899048e+01
[rows 0 to 18 of 101, columns 0 to 42 of 101]
4.259910434484e-02 7.613765448332e-02 6.746623665094e-02 4.037541523576e-02 3.403332829475e-02 4.432103410363e-02 8.827029168606e-02 1.229947060347e-01 1.099467352033e-01 6.560650467873e-02 4.142928868532e-02 4.762087389827e-02 5.055733025074e-02 4.881396144629e-02 4.185777157545e-02 6.377323716879e-02 9.584863483906e-02 1.109657287598e-01 7.909331470728e-02 5.119908601046e-02 5.851446837187e-02 6.270725280046e-02 4.599788784981e-02 4.124127328396e-02 4.395368322730e-02 6.009136140347e-02 8.811355382204e-02 1.006372198462e-01 1.313711553812e-01 1.047163307667e-01 7.984392344952e-02 7.502373307943e-02 6.510230898857e-02 5.165303498507e-02 4.201800376177e-02 4.069809988141e-02 3.743213415146e-02 5.073810368776e-02 7.121256738901e-02 8.167804777622e-02 6.840593367815e-02 5.825030803680e-02 5.550170317292e-02
7.885517925024e-02 1.488099843264e-01 1.459565162659e-01 1.019373685122e-01 7.218131422997e-02 8.570631593466e-02 1.699032485485e-01 2.348500341177e-01 2.076705396175e-01 1.209182739258e-01 7.115164399147e-02 8.137682825327e-02 8.594623953104e-02 8.182429522276e-02 7.132964581251e-02 9.488258510828e-02 1.510450839996e-01 1.977374255657e-01 1.785846054554e-01 1.064982786775e-01 1.067447587848e-01 1.637442111969e-01 8.617190271616e-02 7.752960175276e-02 9.067130088806e-02 1.174312531948e-01 1.477345377207e-01 1.686668694019e-01 2.498406916857e-01 1.945589780807e-01 1.297987699509e-01 1.176178604364e-01 1.109330058098e-01 8.882178366184e-02 9.554000943899e-02 9.989161044359e-02 1.004490256310e-01 1.128621995449e-01 1.419602036476e-01 1.428577154875e-01 1.056870371103e-01 1.050725355744e-01 1.148241087794e-01
7.714796066284e-02 1.583562344313e-01 1.775129288435e-01 1.520510613918e-01 9.773956984282e-02 9.895968437195e-02 1.966421306133e-01 2.670428752899e-01 2.286868989468e-01 1.252248436213e-01 8.988080918789e-02 1.013396680355e-01 1.047089621425e-01 9.688542038202e-02 7.978147268295e-02 7.674741744995e-02 9.925565868616e-02 1.482604146004e-01 1.695387512445e-01 1.378530263901e-01 1.688584238291e-01 2.531260550022e-01 1.108977794647e-01 9.603517502546e-02 1.206128671765e-01 1.460046321154e-01 1.515444219112e-01 1.531074643135e-01 2.912181019783e-01 2.182042449713e-01 1.257956773043e-01 1.078506782651e-01 1.517924666405e-01 8.082418888807e-02 8.992315828800e-02 1.032712757587e-01 1.295753121376e-01 1.641602516174e-01 1.716441661119e-01 1.421945840120e-01 1.448358595371e-01 9.747389703989e-02 1.287162899971e-01
6.849767267704e-02 1.507115960121e-01 1.797032952309e-01 1.837047934532e-01 1.476875692606e-01 1.013534590602e-01 2.055903971195e-01 2.733013033867e-01 2.210616618395e-01 1.075737401843e-01 9.950249642134e-02 1.098463460803e-01 1.093776822090e-01 9.731566160917e-02 7.738598436117e-02 7.837297767401e-02 7.477549463511e-02 8.614159375429e-02 1.120963618159e-01 1.277627795935e-01 2.832350134850e-01 3.221427500248e-01 1.245071217418e-01 1.054733693600e-01 1.330725401640e-01 1.525967270136e-01 1.459654867649e-01 1.400893330574e-01 2.917756736279e-01 2.121796756983e-01 1.075320541859e-01 8.757349103689e-02 1.749605983496e-01 9.307785332203e-02 1.008775606751e-01 1.426624506712e-01 1.764951646328e-01 1.839022934437e-01 1.556393504143e-01 1.801300346851e-01 1.749299168587e-01 1.078206002712e-01 1.180062890053e-01
6.700082123280e-02 1.441942453384e-01 1.706701517105e-01 1.888993978500e-01 1.807974576950e-01 1.278071850538e-01 2.098555266857e-01 2.731250524521e-01 2.073009163141e-01 9.111668914557e-02 1.067493557930e-01 1.136374548078e-01 1.104231923819e-01 1.099358275533e-01 1.009571403265e-01 8.528413623571e-02 8.263061940670e-02 8.135039359331e-02 1.158955842257e-01 2.346344590187e-01 3.937170803547e-01 3.539206385612e-01 1.336392313242e-01 1.498788297176e-01 1.331642866135e-01 1.491224765778e-01 1.337577849627e-01 1.394769251347e-01 2.762515544891e-01 1.999202370644e-01 1.270785182714e-01 9.955578297377e-02 1.865442097187e-01 1.130736395717e-01 1.586621999741e-01 1.898968219757e-01 1.919419169426e-01 1.619951277971e-01 1.115106791258e-01 1.849350184202e-01 2.145918309689e-01 1.441098600626e-01 9.336191415787e-02
6.251628696918e-02 1.258043795824e-01 1.520303189754e-01 1.664327979088e-01 1.846787929535e-01 1.537813842297e-01 2.097569704056e-01 2.644383013248e-01 1.869072169065e-01 1.012170910835e-01 1.133915483952e-01 1.248685792089e-01 1.331035494804e-01 1.288457661867e-01 1.159580126405e-01 9.443268924952e-02 7.629817724228e-02 8.631870895624e-02 1.844794005156e-01 3.344556987286e-01 4.580749273300e-01 3.496005535126e-01 1.498163789511e-01 2.282558530569e-01 1.403802335262e-01 1.398525089025e-01 1.198356598616e-01 1.517039090395e-01 2.471684664488e-01 1.998444348574e-01 1.284227073193e-01 1.068712398410e-01 2.163299322128e-01 1.693946868181e-01 2.010181248188e-01 1.986910700798e-01 1.648819297552e-01 1.139999479055e-01 1.255873888731e-01 1.743731051683e-01 2.628979980946e-01 1.674602478743e-01 9.078479558229e-02
7.877486199141e-02 1.399173736572e-01 1.291446834803e-01 1.278771460056e-01 1.594603508711e-01 1.544984132051e-01 2.065334022045e-01 2.528447508812e-01 1.678044348955e-01 1.116431728005e-01 1.255734264851e-01 1.429073959589e-01 1.448396742344e-01 1.347385197878e-01 1.147435307503e-01 1.081924960017e-01 1.027058884501e-01 1.278252452612e-01 2.489081621170e-01 3.995544910431e-01 4.743764996529e-01 3.193204998970e-01 1.972849369049e-01 2.893466055393e-01 2.034298479557e-01 1.273444592953e-01 1.166009008884e-01 2.811994552612e-01 3.945963978767e-01 2.546726465225e-01 1.424438059330e-01 1.212154999375e-01 2.375651150942e-01 1.986420750618e-01 1.985939145088e-01 1.648754477501e-01 1.149092838168e-01 1.258903741837e-01 1.824850887060e-01 2.303979098797e-01 2.700940072536e-01 1.971293240786e-01 9.142135083675e-02
7.995498180389e-02 1.599274128675e-01 1.652543693781e-01 1.196207255125e-01 1.142826378345e-01 1.293562203646e-01 2.037405073643e-01 2.473120242357e-01 1.563549190760e-01 1.207064241171e-01 1.417400538921e-01 1.513141542673e-01 1.463647782803e-01 1.291955113411e-01 1.208430901170e-01 1.370895504951e-01 1.528498828411e-01 1.686672568321e-01 3.050118088722e-01 4.334634244442e-01 4.656481742859e-01 2.870291471481e-01 2.141596376896e-01 3.181631565094e-01 2.474512606859e-01 1.577103585005e-01 1.133170127869e-01 4.272845685482e-01 5.529454350471e-01 2.987343966961e-01 1.556783914566e-01 1.450004428625e-01 2.346052825451e-01 1.824011057615e-01 1.703121513128e-01 1.208762973547e-01 1.205441057682e-01 1.796475499868e-01 2.373685985804e-01 2.622041106224e-01 2.376006990671e-01 2.479420453310e-01 1.050669625401e-01
6.917632371187e-02 1.512385159731e-01 1.880677938461e-01 1.711931526661e-01 1.137434840202e-01 1.117897629738e-01 2.016029506922e-01 2.452608942986e-01 1.505595147610e-01 1.350121349096e-01 1.502471417189e-01 1.517487168312e-01 1.389764994383e-01 1.193583384156e-01 1.259445548058e-01 1.457765400410e-01 1.977326720953e-01 2.022783905268e-01 3.364681005478e-01 4.268380701542e-01 4.225963950157e-01 2.491570711136e-01 2.185741513968e-01 3.042009472847e-01 2.669594883919e-01 1.821503788233e-01 1.430462002754e-01 5.511878132820e-01 6.453751921654e-01 3.292613327503e-01 1.715038567781e-01 1.382569968700e-01 2.380110919476e-01 1.586461365223e-01 1.869835853577e-01 1.864029318094e-01 1.801522225142e-01 2.416406422853e-01 2.779815495014e-01 2.627917826176e-01 1.930574178696e-01 3.078506588936e-01 1.233216747642e-01
7.028837502003e-02 1.256418526173e-01 1.773449629545e-01 2.009003460407e-01 1.713776737452e-01 1.142045333982e-01 2.021608799696e-01 2.449534386396e-01 1.471708565950e-01 1.428165882826e-01 1.506333798170e-01 1.442767381668e-01 1.571658253670e-01 1.711729019880e-01 1.790402084589e-01 1.815642714500e-01 2.146479785442e-01 2.340270578861e-01 3.462433218956e-01 3.958872258663e-01 3.661603331566e-01 2.124227434397e-01 1.975182145834e-01 2.658380866051e-01 2.578323185444e-01 1.871923208237e-01 1.546994596720e-01 6.254408955574e-01 6.854845881462e-01 3.412422239780e-01 1.503865867853e-01 1.191788837314e-01 2.579630315304e-01 1.574699878693e-01 1.914487332106e-01 1.938653737307e-01 2.505640089512e-01 2.885581552982e-01 2.823310494423e-01 2.261393964291e-01 1.626345515251e-01 3.345579802990e-01 1.688229888678e-01
7.061436027288e-02 1.414789259434e-01 1.462822407484e-01 1.922302097082e-01 2.103911787271e-01 1.692132055759e-01 2.004321068525e-01 2.411351948977e-01 1.423963606358e-01 1.442474871874e-01 1.580800563097e-01 1.850262433290e-01 2.051503360271e-01 2.163189649582e-01 2.215058952570e-01 2.234717905521e-01 2.211559563875e-01 2.900185585022e-01 4.067388176918e-01 4.310535490513e-01 3.622516691685e-01 2.676925063133e-01 1.878616213799e-01 2.266957759857e-01 2.325136512518e-01 1.667113304138e-01 1.793693006039e-01 6.597849726677e-01 7.013162374496e-01 3.343014419079e-01 1.437187045813e-01 1.342182308435e-01 2.527198493481e-01 1.665344089270e-01 2.212059646845e-01 2.683423459530e-01 2.993061244488e-01 2.935855388641e-01 2.435157895088e-01 1.879224181175e-01 1.841678619385e-01 3.215515613556e-01 2.196484804153e-01
5.978251621127e-02 1.259236931801e-01 1.507843136787e-01 1.599000841379e-01 2.077785879374e-01 2.190872281790e-01 1.944287419319e-01 2.324490696192e-01 1.407960504293e-01 1.704267263412e-01 1.982885152102e-01 2.209806442261e-01 2.365165948868e-01 2.453945279121e-01 2.484018504620e-01 2.479274868965e-01 2.453560084105e-01 3.859062790871e-01 5.276510715485e-01 5.483309030533e-01 4.723623394966e-01 3.699952065945e-01 2.706023156643e-01 1.923495680094e-01 2.687940299511e-01 2.576032280922e-01 2.194812446833e-01 6.330310702324e-01 6.204447746277e-01 3.042455613613e-01 1.847616881132e-01 2.186592072248e-01 2.359099239111e-01 2.659396529198e-01 3.015996813774e-01 3.151074349880e-01 3.021751940250e-01 2.598722577095e-01 2.501064240932e-01 2.899591624737e-01 2.178215533495e-01 2.749742865562e-01 2.642594277859e-01
5.120017379522e-02 9.735634177923e-02 1.254629343748e-01 1.485068202019e-01 1.756927818060e-01 2.227503508329e-01 2.239359021187e-01 2.199497222900e-01 1.747746318579e-01 2.031671106815e-01 2.234767973423e-01 2.363933026791e-01 2.440993934870e-01 2.483503669500e-01 2.486366033554e-01 2.473308444023e-01 2.473289221525e-01 4.246290624142e-01 5.738205313683e-01 5.858458876610e-01 5.063287615776e-01 4.121342897415e-01 3.220218122005e-01 2.354369908571e-01 3.616147935390e-01 3.496214151382e-01 2.947359085083e-01 5.511360764503e-01 4.868361949921e-01 2.587631344795e-01 3.234502375126e-01 3.649882674217e-01 3.634802401066e-01 3.514250814915e-01 3.431353867054e-01 3.314502537251e-01 3.212977945805e-01 3.047530353069e-01 2.786895930767e-01 3.926549553871e-01 2.444718629122e-01 2.091742157936e-01 3.405925035477e-01
6.357441097498e-02 1.235999390483e-01 1.215904206038e-01 1.141930148005e-01 1.399978101254e-01 1.911314576864e-01 2.384518533945e-01 2.276150286198e-01 1.944628059864e-01 2.160905897617e-01 2.268937230110e-01 2.303286790848e-01 2.285929024220e-01 2.233330756426e-01 2.174560427666e-01 2.162841856480e-01 2.217300236225e-01 3.896500170231e-01 5.161476135254e-01 5.334764719009e-01 4.788514375687e-01 4.058517813683e-01 3.349311649799e-01 2.646112143993e-01 3.573270440102e-01 3.691599369049e-01 3.260203003883e-01 4.509065747261e-01 3.551717102528e-01 2.813106775284e-01 3.798052370548e-01 4.296683371067e-01 4.098630845547e-01 3.709486424923e-01 3.323423564434e-01 3.124524354935e-01 2.949630916119e-01 2.747198045254e-01 2.510455548763e-01 4.151593744755e-01 3.805716633797e-01 2.162698805332e-01 3.869186341763e-01
8.198322355747e-02 1.639831811190e-01 1.647657454014e-01 1.617018729448e-01 1.563405245543e-01 1.485099941492e-01 2.090921252966e-01 2.549373805523e-01 2.255347669125e-01 2.113474905491e-01 2.140555977821e-01 2.093684673309e-01 1.999627947807e-01 1.874504238367e-01 1.765610426664e-01 1.782515943050e-01 1.807043105364e-01 3.076527714729e-01 3.964863717556e-01 4.181302487850e-01 3.912039995193e-01 3.512882292271e-01 3.100314140320e-01 2.657699882984e-01 2.799770832062e-01 3.053827583790e-01 2.983739078045e-01 4.585643410683e-01 2.603358328342e-01 2.868498861790e-01 3.716994822025e-01 4.129475057125e-01 3.953220546246e-01 3.268835544586e-01 2.405232340097e-01 2.514283359051e-01 2.133626788855e-01 2.257404029369e-01 2.197931855917e-01 3.423414528370e-01 5.075699090958e-01 2.193328589201e-01 3.891021609306e-01
8.314978331327e-02 1.689674407244e-01 1.750292479992e-01 1.834661364555e-01 1.898512244225e-01 1.915547251701e-01 1.907936185598e-01 2.290927618742e-01 2.665884494781e-01 2.140273600817e-01 1.922119408846e-01 1.822226941586e-01 1.693699508905e-01 1.597044318914e-01 1.719464063644e-01 1.823499798775e-01 1.942094266415e-01 2.547121345997e-01 2.774955630302e-01 2.975745201111e-01 2.914362251759e-01 2.704099416733e-01 2.525494396687e-01 2.394542694092e-01 2.292223721743e-01 2.249023318291e-01 2.987563014030e-01 4.854655265808e-01 3.309969007969e-01 3.238926529884e-01 3.850252926350e-01 3.909971415997e-01 3.268669247627e-01 3.269088268280e-01 1.764281243086e-01 2.984319925308e-01 2.832081317902e-01 2.623069584370e-01 2.250068932772e-01 2.398677915335e-01 5.759546756744e-01 3.137412071228e-01 3.449067175388e-01
9.022632241249e-02 1.557825952768e-01 1.554903984070e-01 1.624711751938e-01 1.752530783415e-01 1.928345859051e-01 2.043989300728e-01 2.109389901161e-01 2.453328222036e-01 2.597117424011e-01 2.217300534248e-01 2.140074819326e-01 2.161791473627e-01 1.959817558527e-01 1.773701012135e-01 1.995540410280e-01 2.205061912537e-01 2.621176242828e-01 2.645381987095e-01 2.207048535347e-01 1.989411413670e-01 2.346576005220e-01 2.936989367008e-01 3.053452670574e-01 2.759705483913e-01 2.224820703268e-01 3.306551575661e-01 4.941466748714e-01 3.325289189816e-01 3.495328724384e-01 3.678507506847e-01 3.777017295361e-01 4.054371118546e-01 3.637959063053e-01 2.231050431728e-01 3.358977437019e-01 3.150881826878e-01 2.606382369995e-01 1.962056756020e-01 2.340270429850e-01 5.525470376015e-01 4.814507067204e-01 2.695496082306e-01
1.029819846153e-01 1.897339224815e-01 2.043982297182e-01 1.764020621777e-01 1.632508933544e-01 1.764348596334e-01 1.800555288792e-01 1.771505326033e-01 1.915617287159e-01 2.391218990088e-01 2.606242001057e-01 2.686666250229e-01 2.691392302513e-01 2.475312203169e-01 2.420743405819e-01 2.337262779474e-01 2.196151167154e-01 2.625072896481e-01 2.754636704922e-01 2.446949630976e-01 2.018540799618e-01 1.857037842274e-01 2.053186893463e-01 2.291457802057e-01 2.351557016373e-01 2.358755767345e-01 2.892845869064e-01 4.746001362801e-01 3.395903706551e-01 2.964126467705e-01 3.396753966808e-01 3.910807669163e-01 4.364968240261e-01 3.720348477364e-01 2.567286491394e-01 3.711079955101e-01 3.020232021809e-01 2.344267070293e-01 1.771154552698e-01 2.135524898767e-01 4.444328546524e-01 6.516972184181e-01 2.981123626232e-01
1.010536029935e-01 1.982027739286e-01 2.356975525618e-01 2.221124172211e-01 1.682383418083e-01 1.309983730316e-01 1.590953171253e-01 1.804281622171e-01 1.936611384153e-01 1.954873055220e-01 2.577481269836e-01 2.864745855331e-01 2.729291617870e-01 2.738114893436e-01 2.776694297791e-01 2.741054296494e-01 2.428057640791e-01 2.601466476917e-01 2.844778299332e-01 2.616470456123e-01 2.005406767130e-01 2.402664273977e-01 2.316026091576e-01 2.384084165096e-01 2.107156664133e-01 2.064422667027e-01 2.170230299234e-01 4.393556714058e-01 4.016895592213e-01 3.165049254894e-01 3.066384494305e-01 3.307288885117e-01 4.093486070633e-01 3.654143214226e-01 2.956434190273e-01 3.584663569927e-01 2.634270787239e-01 2.105064988136e-01 1.990485936403e-01 1.934093385935e-01 3.042025864124e-01 7.623112797737e-01 3.132366240025e-01
