VariationalSeries/SI/f91_max.grd
DSAA
101	101
32.816463539100	34.260883539100
35.556306596100	36.727886596100
2.801307709888e-04	4.684405899048e+01
[rows 38 to 56 of 101, columns 43 to 85 of 101]
2.848205804825e+00 4.419350624084e+00 4.734369754791e+00 2.788562059402e+00 4.698414325714e+00 2.299066305161e+00 2.359749555588e+00 3.190110683441e+00 2.722720623016e+00 2.186376333237e+00 3.217670440674e+00 1.668352723122e+00 1.838874459267e+00 1.557025074959e+00 2.415175437927e+00 1.759272575378e+00 1.901270270348e+00 1.085792541504e+00 1.475760698318e+00 2.238564968109e+00 2.279956102371e+00 1.746612310410e+00 1.204315304756e+00 9.535571932793e-01 8.207405805588e-01 7.373761534691e-01 6.886395215988e-01 7.046566605568e-01 6.264074444771e-01 4.701840579510e-01 4.670962989330e-01 5.528451204300e-01 6.317142844200e-01 6.495089530945e-01 6.585732698441e-01 6.598373651505e-01 6.496971249580e-01 5.999770760536e-01 5.327053070068e-01 4.747121036053e-01 4.277017414570e-01 4.267584383488e-01 3.628888428211e-01
2.820678472519e+00 5.865278720856e+00 3.795040130615e+00 5.296961307526e+00 3.806403875351e+00 5.363129615784e+00 4.526545047760e+00 2.800705909729e+00 2.835217952728e+00 2.265597105026e+00 3.655559778214e+00 2.367944478989e+00 1.526126623154e+00 1.764589905739e+00 3.209306240082e+00 1.910612702370e+00 2.191045999527e+00 3.422329187393e+00 3.066528558731e+00 2.077004909515e+00 1.401802182198e+00 9.524224400520e-01 8.710501790047e-01 7.845097780228e-01 7.897220253944e-01 7.546791434288e-01 6.613599658012e-01 5.766863822937e-01 5.200694203377e-01 5.185758471489e-01 5.692857503891e-01 5.346776247025e-01 4.387345016003e-01 3.730727434158e-01 3.605294823647e-01 3.110191524029e-01 3.301197588444e-01 3.628217279911e-01 3.992562294006e-01 4.419266581535e-01 4.785889089108e-01 6.289874911308e-01 6.490136384964e-01
4.146650314331e+00 2.908538341522e+00 5.165389537811e+00 4.077223300934e+00 4.346430778503e+00 5.659676074982e+00 3.442909479141e+00 3.136360883713e+00 2.243573904037e+00 2.328717470169e+00 3.914919376373e+00 2.122911930084e+00 2.177018642426e+00 2.135747671127e+00 2.606968164444e+00 4.210103988647e+00 2.871638536453e+00 1.484544634819e+00 1.385520696640e+00 9.187565445900e-01 7.001860737801e-01 1.005103707314e+00 1.320011615753e+00 1.188843011856e+00 8.567005991936e-01 7.463592290878e-01 7.295267581940e-01 6.724336743355e-01 5.806680917740e-01 5.396688580513e-01 5.074318647385e-01 5.152071714401e-01 4.928340911865e-01 4.581333994865e-01 4.478711485863e-01 4.706505239010e-01 4.642819464207e-01 4.214671552181e-01 5.555974841118e-01 7.576831579208e-01 6.229871511459e-01 4.629434943199e-01 4.006983637810e-01
4.630759716034e+00 4.222579479218e+00 6.738313198090e+00 5.631824016571e+00 5.340185642242e+00 5.874887466431e+00 5.514457702637e+00 3.036186218262e+00 3.424347400665e+00 3.263475894928e+00 3.839464187622e+00 3.018671512604e+00 2.805651903152e+00 4.775653839111e+00 3.078139305115e+00 2.273843765259e+00 1.934500575066e+00 1.565520763397e+00 1.151763319969e+00 1.850553393364e+00 1.992925763130e+00 1.047623515129e+00 1.655732274055e+00 1.259870648384e+00 1.133309364319e+00 9.989537596703e-01 8.818888664246e-01 7.883213758469e-01 7.098408341408e-01 6.832541823387e-01 1.277037620544e+00 5.423318147659e-01 5.152456760406e-01 4.874929487705e-01 6.169388294220e-01 7.696032524109e-01 7.042326331139e-01 8.060047626495e-01 6.798999905586e-01 7.459840774536e-01 7.530232071877e-01 7.368370890617e-01 6.768867373466e-01
4.420554161072e+00 6.092893123627e+00 5.274600028992e+00 5.234757423401e+00 4.862147808075e+00 6.169446945190e+00 9.696434974670e+00 4.205378055573e+00 4.884595394135e+00 4.893248558044e+00 4.435891628265e+00 4.430257320404e+00 5.097895145416e+00 2.909350395203e+00 3.142466306686e+00 1.769604921341e+00 2.385225296021e+00 3.187639951706e+00 2.508008718491e+00 2.409240007401e+00 2.503394365311e+00 1.687071561813e+00 1.044376373291e+00 1.013294577599e+00 9.393233656883e-01 8.850272297859e-01 1.073637485504e+00 1.854728341103e+00 2.224351644516e+00 1.971266865730e+00 9.722069501877e-01 7.021985650063e-01 6.662030816078e-01 7.233960628510e-01 9.075962901115e-01 9.309496283531e-01 8.434996008873e-01 7.547719478607e-01 5.566224455833e-01 6.929390430450e-01 8.283614516258e-01 8.270792365074e-01 7.958009243011e-01
5.226690292358e+00 7.609392642975e+00 1.252179718018e+01 7.703324317932e+00 1.234424400330e+01 6.394602775574e+00 1.521212673187e+01 4.359245777130e+00 8.384748458862e+00 6.117138862610e+00 5.323905467987e+00 5.230719566345e+00 2.946932554245e+00 3.606234788895e+00 4.056284427643e+00 3.962965250015e+00 2.455009222031e+00 1.462037682533e+00 3.139741182327e+00 2.714641809464e+00 1.487639069557e+00 1.357689142227e+00 1.284093379974e+00 2.335872411728e+00 2.870339870453e+00 2.534908771515e+00 1.667461276054e+00 1.203731179237e+00 1.307615041733e+00 8.263134956360e-01 6.593853831291e-01 9.889386892319e-01 1.229393362999e+00 1.103388786316e+00 9.739270806313e-01 1.310751557350e+00 1.552659153938e+00 1.388310909271e+00 9.954244494438e-01 7.219226360321e-01 9.023107886314e-01 9.911747574806e-01 1.045720934868e+00
6.470583915710e+00 8.133940696716e+00 9.602384567261e+00 1.271506118774e+01 1.062085819244e+01 1.079625701904e+01 1.787255096436e+01 7.065524101257e+00 8.261941909790e+00 6.507586479187e+00 6.537053108215e+00 3.791707038879e+00 4.075078010559e+00 5.085248470306e+00 3.970381975174e+00 2.850629806519e+00 4.105076313019e+00 3.811811208725e+00 3.017163038254e+00 3.816787958145e+00 3.862506866455e+00 3.347921133041e+00 2.394252061844e+00 1.308747649193e+00 1.436345934868e+00 1.295202851295e+00 1.031048893929e+00 1.063353419304e+00 1.142693638802e+00 1.227802038193e+00 1.195404171944e+00 1.020073294640e+00 9.799219965935e-01 8.223730325699e-01 1.496896386147e+00 1.828839898109e+00 1.714406728745e+00 1.262681365013e+00 7.649661898613e-01 4.730522632599e-01 6.560726165771e-01 7.527791261673e-01 6.927562952042e-01
6.102202415466e+00 8.944133758545e+00 1.064260578156e+01 1.018213272095e+01 1.513561153412e+01 1.133565711975e+01 1.822658157349e+01 1.002524280548e+01 8.583548545837e+00 9.509799957275e+00 7.283799648285e+00 4.766015052795e+00 4.763241291046e+00 5.079415321350e+00 2.931178808212e+00 4.349516391754e+00 5.609791278839e+00 3.861648082733e+00 2.289905786514e+00 2.263203620911e+00 1.997763991356e+00 1.552412509918e+00 1.495519757271e+00 1.652747392654e+00 1.653034925461e+00 1.459974527359e+00 1.265005230904e+00 1.235403895378e+00 1.028198122978e+00 1.133392333984e+00 1.081968426704e+00 9.867129921913e-01 6.849630475044e-01 1.251096725464e+00 1.492463707924e+00 1.414884805679e+00 9.882459044456e-01 5.345684885979e-01 7.353774905205e-01 6.919999718666e-01 5.181139111519e-01 4.884679317474e-01 5.279541611671e-01
9.061499595642e+00 1.265402984619e+01 1.292347240448e+01 1.414403247833e+01 1.540289020538e+01 1.935664749146e+01 1.826568222046e+01 3.536818695068e+01 1.303661537170e+01 8.249605178833e+00 7.666653156281e+00 6.857268333435e+00 5.827914237976e+00 8.856462478638e+00 7.759027957916e+00 4.518609046936e+00 4.170951843262e+00 4.326245784760e+00 3.165381431580e+00 2.813748359680e+00 2.786737442017e+00 2.649849414825e+00 2.823517560959e+00 2.103790283203e+00 2.712975978851e+00 2.400153398514e+00 1.511752009392e+00 1.376225829124e+00 1.391185641289e+00 1.297670602798e+00 1.107412457466e+00 1.070097923279e+00 1.115726113319e+00 1.284044146538e+00 1.193742036819e+00 9.161358475685e-01 7.017621994019e-01 6.345075368881e-01 6.183529496193e-01 6.115252375603e-01 5.977157950401e-01 5.756710767746e-01 5.522040128708e-01
5.770399570465e+00 1.674770355225e+01 1.160479068756e+01 1.448889732361e+01 2.292903518677e+01 1.851317214966e+01 2.195889472961e+01 2.591809844971e+01 1.275480175018e+01 1.207819080353e+01 1.535269737244e+01 9.773941993713e+00 1.212182712555e+01 9.424356460571e+00 7.884956836700e+00 6.873385429382e+00 5.839601039886e+00 5.050440788269e+00 4.454318523407e+00 6.247553348541e+00 7.294562816620e+00 3.041200160980e+00 1.982170224190e+00 1.994198560715e+00 2.799669742584e+00 1.769310593605e+00 1.529139161110e+00 1.460310101509e+00 1.344485402107e+00 1.278887987137e+00 1.227814316750e+00 1.269552826881e+00 1.343184590340e+00 1.148221254349e+00 8.787735104561e-01 8.224827051163e-01 7.786518335342e-01 6.356754302979e-01 6.287564039230e-01 6.274192333221e-01 5.789324641228e-01 5.931306481361e-01 6.229048967361e-01
1.546459484100e+01 1.813406944275e+01 2.071277999878e+01 2.186289978027e+01 2.543037796021e+01 3.524417877197e+01 4.684405899048e+01 2.153648376465e+01 1.736738204956e+01 1.216810512543e+01 1.731782913208e+01 1.725304031372e+01 6.466664314270e+00 1.036502933502e+01 1.137654495239e+01 5.655189514160e+00 5.209337711334e+00 5.512973308563e+00 6.070817947388e+00 7.136868476868e+00 5.493419647217e+00 2.358986616135e+00 2.640811204910e+00 2.188961982727e+00 2.037573337555e+00 1.744087338448e+00 1.695130348206e+00 1.681779623032e+00 1.397349953651e+00 9.699539542198e-01 8.703026771545e-01 9.531702399254e-01 1.011402010918e+00 1.038711428642e+00 1.018378734589e+00 9.748072028160e-01 8.686754107475e-01 8.921415209770e-01 9.939270019531e-01 1.017262935638e+00 9.103271365166e-01 7.896376252174e-01 6.888018846512e-01
1.037660121918e+01 1.848442649841e+01 1.912772750854e+01 2.427808952332e+01 2.404321479797e+01 2.377840423584e+01 2.336421394348e+01 1.925939750671e+01 1.348631000519e+01 1.541238403320e+01 1.475622367859e+01 1.542416477203e+01 1.867980575562e+01 8.135127067566e+00 6.958550453186e+00 4.323059082031e+00 3.925833940506e+00 2.774668455124e+00 2.560815095901e+00 2.180570840836e+00 1.875922203064e+00 2.124140501022e+00 2.616961240768e+00 3.009639024734e+00 3.078213453293e+00 2.698524236679e+00 2.148691892624e+00 1.487738728523e+00 1.028326272964e+00 8.477253317833e-01 6.971669197083e-01 7.850924730301e-01 1.019962310791e+00 6.759708523750e-01 7.717576026917e-01 8.428120613098e-01 6.730950474739e-01 8.251340389252e-01 9.748485088348e-01 1.032538890839e+00 1.171213984489e+00 1.470513939857e+00 1.668694019318e+00
4.062800407410e+00 5.527095317841e+00 8.781790733337e+00 4.146760177612e+01 2.272797203064e+01 2.171802902222e+01 1.218526935577e+01 1.248379421234e+01 1.155041313171e+01 1.834998130798e+01 1.712111091614e+01 2.430285453796e+01 3.516582870483e+01 2.578708457947e+01 1.677256393433e+01 7.712462425232e+00 3.622972249985e+00 2.578664302826e+00 2.368412256241e+00 3.165419101715e+00 4.120069980621e+00 3.813727855682e+00 2.813439846039e+00 1.807246327400e+00 1.989268422127e+00 1.879751801491e+00 2.675926923752e+00 3.982063293457e+00 1.845077753067e+00 9.785614013672e-01 9.063054323196e-01 1.486857652664e+00 9.632295966148e-01 6.068552136421e-01 5.365324616432e-01 5.543716549873e-01 5.585385560989e-01 5.746867060661e-01 5.848342776299e-01 5.842876434326e-01 5.850521922112e-01 6.471441388130e-01 5.646301507950e-01
7.381616830826e-01 1.818620324135e+00 4.377251625061e+00 5.876004695892e+00 6.010332107544e+00 5.867123126984e+00 4.578206062317e+00 6.281604766846e+00 6.201171875000e+00 9.971710205078e+00 2.028244400024e+01 2.288604736328e+01 3.148777389526e+01 1.809057426453e+01 1.295820331573e+01 7.314043045044e+00 3.334253549576e+00 1.745878338814e+00 1.863732099533e+00 4.071320056915e+00 1.295415592194e+01 5.403704166412e+00 4.619461536407e+00 3.474433898926e+00 3.539487600327e+00 3.038053512573e+00 3.250987529755e+00 2.276540040970e+00 1.135523319244e+00 1.497307300568e+00 1.263334274292e+00 1.270935654640e+00 7.759836912155e-01 7.039169669151e-01 4.910903871059e-01 4.474262893200e-01 4.630524814129e-01 4.626363813877e-01 4.995727539062e-01 4.635463356972e-01 6.032490730286e-01 7.084121704102e-01 6.851233243942e-01
5.095432400703e-01 9.493688344955e-01 2.757330894470e+00 1.597959399223e+00 1.431087255478e+00 1.170119762421e+00 1.787392020226e+00 2.931762933731e+00 3.069885730743e+00 3.247844934464e+00 9.212736129761e+00 4.491578292847e+01 3.597861099243e+01 1.616384124756e+01 7.449712276459e+00 2.148314237595e+00 1.288487553596e+00 8.458164930344e-01 1.050772309303e+00 2.695601224899e+00 6.178110122681e+00 1.075463485718e+01 5.381177902222e+00 4.092868804932e+00 3.228471994400e+00 2.422350883484e+00 2.561560869217e+00 2.398205757141e+00 2.103870868683e+00 1.896758198738e+00 2.309119939804e+00 9.904090166092e-01 9.169394969940e-01 7.416009306908e-01 7.581554055214e-01 7.066749334335e-01 5.924805402756e-01 5.033833980560e-01 5.775523185730e-01 6.665627956390e-01 7.806698679924e-01 7.684214711189e-01 6.553314924240e-01
3.429307639599e-01 1.416058421135e+00 3.314646244049e+00 2.420492649078e+00 6.086184382439e-01 7.155649662018e-01 6.860054731369e-01 1.382033586502e+00 1.508522748947e+00 2.409793138504e+00 4.652486324310e+00 1.231234741211e+01 2.636338996887e+01 1.813361167908e+01 2.455394935608e+01 5.912340164185e+00 7.299733161926e-01 4.591877758503e-01 7.238849997520e-01 2.412171363831e+00 7.285979270935e+00 1.147097015381e+01 8.740954399109e+00 5.946977615356e+00 4.132443904877e+00 2.601850509644e+00 2.954174995422e+00 2.186229944229e+00 2.115028381348e+00 2.104378700256e+00 1.747668981552e+00 1.393274426460e+00 9.809715151787e-01 1.046270608902e+00 9.423425197601e-01 7.464811801910e-01 6.632035374641e-01 6.150802373886e-01 5.724724531174e-01 6.683402061462e-01 7.330788373947e-01 7.128007411957e-01 6.315143704414e-01
2.937627732754e-01 7.229978442192e-01 4.901014804840e+00 5.918924808502e+00 3.102421283722e+00 4.811597168446e-01 3.662416338921e-01 6.871143579483e-01 6.865437626839e-01 5.626153945923e-01 4.742128252983e-01 1.972518444061e+00 8.925460815430e+00 5.118416786194e+00 2.970099258423e+01 3.601699829102e+00 2.018962621689e+00 7.590903043747e-01 6.437457203865e-01 2.085178375244e+00 4.077109336853e+00 3.616183853149e+01 1.121577739716e+01 4.878079891205e+00 4.933313369751e+00 2.607831954956e+00 2.799353122711e+00 2.385125875473e+00 3.398715257645e+00 2.609710693359e+00 1.496692538261e+00 1.488747835159e+00 1.387399077415e+00 1.320767998695e+00 1.296523094177e+00 1.033541560173e+00 1.024055838585e+00 1.132668733597e+00 7.316789031029e-01 5.611948370934e-01 5.536625385284e-01 5.468214154243e-01 6.278632879257e-01
1.891138106585e-01 3.258706331253e-01 4.057784676552e-01 2.303718328476e+00 1.421718239784e+00 3.424455225468e-01 2.912583053112e-01 3.412581980228e-01 3.196954727173e-01 3.073755800724e-01 2.228274047375e-01 2.489373534918e-01 7.605235576630e-01 4.695730686188e+00 1.344955825806e+01 3.303236246109e+00 2.747582674026e+00 1.291689634323e+00 7.596982717514e-01 1.491612911224e+00 1.751301646233e+00 2.382495641708e+00 2.186673879623e+00 1.654523849487e+00 2.416063308716e+00 4.024482727051e+00 3.517538070679e+00 3.508450269699e+00 2.266564607620e+00 2.951350927353e+00 3.078395128250e+00 2.681619167328e+00 1.636730909348e+00 1.362762808800e+00 1.304829597473e+00 1.138934731483e+00 9.732092618942e-01 9.921895265579e-01 9.613363146782e-01 6.363461017609e-01 5.243414640427e-01 5.400999188423e-01 5.785657763481e-01
2.067623734474e-01 3.305836915970e-01 2.175246328115e-01 2.461029887199e-01 2.501482069492e-01 2.932606935501e-01 2.691175043583e-01 2.517172992229e-01 2.327472865582e-01 1.770367324352e-01 1.248250380158e-01 1.054612472653e-01 1.757447570562e-01 4.878427982330e+00 7.627661228180e+00 7.807978153229e+00 2.249234199524e+00 2.395423889160e+00 2.087126970291e+00 8.664392232895e-01 9.403705596924e-01 1.763858914375e+00 4.811870574951e+00 4.609730720520e+00 6.005275249481e+00 6.038478374481e+00 5.656739234924e+00 5.339683055878e+00 5.053536891937e+00 4.815527439117e+00 5.122261524200e+00 6.272130966187e+00 5.360671043396e+00 2.191438436508e+00 8.912516832352e-01 1.051557779312e+00 1.150985240936e+00 7.951918840408e-01 7.895048260689e-01 5.580989122391e-01 5.515453219414e-01 4.026837050915e-01 4.569825530052e-01
