VariationalSeries/SI/f93.grd
DSAA
101	101
32.816463539100	34.260883539100
35.556306596100	36.727886596100
3.215833276045e-04	5.375322723389e+01
[rows 76 to 94 of 101, columns 43 to 85 of 101]
8.228355646133e-02 6.967459619045e-02 1.280284821987e-01 3.219760954380e-01 3.462385535240e-01 6.904853582382e-01 1.102349281311e+00 1.239651679993e+00 7.676753997803e-01 2.146217972040e-01 7.724750041962e-01 1.733103394508e+00 1.296451807022e+00 3.324081599712e-01 1.509764492512e-01 2.131655365229e-01 2.242094278336e-01 1.143403798342e-01 1.071613207459e-01 1.335424780846e-01 4.922157227993e-01 1.127810478210e+00 2.663220167160e-01 1.806551516056e-01 1.321833282709e-01 8.863243460655e-02 4.517942294478e-02 3.884164988995e-02 3.782467171550e-02 3.566282615066e-02 3.358387947083e-02 3.501715511084e-02 3.688235580921e-02 3.913809359074e-02 3.953753411770e-02 3.679698333144e-02 3.374934941530e-02 3.154690936208e-02 3.001036681235e-02 2.910376526415e-02 3.257161006331e-02 4.998735338449e-02 6.815700232983e-02
1.326956450939e-01 1.793105304241e-01 2.291583567858e-01 2.400877326727e-01 3.308293819427e-01 4.582983553410e-01 5.917948484421e-01 5.533896684647e-01 8.882734179497e-01 1.296327590942e+00 1.286018013954e+00 6.177929639816e-01 4.321932792664e-01 3.858304023743e-01 2.487469613552e-01 2.619518637657e-01 7.238116115332e-02 4.560748860240e-02 5.538222193718e-02 6.197868660092e-02 4.700884968042e-02 5.622633174062e-02 8.892683684826e-02 9.001205861568e-02 8.169671148062e-02 5.011644959450e-02 2.466742135584e-02 2.213383279741e-02 2.560352906585e-02 2.950653806329e-02 3.148233145475e-02 3.218013420701e-02 3.201430290937e-02 3.061559423804e-02 2.662892639637e-02 2.137220278382e-02 1.712413690984e-02 1.687692105770e-02 1.789264939725e-02 2.094855718315e-02 2.638067305088e-02 4.500108584762e-02 6.019096449018e-02
2.817559242249e-01 4.257568418980e-01 2.812526822090e-01 1.327569186687e-01 1.537110954523e-01 5.634033679962e-01 1.580371856689e+00 2.104621171951e+00 1.578164577484e+00 7.789193391800e-01 4.172504842281e-01 2.673200666904e-01 1.934196501970e-01 3.116626441479e-01 2.564132511616e-01 9.591969847679e-02 3.211594372988e-02 2.954090572894e-02 3.058906085789e-02 4.138488322496e-02 3.091114945710e-02 2.817199192941e-02 3.255879133940e-02 3.694587573409e-02 3.348215669394e-02 3.050856105983e-02 2.473221160471e-02 2.573513239622e-02 2.164826355875e-02 2.469243668020e-02 2.584872394800e-02 2.408821322024e-02 2.313338220119e-02 2.236397750676e-02 1.576198264956e-02 1.515880972147e-02 1.609764806926e-02 1.603556424379e-02 1.570139266551e-02 1.669508032501e-02 2.041797153652e-02 3.908374905586e-02 5.730693414807e-02
3.992835581303e-01 4.659622013569e-01 1.575964689255e-01 1.629357635975e-01 5.782449245453e-01 1.035641193390e+00 1.068700194359e+00 9.189041852951e-01 7.742877006531e-01 3.615527451038e-01 3.171708583832e-01 3.849448263645e-01 2.365963906050e-01 1.482347100973e-01 6.600469350815e-02 3.548168763518e-02 2.261691540480e-02 2.184056118131e-02 2.097383700311e-02 2.598393335938e-02 2.322436869144e-02 2.323133684695e-02 2.161051519215e-02 2.134100906551e-02 2.067444473505e-02 2.110537886620e-02 2.040197327733e-02 2.074734866619e-02 2.231475524604e-02 2.137730084360e-02 2.165909670293e-02 1.784634031355e-02 1.976996101439e-02 2.074531465769e-02 1.652136445045e-02 1.257668435574e-02 1.504561305046e-02 1.600706577301e-02 1.607324928045e-02 1.579309254885e-02 1.630081422627e-02 2.100826613605e-02 3.533145412803e-02
1.743436604738e-01 2.927412390709e-01 4.222258329391e-01 5.449997782707e-01 5.951126813889e-01 4.891282916069e-01 5.436228513718e-01 6.862065792084e-01 9.800281524658e-01 3.714800477028e-01 3.875945806503e-01 2.354389429092e-01 9.469208866358e-02 4.041725024581e-02 2.792876027524e-02 2.271449007094e-02 2.037579379976e-02 1.837035827339e-02 1.682918146253e-02 1.591916568577e-02 1.767449080944e-02 1.365669444203e-02 1.384039968252e-02 1.378991547972e-02 1.454070489854e-02 1.527269370854e-02 1.541270688176e-02 1.411812845618e-02 1.213341113180e-02 1.456459145993e-02 1.422486640513e-02 1.381469052285e-02 1.550448127091e-02 1.729998737574e-02 1.591456681490e-02 1.248309854418e-02 1.397945545614e-02 1.569403894246e-02 1.611413806677e-02 1.637564040720e-02 1.898745633662e-02 2.279402501881e-02 2.867681719363e-02
1.940570473671e-01 5.896886587143e-01 1.093100190163e+00 6.333249807358e-01 4.121361672878e-01 7.198026180267e-01 9.603162407875e-01 1.292555928230e+00 6.246705651283e-01 3.196190893650e-01 1.499239951372e-01 8.675332367420e-02 3.714586421847e-02 2.375077456236e-02 1.681768149137e-02 1.411054376513e-02 1.296374667436e-02 1.204751525074e-02 1.236685551703e-02 1.317816600204e-02 1.358590740710e-02 1.260613929480e-02 1.221861690283e-02 1.311324164271e-02 1.566605642438e-02 1.824755035341e-02 1.995740830898e-02 1.939802616835e-02 1.532446313649e-02 1.185151934624e-02 1.182800158858e-02 1.091939676553e-02 1.112530659884e-02 1.389685459435e-02 1.438613608479e-02 1.341400854290e-02 1.271420158446e-02 1.489073690027e-02 1.571803539991e-02 1.587516814470e-02 1.821034774184e-02 2.522182092071e-02 3.412676602602e-02
3.643167614937e-01 1.142275452614e+00 8.692944645882e-01 7.128762602806e-01 7.820029854774e-01 7.495990991592e-01 5.184861421585e-01 4.982136785984e-01 3.941246569157e-01 2.005762904882e-01 7.224654406309e-02 4.469484090805e-02 2.471054531634e-02 1.583202928305e-02 1.281666196883e-02 1.050277333707e-02 1.048810593784e-02 1.120421104133e-02 1.094940211624e-02 1.045381370932e-02 1.136220153421e-02 1.171228196472e-02 1.131907198578e-02 1.134906522930e-02 1.428107824177e-02 1.753070764244e-02 1.990706287324e-02 1.985958591104e-02 1.613023504615e-02 1.098434999585e-02 1.148658245802e-02 1.189948525280e-02 9.731039404869e-03 1.023774780333e-02 1.220206264406e-02 1.362130511552e-02 1.376143377274e-02 1.362898480147e-02 1.489577163011e-02 1.554797124118e-02 1.544250827283e-02 1.752625219524e-02 2.215222828090e-02
4.890226423740e-01 8.290778398514e-01 4.959092438221e-01 3.003315031528e-01 2.002625912428e-01 2.475015372038e-01 2.121673971415e-01 2.533169984818e-01 2.166806757450e-01 7.577291131020e-02 5.205898731947e-02 3.098065964878e-02 2.624268457294e-02 1.948647201061e-02 1.217007916421e-02 9.909223765135e-03 1.078349165618e-02 1.087942440063e-02 9.909846819937e-03 9.368757717311e-03 1.087222434580e-02 1.190542988479e-02 1.246031001210e-02 1.203100569546e-02 1.114387158304e-02 1.331685669720e-02 1.486292202026e-02 1.473254710436e-02 1.218065619469e-02 9.866937994957e-03 1.020123809576e-02 1.120296586305e-02 1.069336663932e-02 9.137181565166e-03 9.259537793696e-03 1.114178076386e-02 1.238091755658e-02 1.208932325244e-02 1.375259179622e-02 1.493394561112e-02 1.521228719503e-02 1.605525985360e-02 1.802510209382e-02
6.917659044266e-01 5.756275653839e-01 1.855662465096e-01 1.413005143404e-01 1.498988121748e-01 8.938348293304e-02 1.245094239712e-01 2.047141045332e-01 1.364719271660e-01 6.695080548525e-02 4.937897995114e-02 2.813572995365e-02 2.740964852273e-02 2.598227746785e-02 1.626789197326e-02 1.286986190826e-02 1.092109736055e-02 1.046609133482e-02 9.028208442032e-03 9.032170288265e-03 1.093171350658e-02 1.311117317528e-02 1.441872306168e-02 1.347496639937e-02 1.151258219033e-02 9.901792742312e-03 1.086110994220e-02 1.161160692573e-02 1.154999155551e-02 1.221245899796e-02 1.097853574902e-02 1.009765081108e-02 1.026500295848e-02 9.313936345279e-03 8.924403227866e-03 1.078995782882e-02 1.180003210902e-02 1.149713154882e-02 1.238480769098e-02 1.393140573055e-02 1.460808049887e-02 1.638503372669e-02 2.064874581993e-02
1.093729376793e+00 4.800120592117e-01 9.514743089676e-02 6.795642524958e-02 5.219963565469e-02 6.375662237406e-02 6.865870207548e-02 1.544457376003e-01 1.565179675817e-01 9.551543742418e-02 4.767875000834e-02 2.726532146335e-02 2.359581179917e-02 2.465317212045e-02 2.023155614734e-02 1.245129201561e-02 1.086523476988e-02 1.006936654449e-02 8.371617645025e-03 8.929066359997e-03 1.119120791554e-02 1.461959071457e-02 1.595000736415e-02 1.416726130992e-02 1.189824659377e-02 1.047827024013e-02 1.124525628984e-02 1.252725627273e-02 1.308016013354e-02 1.277126371861e-02 1.183301024139e-02 9.787010960281e-03 1.122501026839e-02 9.333180263638e-03 8.687957189977e-03 9.494697675109e-03 1.193769928068e-02 1.314656529576e-02 1.400935370475e-02 1.592810265720e-02 1.829747855663e-02 1.900001242757e-02 1.847114227712e-02
9.467647075653e-01 2.899760007858e-01 7.237712293863e-02 4.093278199434e-02 3.729237988591e-02 4.327090084553e-02 7.973696291447e-02 1.020451486111e-01 1.220291331410e-01 8.524032682180e-02 5.610826611519e-02 3.164303675294e-02 2.058188803494e-02 1.782961562276e-02 1.707183383405e-02 1.442232541740e-02 1.249571703374e-02 1.373233553022e-02 1.146061159670e-02 9.856282733381e-03 1.229979656637e-02 1.643853634596e-02 1.711867377162e-02 1.437934860587e-02 1.220866572112e-02 1.112384442240e-02 1.176742184907e-02 1.320913061500e-02 1.425134949386e-02 1.329350285232e-02 1.167018525302e-02 9.658029302955e-03 1.145345065743e-02 8.861063979566e-03 8.587048389018e-03 8.197747170925e-03 8.966130204499e-03 1.181470882148e-02 1.505431905389e-02 1.938818022609e-02 2.367664873600e-02 2.536844089627e-02 2.565720863640e-02
4.977001249790e-01 9.081147611141e-02 4.310752451420e-02 3.767322003841e-02 3.148625791073e-02 3.188245370984e-02 5.141378194094e-02 2.849971689284e-02 7.409793138504e-02 1.120219603181e-01 7.962624728680e-02 6.056893989444e-02 3.034711815417e-02 1.869134604931e-02 1.598179154098e-02 1.620017923415e-02 1.718565262854e-02 1.545412093401e-02 1.366492640227e-02 1.202655863017e-02 1.471399143338e-02 1.808736287057e-02 1.742184162140e-02 1.467106025666e-02 1.309395954013e-02 1.232039649040e-02 1.244044490159e-02 1.387253217399e-02 1.505752373487e-02 1.441676635295e-02 1.204970106483e-02 9.531833231449e-03 1.080997381359e-02 9.787366725504e-03 8.513547480106e-03 8.467498235404e-03 8.161488920450e-03 8.536539040506e-03 1.088272593915e-02 1.664031110704e-02 2.272777445614e-02 2.650000154972e-02 2.866451628506e-02
1.345880329609e-01 5.226963758469e-02 3.400313109159e-02 3.249726444483e-02 2.524423412979e-02 2.293114364147e-02 2.312265709043e-02 2.175671793520e-02 2.695839479566e-02 9.238304197788e-02 1.024896726012e-01 1.499608606100e-01 9.600903093815e-02 3.457017615438e-02 2.148628607392e-02 1.792196929455e-02 1.953995600343e-02 2.310785837471e-02 2.153179794550e-02 1.725438237190e-02 1.677092351019e-02 1.879996620119e-02 1.690780557692e-02 1.459484640509e-02 1.373579353094e-02 1.360200997442e-02 1.386207621545e-02 1.417857129127e-02 1.540224533528e-02 1.545589603484e-02 1.332391239703e-02 1.027442701161e-02 1.014210656285e-02 1.013932097703e-02 9.520335122943e-03 9.753747843206e-03 9.659448638558e-03 9.493108838797e-03 9.371927939355e-03 9.612102992833e-03 1.293163094670e-02 1.722092181444e-02 2.030283771455e-02
4.815959930420e-02 2.990416064858e-02 3.045640885830e-02 2.653882466257e-02 2.152975462377e-02 1.953585818410e-02 1.692402176559e-02 1.685731485486e-02 1.986792497337e-02 3.829085454345e-02 1.528570502996e-01 3.751560151577e-01 2.575660645962e-01 8.223954588175e-02 3.619385138154e-02 2.249757014215e-02 2.035625092685e-02 2.440908737481e-02 2.364863455296e-02 2.479468844831e-02 2.386712655425e-02 1.967806182802e-02 1.758687198162e-02 1.577912457287e-02 1.529623474926e-02 1.540941279382e-02 1.538123190403e-02 1.498212479055e-02 1.542953681201e-02 1.625452935696e-02 1.468745246530e-02 1.073617767543e-02 9.887229651213e-03 9.741256944835e-03 1.026958599687e-02 1.102655194700e-02 1.154256239533e-02 1.170545723289e-02 1.161069609225e-02 1.119258999825e-02 1.120380405337e-02 1.178366411477e-02 1.215312536806e-02
4.353332147002e-02 2.492716908455e-02 2.710057795048e-02 2.071798779070e-02 1.683530211449e-02 1.583855040371e-02 1.390484906733e-02 1.440999191254e-02 1.443968061358e-02 2.657621540129e-02 1.158168613911e-01 3.123192787170e-01 2.833742499352e-01 1.826548427343e-01 4.414051771164e-02 2.461545914412e-02 1.874072290957e-02 2.693031169474e-02 3.196954727173e-02 2.999024279416e-02 2.452996186912e-02 1.917275227606e-02 1.898404955864e-02 1.785525307059e-02 1.725525036454e-02 1.685617677867e-02 1.613500341773e-02 1.471939682961e-02 1.554365549237e-02 1.640272326767e-02 1.445170398802e-02 1.114504970610e-02 1.153483893722e-02 1.115924865007e-02 1.057886704803e-02 1.029939204454e-02 1.100619416684e-02 1.143299043179e-02 1.131706126034e-02 1.059253141284e-02 1.173415593803e-02 1.385169103742e-02 1.534847822040e-02
5.364238843322e-02 2.810833603144e-02 2.370077930391e-02 1.830310933292e-02 1.373338792473e-02 1.295114308596e-02 1.333334390074e-02 1.301530934870e-02 1.303125917912e-02 1.662748493254e-02 4.404488950968e-02 1.609616726637e-01 5.850964784622e-01 4.515445828438e-01 7.578515261412e-02 2.875678054988e-02 3.161782398820e-02 3.372994437814e-02 2.999142557383e-02 2.386852912605e-02 1.938910968602e-02 1.977479457855e-02 2.096288837492e-02 2.029985934496e-02 1.891750469804e-02 1.716296933591e-02 1.484875660390e-02 1.372501999140e-02 1.604595221579e-02 1.648814044893e-02 1.478771027178e-02 1.642600446939e-02 1.646490953863e-02 1.557038445026e-02 1.400215458125e-02 1.088642701507e-02 9.148275479674e-03 9.107377380133e-03 9.361691772938e-03 1.006212364882e-02 1.182093750685e-02 1.473105419427e-02 1.824216730893e-02
5.678652971983e-02 3.189889341593e-02 2.393423393369e-02 1.597275584936e-02 1.206293329597e-02 1.265373639762e-02 1.249941159040e-02 1.261205598712e-02 1.135736703873e-02 1.272633392364e-02 2.492837794125e-02 8.194703608751e-02 2.844717502594e-01 2.508047223091e-01 8.387421816587e-02 4.778312146664e-02 3.927640989423e-02 3.047284856439e-02 2.347265556455e-02 1.877387426794e-02 1.871040277183e-02 1.996771804988e-02 2.123240754008e-02 2.019197866321e-02 1.743957772851e-02 1.414722111076e-02 1.183219067752e-02 1.287379767746e-02 1.611847616732e-02 1.693583652377e-02 1.752771995962e-02 1.926025934517e-02 1.912266761065e-02 1.781156845391e-02 1.513836067170e-02 1.137403026223e-02 1.165748294443e-02 1.210726983845e-02 1.282752770931e-02 1.343749742955e-02 1.360176689923e-02 1.515714358538e-02 1.955100335181e-02
5.308090150356e-02 2.852353267372e-02 2.013673260808e-02 1.254791859537e-02 1.158204581589e-02 1.249372866005e-02 1.207156293094e-02 1.044745650142e-02 8.308666758239e-03 1.148341316730e-02 2.121627144516e-02 3.628456220031e-02 1.004448160529e-01 1.193659305573e-01 8.647426217794e-02 5.296359583735e-02 3.349284082651e-02 2.379830181599e-02 2.203066088259e-02 2.139969542623e-02 1.927410997450e-02 1.822847314179e-02 1.763320527971e-02 1.549189537764e-02 1.221947651356e-02 1.101973000914e-02 1.086614560336e-02 1.159508712590e-02 1.502231601626e-02 1.679312996566e-02 1.244673784822e-02 1.353214401752e-02 1.353428047150e-02 1.265510357916e-02 1.228829938918e-02 1.343651860952e-02 1.452884916216e-02 1.597266271710e-02 1.754235848784e-02 1.842455752194e-02 1.808734796941e-02 1.684852875769e-02 1.918593794107e-02
4.742029309273e-02 2.109866589308e-02 1.447805855423e-02 8.998242206872e-03 1.084330398589e-02 1.203110814095e-02 1.152763050050e-02 9.517631493509e-03 7.036280352622e-03 1.033868733793e-02 1.906950771809e-02 2.952826954424e-02 6.989450752735e-02 8.966980129480e-02 6.971886008978e-02 4.128338024020e-02 2.555698528886e-02 2.369043789804e-02 2.331665530801e-02 1.955110393465e-02 1.554645597935e-02 1.298641599715e-02 1.136328466237e-02 9.521724656224e-03 9.046924300492e-03 8.890585973859e-03 8.907579816878e-03 9.855272248387e-03 1.308351941407e-02 1.530101802200e-02 1.188726816326e-02 9.338946081698e-03 8.864078670740e-03 1.133002620190e-02 1.340866275132e-02 1.523730810732e-02 1.735754683614e-02 1.999352499843e-02 2.246361970901e-02 2.346690185368e-02 2.231738343835e-02 1.967179775238e-02 1.891117915511e-02
