VariationalSeries/SI/f93.grd
DSAA
101	101
32.816463539100	34.260883539100
35.556306596100	36.727886596100
3.215833276045e-04	5.375322723389e+01
[rows 57 to 75 of 101, columns 43 to 85 of 101]
2.243775725365e-01 2.673584222794e-01 1.364335417747e-01 1.513500958681e-01 1.496571749449e-01 2.404097765684e-01 2.697494924068e-01 3.623321652412e-01 3.159399032593e-01 1.726855188608e-01 1.206174567342e-01 1.012539118528e-01 7.440593093634e-02 1.316925287247e-01 5.541269779205e-01 1.860837817192e+00 4.079945087433e+00 3.828513622284e+00 5.432099342346e+00 1.867881655693e+00 5.421043634415e-01 4.128855168819e-01 7.469671964645e-01 1.387569189072e+00 2.373754978180e+00 2.152394533157e+00 2.343156576157e+00 1.899387001991e+00 2.463774919510e+00 2.281968593597e+00 2.409863710403e+00 1.796153783798e+00 1.859325170517e+00 2.612716913223e+00 1.622659206390e+00 1.020127415657e+00 1.190281867981e+00 1.665348291397e+00 2.088061809540e+00 1.511280059814e+00 6.305531263351e-01 5.552850961685e-01 5.368003845215e-01
1.790693104267e-01 2.906893193722e-01 1.102748513222e-01 1.172822788358e-01 1.161338910460e-01 1.745090335608e-01 3.381323814392e-01 1.084851026535e+00 8.618950843811e-01 1.858715713024e-01 1.113089174032e-01 7.711767405272e-02 5.902567505836e-02 5.842548608780e-02 1.153536662459e-01 1.109059929848e+00 1.298972964287e+00 1.343760132790e+00 1.084749221802e+00 1.099771142006e+00 8.077030181885e-01 6.131075024605e-01 4.727659821510e-01 2.885838449001e-01 7.441849112511e-01 1.474256038666e+00 2.576434373856e+00 2.627792835236e+00 2.867920398712e+00 1.572547912598e+00 2.075727939606e+00 1.893114686012e+00 1.622862815857e+00 1.425261974335e+00 1.448836088181e+00 1.087571740150e+00 1.068831086159e+00 1.286153316498e+00 1.263254046440e+00 1.156404852867e+00 1.199301838875e+00 1.256619691849e+00 1.175392627716e+00
1.502992957830e-01 1.448131203651e-01 1.003010720015e-01 1.066937446594e-01 1.084386259317e-01 1.587890982628e-01 4.803162515163e-01 1.191552281380e+00 1.235220074654e+00 2.790784537792e-01 1.160778924823e-01 6.589411944151e-02 4.662472009659e-02 4.223227500916e-02 4.342074692249e-02 5.425096303225e-02 7.422488927841e-02 1.010970249772e-01 1.306148916483e-01 1.621390730143e-01 1.897373795509e-01 2.242091000080e-01 1.507573425770e-01 1.514889895916e-01 3.630400896072e-01 1.687801361084e+00 2.906594991684e+00 3.303007841110e+00 3.174995899200e+00 3.202659368515e+00 2.106181859970e+00 1.827382445335e+00 1.549868941307e+00 1.410092353821e+00 1.979730963707e+00 1.706863641739e+00 1.416314840317e+00 8.868521451950e-01 9.524868130684e-01 7.998180985451e-01 7.051711082458e-01 6.642599105835e-01 5.799058079720e-01
1.385574787855e-01 1.246337667108e-01 9.704463183880e-02 1.081391200423e-01 1.227908581495e-01 1.611714214087e-01 1.025810241699e+00 1.242030262947e+00 1.530630350113e+00 2.151584029198e-01 1.017502844334e-01 6.342256814241e-02 4.209068790078e-02 3.416115045547e-02 3.265213966370e-02 3.447181731462e-02 4.216529056430e-02 5.553305149078e-02 7.919289171696e-02 9.287901967764e-02 1.063858941197e-01 2.132743895054e-01 1.098580658436e-01 1.013147979975e-01 3.091996014118e-01 6.873140931129e-01 2.453477382660e+00 2.739929199219e+00 2.902637004852e+00 3.101492404938e+00 2.589901685715e+00 2.002408504486e+00 1.393236875534e+00 1.785065174103e+00 1.240938067436e+00 1.091829538345e+00 9.051840305328e-01 7.481358647346e-01 7.031362652779e-01 6.928047537804e-01 7.320140004158e-01 1.040375828743e+00 1.447626233101e+00
1.173427030444e-01 9.133734554052e-02 9.531992673874e-02 1.147176176310e-01 1.749447137117e-01 2.863272428513e-01 8.700283169746e-01 1.941146969795e+00 7.547709941864e-01 1.198694929481e-01 7.403510808945e-02 5.400422215462e-02 3.840513527393e-02 2.882304787636e-02 2.638103440404e-02 2.643358893692e-02 2.882168628275e-02 3.852356970310e-02 5.304032936692e-02 6.065730005503e-02 6.288918107748e-02 1.305738389492e-01 7.817559689283e-02 8.476521819830e-02 1.903539299965e-01 6.446228623390e-01 1.743807911873e+00 2.365196943283e+00 2.468106985092e+00 1.882912278175e+00 1.450368881226e+00 2.071773290634e+00 1.416636347771e+00 9.975605010986e-01 1.109171509743e+00 1.405423402786e+00 1.272021889687e+00 8.973570466042e-01 8.374702930450e-01 8.157886266708e-01 7.905790209770e-01 8.803452253342e-01 1.088492155075e+00
8.512572944164e-02 6.999890506268e-02 8.753545582294e-02 2.036211192608e-01 4.589705169201e-01 1.065956592560e+00 1.572239518166e+00 9.931060671806e-01 1.064126342535e-01 7.266988605261e-02 5.222746729851e-02 4.304131120443e-02 3.360136970878e-02 2.745749242604e-02 2.416558563709e-02 2.517941221595e-02 2.636703662574e-02 3.185492753983e-02 4.597233980894e-02 5.655752122402e-02 6.007841974497e-02 6.351522356272e-02 6.380888819695e-02 9.542765468359e-02 2.310145646334e-01 6.033128499985e-01 7.404496073723e-01 7.361037731171e-01 1.429367899895e+00 1.656443357468e+00 1.941470503807e+00 1.237875580788e+00 1.599378943443e+00 1.175207138062e+00 1.317825436592e+00 1.554533004761e+00 3.104749202728e+00 1.959198355675e+00 1.153052330017e+00 9.419398307800e-01 9.686545133591e-01 9.515194296837e-01 9.187768101692e-01
5.493396520615e-02 5.730121582747e-02 7.244648784399e-02 9.151344001293e-02 1.983483880758e-01 1.231056451797e+00 8.037727475166e-01 1.079800426960e-01 6.323231011629e-02 5.576003342867e-02 4.680110141635e-02 3.955281525850e-02 3.097880631685e-02 2.641366794705e-02 2.352332882583e-02 2.594106271863e-02 2.690505422652e-02 2.622894197702e-02 3.780048340559e-02 4.823896661401e-02 5.451247468591e-02 5.422458052635e-02 6.779783219099e-02 1.101178303361e-01 3.425357639790e-01 6.791982650757e-01 4.034251570702e-01 5.284808278084e-01 4.921916425228e-01 2.535922288895e+00 3.687051057816e+00 1.998800039291e+00 1.097582459450e+00 1.500375509262e+00 5.939677357674e-01 6.252260804176e-01 2.313481092453e+00 1.113568544388e+00 9.071291089058e-01 6.940684318542e-01 7.129725217819e-01 7.948399782181e-01 8.562967777252e-01
4.596897214651e-02 5.001967027783e-02 5.863741040230e-02 7.415481656790e-02 8.377883583307e-02 1.165660917759e-01 1.288751363754e-01 8.788969367743e-02 4.585113376379e-02 4.731308668852e-02 4.145275056362e-02 3.799261525273e-02 3.110127523541e-02 2.512327767909e-02 2.569776214659e-02 2.619130164385e-02 2.798033319414e-02 2.780242636800e-02 3.182716295123e-02 4.087317362428e-02 4.860883951187e-02 5.168673396111e-02 5.441829934716e-02 9.035848826170e-02 2.532108426094e-01 1.567452400923e-01 1.508775800467e-01 2.469276934862e-01 5.611781477928e-01 1.110582470894e+00 1.163968920708e+00 1.469181656837e+00 2.323509454727e+00 1.256209254265e+00 1.196982860565e+00 9.305776357651e-01 9.509768486023e-01 8.056545853615e-01 4.289998114109e-01 5.354390144348e-01 5.229912400246e-01 5.626286268234e-01 7.079617977142e-01
3.612900897861e-02 4.073487594724e-02 4.853979125619e-02 5.951842665672e-02 6.396500021219e-02 7.112250477076e-02 7.523147761822e-02 4.711268469691e-02 4.010043293238e-02 4.183098673820e-02 3.898135200143e-02 3.378556296229e-02 2.822410315275e-02 2.532646059990e-02 2.508305199444e-02 2.872810326517e-02 2.808584086597e-02 2.414466813207e-02 2.811740338802e-02 3.569570928812e-02 4.226032644510e-02 4.946189001203e-02 6.983220577240e-02 7.313928753138e-02 7.432854175568e-02 1.037285253406e-01 1.006512567401e-01 2.472303956747e-01 3.463073670864e-01 4.650647938251e-01 9.665852189064e-01 1.687234759331e+00 1.256995797157e+00 2.273853778839e+00 1.465489625931e+00 8.242723941803e-01 6.856905221939e-01 6.228911876678e-01 7.475253939629e-01 7.039170861244e-01 8.774176239967e-01 8.612658977509e-01 1.002449154854e+00
3.334514796734e-02 3.305669873953e-02 3.720154985785e-02 4.212737083435e-02 4.539844766259e-02 4.471248388290e-02 4.276774823666e-02 4.117669910192e-02 4.455078765750e-02 4.402408003807e-02 4.099301248789e-02 3.570286557078e-02 2.919767796993e-02 2.595237642527e-02 2.345685847104e-02 2.289738133550e-02 2.580827102065e-02 2.616281621158e-02 2.662377245724e-02 3.213937580585e-02 3.722935169935e-02 4.378533363342e-02 6.711510568857e-02 7.546497881413e-02 8.133941888809e-02 1.688532978296e-01 2.320971041918e-01 2.980215549469e-01 4.179306626320e-01 4.508972465992e-01 9.866015315056e-01 1.869928479195e+00 8.855034112930e-01 9.440073966980e-01 1.656896114349e+00 1.398992300034e+00 9.820915460587e-01 8.353629112244e-01 1.042309999466e+00 5.370621085167e-01 7.130861282349e-01 8.594579100609e-01 1.026471734047e+00
2.740065008402e-02 3.109904192388e-02 3.265648335218e-02 3.292038291693e-02 3.687020018697e-02 3.976653888822e-02 4.283252358437e-02 3.801369294524e-02 3.657685220242e-02 3.772570192814e-02 4.050627723336e-02 4.029709100723e-02 3.467630967498e-02 2.946929074824e-02 2.792948670685e-02 2.529346197844e-02 2.178719267249e-02 2.418343909085e-02 2.738893218338e-02 3.028706088662e-02 3.326560556889e-02 3.832212463021e-02 5.711070820689e-02 5.579942837358e-02 6.204577535391e-02 1.526549309492e-01 3.261466026306e-01 4.399437308311e-01 6.185585260391e-01 3.250494897366e-01 9.580815434456e-01 4.794325530529e-01 5.141803026199e-01 5.972274541855e-01 9.538136124611e-01 1.042508840561e+00 1.334052920341e+00 1.213659763336e+00 9.121789336205e-01 7.791379094124e-01 5.980039238930e-01 6.436110734940e-01 5.156903862953e-01
2.686209976673e-02 2.969780191779e-02 2.954971976578e-02 2.998914755881e-02 3.204862028360e-02 3.573428839445e-02 3.867283090949e-02 3.454338759184e-02 2.723968401551e-02 2.910062484443e-02 3.157839924097e-02 3.680128604174e-02 3.820221126080e-02 3.174965828657e-02 2.999729476869e-02 3.639910742640e-02 3.227030113339e-02 2.623319998384e-02 2.856782078743e-02 2.975368499756e-02 3.622768074274e-02 4.021928831935e-02 4.480506852269e-02 5.567224696279e-02 6.459615379572e-02 1.114990562201e-01 2.344902753830e-01 2.795342504978e-01 3.837799727917e-01 2.175248414278e-01 4.623589813709e-01 3.555204272270e-01 5.901815295219e-01 3.613108694553e-01 7.136045098305e-01 5.308064222336e-01 8.405562639236e-01 1.032174587250e+00 9.108461141586e-01 1.227294087410e+00 1.115117311478e+00 8.913612961769e-01 7.957563996315e-01
2.586295828223e-02 2.795402519405e-02 2.688029408455e-02 2.728595957160e-02 2.740836888552e-02 2.678243629634e-02 2.966304123402e-02 2.804288640618e-02 3.362771496177e-02 3.639561682940e-02 3.304953128099e-02 3.323966264725e-02 3.651417046785e-02 3.801751509309e-02 3.493808954954e-02 4.511634260416e-02 4.016592353582e-02 3.072636760771e-02 3.085328079760e-02 3.062042407691e-02 3.518577665091e-02 3.817396610975e-02 4.323719814420e-02 5.740553885698e-02 6.746169179678e-02 9.997161477804e-02 1.502566188574e-01 1.730933338404e-01 1.862076073885e-01 2.353531420231e-01 3.945464789867e-01 6.042174696922e-01 4.065366089344e-01 9.482274651527e-01 3.388755917549e-01 4.426935613155e-01 8.991496562958e-01 1.259465932846e+00 6.166120171547e-01 6.969470381737e-01 4.460214674473e-01 8.370472192764e-01 7.398521900177e-01
2.306857146323e-02 2.491918765008e-02 2.395574934781e-02 2.347516827285e-02 2.179457060993e-02 2.209557406604e-02 2.331711351871e-02 3.091225773096e-02 3.839623555541e-02 3.945523127913e-02 3.449375554919e-02 3.793285787106e-02 4.217776283622e-02 4.103374853730e-02 4.073941707611e-02 4.248334839940e-02 4.547030106187e-02 5.315263941884e-02 4.765068739653e-02 4.280400648713e-02 4.397858679295e-02 4.728913679719e-02 5.648970231414e-02 5.840260535479e-02 6.993693858385e-02 8.597425371408e-02 1.421730816364e-01 1.410158872604e-01 2.547926604748e-01 5.148848891258e-01 6.392158865929e-01 3.252511322498e-01 3.263326883316e-01 9.674366712570e-01 5.194898247719e-01 6.396554112434e-01 5.677485466003e-01 7.347944378853e-01 5.365254878998e-01 2.059991657734e-01 1.961477994919e-01 2.648645341396e-01 5.226397514343e-01
2.121197246015e-02 2.123682387173e-02 2.109824679792e-02 2.080102637410e-02 2.136047556996e-02 2.260457165539e-02 2.401700429618e-02 2.882128953934e-02 3.232206404209e-02 3.061451576650e-02 3.619190678000e-02 3.895255550742e-02 3.783189132810e-02 3.977534174919e-02 5.441606417298e-02 7.569319754839e-02 8.575241267681e-02 1.085701733828e-01 1.082366928458e-01 1.166239827871e-01 8.324715495110e-02 7.918387651443e-02 9.180120378733e-02 7.687962055206e-02 8.781929314137e-02 1.213756576180e-01 3.613101541996e-01 3.371887803078e-01 3.301202952862e-01 4.447094798088e-01 2.481449991465e-01 2.615139782429e-01 3.473660945892e-01 2.018790245056e-01 1.084078907967e+00 1.510547161102e+00 1.348360180855e+00 3.131745755672e-01 1.484650969505e-01 1.228660047054e-01 1.200906708837e-01 1.419102549553e-01 1.496515870094e-01
1.971001364291e-02 2.044796198606e-02 1.968835853040e-02 2.118547260761e-02 2.270487882197e-02 2.597839385271e-02 2.598715387285e-02 3.006591275334e-02 3.293855488300e-02 3.830056637526e-02 3.983333334327e-02 4.729434102774e-02 4.957928508520e-02 4.588026553392e-02 1.113373935223e-01 3.995682299137e-01 3.158077895641e-01 1.868947297335e-01 2.102889418602e-01 2.618215084076e-01 1.935784220695e-01 1.015946120024e-01 1.182051524520e-01 1.480373293161e-01 1.439543366432e-01 2.686592042446e-01 3.775223195553e-01 3.324059844017e-01 2.729319930077e-01 2.455998957157e-01 2.789259254932e-01 2.582171857357e-01 1.970158517361e-01 1.647324562073e-01 2.785838246346e-01 1.278281688690e+00 1.331391215324e+00 2.746536731720e-01 9.802909195423e-02 9.986557066441e-02 9.004918485880e-02 8.652931451797e-02 1.420795619488e-01
1.975747011602e-02 2.128829434514e-02 2.690932154655e-02 3.007249347866e-02 2.753806859255e-02 4.564077779651e-02 5.365774407983e-02 5.466574430466e-02 4.632809385657e-02 4.531092196703e-02 4.987772926688e-02 6.269550323486e-02 6.252220273018e-02 2.306830137968e-01 1.631134390831e+00 2.055022478104e+00 9.591982364655e-01 5.434913039207e-01 4.350455999374e-01 3.373953104019e-01 1.609405428171e-01 1.616224944592e-01 3.516153991222e-01 7.500370144844e-01 6.151059865952e-01 3.279156386852e-01 3.835046291351e-01 3.125412762165e-01 3.308256864548e-01 2.257919758558e-01 5.571297407150e-01 2.236008495092e-01 1.741238385439e-01 1.231520324945e-01 8.200399577618e-02 2.636044025421e-01 2.908524572849e-01 7.121315598488e-02 4.803762584925e-02 5.652745068073e-02 6.988806277514e-02 7.813043147326e-02 7.306493818760e-02
2.418563514948e-02 3.802159056067e-02 5.181369557977e-02 5.629982054234e-02 7.251513004303e-02 9.640372544527e-02 9.471601992846e-02 8.355673402548e-02 7.185295969248e-02 5.541762709618e-02 6.731767207384e-02 7.446139305830e-02 4.140726625919e-01 2.284767389297e+00 3.126978158951e+00 1.091196179390e+00 3.417035639286e-01 2.094006985426e-01 2.139347791672e-01 1.873435378075e-01 1.788103431463e-01 4.070822596550e-01 8.026027679443e-01 1.064482688904e+00 8.562347888947e-01 4.401639401913e-01 3.044065833092e-01 2.227769345045e-01 2.025315165520e-01 1.798581928015e-01 2.398966401815e-01 1.116050854325e-01 1.263215392828e-01 1.024272143841e-01 6.437505781651e-02 3.819223493338e-02 3.155342116952e-02 3.076702915132e-02 3.229274228215e-02 4.021937027574e-02 5.400417745113e-02 6.830025464296e-02 6.987989693880e-02
4.002757370472e-02 5.981950834394e-02 7.944071292877e-02 1.071642562747e-01 2.074074894190e-01 2.043574005365e-01 2.857046723366e-01 2.083963751793e-01 2.369534671307e-01 1.407673805952e-01 7.865766435862e-02 5.396376252174e-01 2.175270795822e+00 2.166748285294e+00 5.673561692238e-01 1.696202754974e-01 3.138616681099e-01 4.144490659237e-01 2.928780615330e-01 3.406587541103e-01 4.122912287712e-01 4.150204062462e-01 6.065363287926e-01 4.960116147995e-01 3.347039222717e-01 2.612866759300e-01 1.629325449467e-01 6.305901706219e-02 6.533560156822e-02 6.410057097673e-02 8.213236182928e-02 6.010666489601e-02 5.298119038343e-02 3.664030507207e-02 3.747407719493e-02 3.817838057876e-02 3.941703960299e-02 4.138375073671e-02 4.402123391628e-02 4.742475599051e-02 4.796798527241e-02 5.732655152678e-02 7.269299775362e-02
