VariationalSeries/SI/f93.grd
DSAA
101	101
32.816463539100	34.260883539100
35.556306596100	36.727886596100
3.215833276045e-04	5.375322723389e+01
[rows 76 to 94 of 101, columns 0 to 42 of 101]
3.415014361963e-03 4.940896295011e-03 6.506199482828e-03 7.706349249929e-03 8.283557370305e-03 8.338374085724e-03 8.056939579546e-03 7.608056999743e-03 7.097264286131e-03 7.624001242220e-03 8.623611181974e-03 1.034367550164e-02 1.225257851183e-02 1.347706187516e-02 1.372340414673e-02 1.332177966833e-02 1.213149167597e-02 1.289598178118e-02 1.327975653112e-02 1.419687550515e-02 1.957988180220e-02 1.913996413350e-02 1.259643584490e-02 1.367776840925e-02 1.267720758915e-02 1.162355113775e-02 1.196260191500e-02 1.329903956503e-02 1.490127015859e-02 1.575270108879e-02 1.516888942569e-02 1.428497396410e-02 1.388538628817e-02 1.379221491516e-02 1.517990138382e-02 1.813650317490e-02 3.511887416244e-02 4.184346273541e-02 3.938896581531e-02 2.775889448822e-02 2.764738909900e-02 4.552221298218e-02 7.934688031673e-02
3.437629435211e-03 5.560050252825e-03 7.382248062640e-03 8.517351001501e-03 8.971223607659e-03 8.927753195167e-03 8.575381711125e-03 8.053509518504e-03 8.320919238031e-03 9.241269901395e-03 1.063884422183e-02 1.258261129260e-02 1.438110135496e-02 1.525783911347e-02 1.502258796245e-02 1.393405068666e-02 1.186926849186e-02 1.218300312757e-02 1.223641261458e-02 1.089547481388e-02 1.116950530559e-02 1.169803738594e-02 1.026813406497e-02 1.234199758619e-02 1.307533960789e-02 1.199532393366e-02 1.293364260346e-02 1.558018662035e-02 1.729558221996e-02 1.749603264034e-02 1.632125116885e-02 1.497647445649e-02 1.486703101546e-02 1.443734578788e-02 1.756549440324e-02 1.900966465473e-02 3.147751837969e-02 3.517763316631e-02 3.869612887502e-02 4.381055757403e-02 9.070260077715e-02 1.184104233980e-01 1.121797412634e-01
3.662149421871e-03 5.843371618539e-03 7.613220717758e-03 8.617087267339e-03 8.938708342612e-03 8.791259489954e-03 8.345195092261e-03 9.054394438863e-03 1.020674314350e-02 1.142362877727e-02 1.299664191902e-02 1.465585455298e-02 1.572903059423e-02 1.570034399629e-02 1.457698922604e-02 1.265777554363e-02 1.005561370403e-02 1.054084207863e-02 1.021004747599e-02 8.954498916864e-03 8.191588334739e-03 9.192766621709e-03 1.109681464732e-02 1.479337085038e-02 1.557765994221e-02 1.409815903753e-02 1.730125583708e-02 1.877001672983e-02 1.919835060835e-02 1.877546124160e-02 1.755429618061e-02 1.627006009221e-02 1.549211982638e-02 1.766812987626e-02 2.277797646821e-02 2.961650677025e-02 3.898947685957e-02 4.858976230025e-02 4.087566584349e-02 1.066526323557e-01 1.230905279517e-01 1.185014247894e-01 1.171516105533e-01
3.308784216642e-03 5.231070332229e-03 6.745578721166e-03 7.558904588223e-03 7.765980903059e-03 7.552425377071e-03 8.605661801994e-03 9.797046892345e-03 1.075170654804e-02 1.170054730028e-02 1.269722823054e-02 1.343736425042e-02 1.352112367749e-02 1.272913347930e-02 1.124251727015e-02 9.402371011674e-03 8.744155056775e-03 8.434211835265e-03 7.882251404226e-03 7.308627944440e-03 7.583041209728e-03 8.444870822132e-03 1.331668160856e-02 1.811798103154e-02 1.959423907101e-02 2.061137743294e-02 2.124578319490e-02 2.140955813229e-02 2.016809396446e-02 1.896435394883e-02 1.794426329434e-02 1.703352853656e-02 1.885217614472e-02 2.235219255090e-02 2.851511351764e-02 3.286491334438e-02 3.204689547420e-02 5.260132625699e-02 6.084718555212e-02 8.941096812487e-02 1.054597049952e-01 1.053543612361e-01 1.077346131206e-01
2.730988431722e-03 4.373318050057e-03 5.332933738828e-03 5.842856597155e-03 5.998887121677e-03 6.928656250238e-03 7.960367016494e-03 8.595874533057e-03 8.890125900507e-03 9.152527898550e-03 9.457509964705e-03 9.638816118240e-03 9.451965801418e-03 8.747653104365e-03 8.956249803305e-03 9.165453724563e-03 9.065234102309e-03 8.597395382822e-03 7.864140905440e-03 7.186470087618e-03 7.138785906136e-03 8.771344088018e-03 1.499104872346e-02 2.060807496309e-02 2.336231805384e-02 2.481167390943e-02 2.501108683646e-02 2.577470615506e-02 2.510223165154e-02 2.161522023380e-02 1.860663108528e-02 1.776202023029e-02 2.074611745775e-02 2.266807854176e-02 2.398441731930e-02 2.596372552216e-02 3.449881076813e-02 5.076827481389e-02 6.705038994551e-02 6.804132461548e-02 1.063999906182e-01 1.281044334173e-01 1.005375012755e-01
3.741072956473e-03 5.641797091812e-03 6.826029624790e-03 7.375429850072e-03 7.681841496378e-03 7.820879109204e-03 7.867413572967e-03 7.816894911230e-03 7.668514270335e-03 7.463494315743e-03 7.722090464085e-03 8.391565643251e-03 8.973200805485e-03 9.475913830101e-03 9.829622693360e-03 9.917232207954e-03 9.636512957513e-03 8.957211859524e-03 8.087090216577e-03 7.897052913904e-03 7.562975864857e-03 9.453151375055e-03 1.544157601893e-02 2.126001752913e-02 5.294052511454e-02 1.564529687166e-01 1.664633303881e-01 7.501725107431e-02 4.366173595190e-02 3.444578126073e-02 2.448558248580e-02 1.887414790690e-02 2.203178033233e-02 2.891760878265e-02 2.330440841615e-02 2.815223298967e-02 3.121177665889e-02 5.240502208471e-02 9.154030680656e-02 8.947073668242e-02 9.916491061449e-02 1.313427537680e-01 1.807719916105e-01
5.288436543196e-03 7.784384768456e-03 9.319301694632e-03 1.011962071061e-02 1.034352928400e-02 1.028628367931e-02 1.008022949100e-02 9.765362367034e-03 9.365089237690e-03 8.961929008365e-03 1.053521689028e-02 1.210257876664e-02 1.346235442907e-02 1.439247280359e-02 1.470325049013e-02 1.430586352944e-02 1.320688799024e-02 1.148661319166e-02 1.069433055818e-02 1.016364619136e-02 9.510442614555e-03 1.113105658442e-02 1.543715503067e-02 3.470954671502e-02 1.464784890413e-01 4.211698770523e-01 4.603326916695e-01 2.316096425056e-01 1.004761457443e-01 4.934844747186e-02 3.190119192004e-02 2.411042712629e-02 2.157842554152e-02 3.081893734634e-02 3.324012830853e-02 3.450103104115e-02 3.092145733535e-02 4.719322174788e-02 1.079200804234e-01 1.621722877026e-01 1.070433631539e-01 1.035677641630e-01 2.297657132149e-01
6.636861246079e-03 9.475729428232e-03 1.133691240102e-02 1.205757167190e-02 1.202660333365e-02 1.163199357688e-02 1.106577180326e-02 1.077084336430e-02 1.257147546858e-02 1.533368416131e-02 1.818422041833e-02 2.087598666549e-02 2.316520921886e-02 2.496786974370e-02 2.620790712535e-02 2.665166184306e-02 2.595678158104e-02 2.372235246003e-02 1.956675574183e-02 1.465103682131e-02 1.353455893695e-02 1.382262818515e-02 3.055012784898e-02 5.519149079919e-02 1.589069813490e-01 1.300152778625e+00 2.419367074966e+00 5.268775820732e-01 2.310389131308e-01 8.324524015188e-02 3.898894786835e-02 2.983027882874e-02 2.862270176411e-02 3.976919129491e-02 4.780966043472e-02 4.667112976313e-02 3.861714527011e-02 5.735940486193e-02 9.084790199995e-02 1.990506500006e-01 2.000669240952e-01 9.929569810629e-02 2.389233559370e-01
7.056413218379e-03 9.870042093098e-03 1.153481286019e-02 1.193362195045e-02 1.152988243848e-02 1.200620364398e-02 1.326731964946e-02 1.410247664899e-02 1.679205335677e-02 2.066711336374e-02 2.470746077597e-02 2.854162827134e-02 3.190342336893e-02 3.489987552166e-02 3.777480125427e-02 4.049830883741e-02 4.231586307287e-02 4.156907275319e-02 3.601629287004e-02 2.585507184267e-02 2.009131386876e-02 2.869490720332e-02 5.048133060336e-02 7.156722992659e-02 3.125886619091e-01 7.479510903358e-01 9.438893795013e-01 2.862114310265e-01 1.071683615446e-01 6.595671921968e-02 5.687057226896e-02 6.972295790911e-02 9.000871330500e-02 8.343560993671e-02 5.995751917362e-02 5.968601256609e-02 5.011599510908e-02 5.851130560040e-02 6.406257301569e-02 1.307620704174e-01 1.738648712635e-01 1.122021377087e-01 4.172934293747e-01
9.642812423408e-03 1.527025830001e-02 1.925328932703e-02 2.152097411454e-02 2.278753928840e-02 2.328023687005e-02 2.305650711060e-02 2.221482060850e-02 2.091901563108e-02 2.136619761586e-02 2.577979862690e-02 3.022488206625e-02 3.444238752127e-02 3.849187865853e-02 4.282069951296e-02 4.792742803693e-02 5.288903415203e-02 5.470144376159e-02 4.926360026002e-02 4.578175023198e-02 4.519204050303e-02 4.878204688430e-02 6.231684237719e-02 8.487692475319e-02 1.612923741341e-01 5.924325436354e-02 4.678010940552e-02 4.676170274615e-02 5.089343711734e-02 5.510888993740e-02 6.071705371141e-02 4.288437366486e-01 2.825842797756e-01 2.243188768625e-01 1.351645290852e-01 1.988267004490e-01 1.828140169382e-01 8.581560105085e-02 6.735032051802e-02 8.066195249557e-02 1.202183961868e-01 3.173145055771e-01 4.821768105030e-01
1.769257895648e-02 2.750083059072e-02 3.369171544909e-02 3.620842471719e-02 3.662148490548e-02 3.571533784270e-02 3.389202803373e-02 3.149976953864e-02 2.934570051730e-02 3.046763688326e-02 3.126851469278e-02 3.154343739152e-02 3.291412815452e-02 3.736901655793e-02 4.159399494529e-02 4.635655507445e-02 5.107342451811e-02 7.656142860651e-02 9.888803213835e-02 9.953048825264e-02 1.014894917607e-01 1.001903712749e-01 7.303375005722e-02 8.799344301224e-02 4.363125935197e-02 3.297439217567e-02 3.045443817973e-02 2.639674954116e-02 2.980950102210e-02 4.166653752327e-02 9.452997893095e-02 5.110405087471e-01 3.639140427113e-01 2.475868463516e-01 2.167954742908e-01 4.605050086975e-01 4.390766918659e-01 1.980905532837e-01 1.480538547039e-01 1.370708346367e-01 1.767692267895e-01 2.990663945675e-01 5.379057526588e-01
2.533381059766e-02 3.855076804757e-02 4.537010937929e-02 4.641264304519e-02 5.682112276554e-02 6.107089668512e-02 5.999833717942e-02 5.590511485934e-02 5.041250586510e-02 4.611162841320e-02 4.662946239114e-02 4.565125331283e-02 4.786179959774e-02 5.519082024693e-02 6.044971570373e-02 6.521517038345e-02 7.250545918941e-02 8.055434376001e-02 7.505462318659e-02 8.579692989588e-02 8.988892287016e-02 7.304951548576e-02 5.999944731593e-02 3.435324877501e-02 3.021059744060e-02 2.356955222785e-02 1.954516582191e-02 1.568864285946e-02 1.435503270477e-02 2.554535865784e-02 4.075989499688e-02 2.179465293884e-01 2.862367928028e-01 4.284339249134e-01 4.543883800507e-01 5.944507122040e-01 4.191449284554e-01 1.960614621639e-01 3.075741529465e-01 3.061999678612e-01 2.199755907059e-01 2.895240485668e-01 9.273781776428e-01
2.967972680926e-02 4.472011327744e-02 5.172322317958e-02 5.744948610663e-02 6.963610649109e-02 7.430409640074e-02 7.257492095232e-02 6.720829755068e-02 6.004012748599e-02 5.235997587442e-02 4.678986221552e-02 5.147375166416e-02 5.953608453274e-02 6.834438443184e-02 7.429262250662e-02 7.623913884163e-02 7.144084572792e-02 5.869472771883e-02 4.635527729988e-02 4.006578028202e-02 3.406591340899e-02 2.385504730046e-02 2.151236496866e-02 2.058085799217e-02 1.833425834775e-02 1.495990436524e-02 1.153596397489e-02 1.093215122819e-02 1.393753662705e-02 2.110552601516e-02 3.026176430285e-02 1.208198070526e-01 1.310528516769e-01 2.505165040493e-01 2.903364300728e-01 6.737498044968e-01 5.927024483681e-01 3.062765300274e-01 2.807805836201e-01 1.232170343399e+00 2.896588563919e+00 7.538994550705e-01 4.633438289165e-01
2.212839573622e-02 3.302215412259e-02 3.772664070129e-02 3.800673782825e-02 4.535148292780e-02 4.790279641747e-02 4.652219265699e-02 4.292951896787e-02 3.822522982955e-02 3.325369954109e-02 3.091737069190e-02 3.321628645062e-02 3.445410355926e-02 3.464759513736e-02 3.439785540104e-02 3.491194918752e-02 3.129826486111e-02 2.517421729863e-02 2.930680289865e-02 2.761649712920e-02 2.199086174369e-02 1.604682393372e-02 1.502265688032e-02 1.339692622423e-02 1.120584085584e-02 8.811886422336e-03 1.005064323545e-02 1.397073175758e-02 1.750543713570e-02 3.575764596462e-02 4.517418146133e-02 6.806656718254e-02 1.180661767721e-01 8.822406083345e-02 7.625106722116e-02 9.204526990652e-02 5.769214034081e-01 3.299074172974e-01 2.568685412407e-01 1.644424438477e+00 3.630178689957e+00 4.001759290695e-01 1.444924175739e-01
1.046517584473e-02 1.545532140881e-02 1.827095635235e-02 2.076315134764e-02 2.173180691898e-02 2.248686552048e-02 2.270277962089e-02 2.151904255152e-02 2.047250792384e-02 2.019223012030e-02 1.982821524143e-02 1.822820492089e-02 1.845526136458e-02 1.895770989358e-02 1.879872009158e-02 1.777814701200e-02 2.427754364908e-02 3.100371919572e-02 2.921548485756e-02 2.185843698680e-02 1.393839437515e-02 1.012983638793e-02 9.184799157083e-03 7.958075962961e-03 6.635265890509e-03 1.023113913834e-02 1.575400307775e-02 2.103193476796e-02 2.898283302784e-02 4.692025110126e-02 6.487014144659e-02 8.748297393322e-02 1.008560955524e-01 8.355227857828e-02 5.224345624447e-02 6.070759147406e-02 1.174141392112e-01 2.960406839848e-01 4.846205413342e-01 5.051467418671e-01 2.685846090317e-01 1.031821668148e-01 9.633882343769e-02
6.959537975490e-03 1.013238821179e-02 1.285039447248e-02 1.451525650918e-02 1.516200695187e-02 1.508464291692e-02 1.472496520728e-02 1.402392052114e-02 1.319370139390e-02 1.231614034623e-02 1.141671929508e-02 1.051937229931e-02 9.659185074270e-03 9.508527815342e-03 9.386271238327e-03 1.323083415627e-02 2.254230715334e-02 2.666940167546e-02 2.282426320016e-02 1.572863385081e-02 9.571625851095e-03 6.109685171396e-03 6.138413678855e-03 6.716714706272e-03 9.134162217379e-03 1.553045678884e-02 2.341875247657e-02 3.294781222939e-02 4.682284593582e-02 6.410802900791e-02 9.592460840940e-02 9.900613874197e-02 9.017702192068e-02 4.883407056332e-02 3.699209541082e-02 5.037169903517e-02 6.030348688364e-02 2.308054715395e-01 5.681051611900e-01 3.269973099232e-01 1.966132819653e-01 8.807750046253e-02 8.362291008234e-02
4.837839864194e-03 7.005712948740e-03 8.761944249272e-03 9.850396774709e-03 1.033953018486e-02 1.040076557547e-02 1.017593778670e-02 9.755777195096e-03 9.203671477735e-03 8.550495840609e-03 7.834158837795e-03 7.072282955050e-03 7.560191210359e-03 7.601749617606e-03 7.016371004283e-03 7.839423604310e-03 1.403901912272e-02 1.747170090675e-02 1.632557809353e-02 1.277183275670e-02 9.020569734275e-03 6.062293425202e-03 6.567628122866e-03 7.545115426183e-03 1.290054433048e-02 2.860499918461e-02 6.104158610106e-02 5.643087252975e-02 4.666969180107e-02 8.643015474081e-02 1.176648736000e-01 1.009279564023e-01 7.282961905003e-02 3.390969336033e-02 3.637678176165e-02 5.002508312464e-02 6.966071575880e-02 2.448363453150e-01 4.119846820831e-01 1.971526145935e-01 1.144348904490e-01 7.031183689833e-02 6.316247582436e-02
3.240291727707e-03 4.649403039366e-03 5.766845773906e-03 6.448224186897e-03 6.748191546649e-03 6.779571063817e-03 6.621394772083e-03 6.324450951070e-03 5.918605718762e-03 5.429435055703e-03 5.410217214376e-03 6.078208796680e-03 6.340474355966e-03 6.062695290893e-03 5.796202924103e-03 6.629212293774e-03 7.361713796854e-03 8.924580179155e-03 1.020588818938e-02 9.849537163973e-03 8.382490836084e-03 6.621442269534e-03 7.010933477432e-03 9.631765075028e-03 1.678835600615e-02 4.977022856474e-02 7.112284749746e-02 4.235595092177e-02 4.749275371432e-02 9.137638658285e-02 1.236880645156e-01 9.799380600452e-02 6.806734949350e-02 4.670909419656e-02 5.169080197811e-02 4.999311268330e-02 1.063715294003e-01 4.248154163361e-01 3.063643574715e-01 8.198609948158e-02 1.640538871288e-01 7.153881341219e-02 4.884741827846e-02
1.907178666443e-03 2.712357789278e-03 3.339670132846e-03 3.710179124027e-03 3.859371878207e-03 3.853006288409e-03 3.734992817044e-03 3.533303039148e-03 3.409286728129e-03 4.157709889114e-03 4.862741567194e-03 5.324262659997e-03 5.362208932638e-03 5.915733054280e-03 6.840675137937e-03 7.777034305036e-03 8.594779297709e-03 9.127305820584e-03 9.212317876518e-03 8.788473904133e-03 8.015424944460e-03 7.438526954502e-03 8.269143290818e-03 1.200142316520e-02 2.024677582085e-02 5.577446147799e-02 5.875373631716e-02 4.665468260646e-02 4.245582967997e-02 8.172824233770e-02 1.145118996501e-01 8.927460014820e-02 8.697428554296e-02 5.869460478425e-02 6.226968392730e-02 4.418101161718e-02 1.012037247419e-01 2.756600975990e-01 1.330657750368e-01 9.609854966402e-02 2.173307687044e-01 7.040700316429e-02 3.738196194172e-02
