VariationalSeries/SI/f93.grd
DSAA
101	101
32.816463539100	34.260883539100
35.556306596100	36.727886596100
3.215833276045e-04	5.375322723389e+01
[rows 38 to 56 of 101, columns 0 to 42 of 101]
1.263886690140e-01 2.666960358620e-01 2.884542644024e-01 3.005011975765e-01 3.581153750420e-01 4.390763640404e-01 5.071514248848e-01 5.765997767448e-01 6.337314248085e-01 5.789607763290e-01 4.753365814686e-01 3.881150484085e-01 3.846426010132e-01 3.790617287159e-01 4.031469225883e-01 4.575322270393e-01 5.178118348122e-01 9.464275836945e-01 1.533334493637e+00 1.644702076912e+00 1.323897719383e+00 1.110921740532e+00 7.473017573357e-01 8.758907318115e-01 1.733603119850e+00 2.256036520004e+00 2.175529003143e+00 1.557709217072e+00 1.124299883842e+00 1.241143226624e+00 1.307277321815e+00 1.613052487373e+00 2.209171056747e+00 2.164224863052e+00 2.031994104385e+00 1.220029592514e+00 1.668759346008e+00 1.876645326614e+00 1.849568486214e+00 2.843612670898e+00 3.128292083740e+00 4.588622093201e+00 3.709605693817e+00
1.874824464321e-01 3.338176012039e-01 2.800029516220e-01 2.720263302326e-01 3.878163993359e-01 4.717933535576e-01 6.201544404030e-01 7.805123925209e-01 8.705548048019e-01 8.152590990067e-01 5.926709175110e-01 4.619833827019e-01 3.983862996101e-01 4.072116017342e-01 4.369873404503e-01 4.723252952099e-01 5.033206343651e-01 5.304778814316e-01 8.338767886162e-01 1.167565464973e+00 1.192613720894e+00 1.156825423241e+00 1.194148421288e+00 1.001466631889e+00 9.286428093910e-01 1.031823039055e+00 1.392979145050e+00 2.622949600220e+00 3.516106367111e+00 3.567844629288e+00 2.797797203064e+00 1.379698276520e+00 1.560440182686e+00 1.330719351768e+00 2.651410341263e+00 2.376212835312e+00 1.546698689461e+00 1.865677833557e+00 2.288648605347e+00 2.598132133484e+00 3.486359357834e+00 4.212635993958e+00 4.912663459778e+00
2.145162671804e-01 4.272447526455e-01 4.047135710716e-01 3.516695201397e-01 4.646770656109e-01 5.719166398048e-01 6.943106055260e-01 9.139158129692e-01 9.908013939857e-01 9.875188469887e-01 6.754041314125e-01 4.534696042538e-01 4.563454985619e-01 3.946836590767e-01 3.286670744419e-01 3.693117201328e-01 4.343534111977e-01 4.707710444927e-01 4.950785934925e-01 6.571347117424e-01 9.697713851929e-01 1.367423295975e+00 1.637513995171e+00 1.650811791420e+00 1.624908566475e+00 1.082407832146e+00 8.520877361298e-01 8.994605541229e-01 8.797169327736e-01 1.110686063766e+00 2.336523771286e+00 3.717000961304e+00 4.403956413269e+00 3.678107261658e+00 1.865104436874e+00 1.853192090988e+00 3.254623889923e+00 2.706958532333e+00 2.803617715836e+00 2.792206048965e+00 2.592693567276e+00 3.488564491272e+00 5.292137145996e+00
3.063711822033e-01 5.216389298439e-01 6.061517596245e-01 6.227340102196e-01 5.611934065819e-01 6.709508299828e-01 6.696127653122e-01 6.423823237419e-01 6.423590779305e-01 7.902645468712e-01 8.526930809021e-01 7.394125461578e-01 5.476859211922e-01 4.875089824200e-01 5.000332593918e-01 6.187716126442e-01 7.179445028305e-01 8.029893636703e-01 7.847011089325e-01 5.706149935722e-01 6.359716057777e-01 8.385053873062e-01 9.482073187828e-01 1.272490143776e+00 1.580827832222e+00 1.879009842873e+00 2.097094058990e+00 2.035979747772e+00 2.096606969833e+00 2.287770271301e+00 2.530069589615e+00 2.459064006805e+00 3.806999444962e+00 4.304361343384e+00 3.075422763824e+00 3.901991367340e+00 4.330080032349e+00 3.678905010223e+00 4.162579536438e+00 3.361970663071e+00 2.354872226715e+00 4.116658687592e+00 3.437369346619e+00
3.142085075378e-01 5.528308153152e-01 6.200081706047e-01 5.711148977280e-01 6.238108873367e-01 7.869439125061e-01 7.817663550377e-01 6.739472150803e-01 8.118147253990e-01 6.756631731987e-01 6.433652043343e-01 8.976705074310e-01 9.317221641541e-01 7.016785740852e-01 6.497339010239e-01 5.986846685410e-01 6.169188618660e-01 8.262878060341e-01 1.113906741142e+00 1.132250547409e+00 7.191570401192e-01 8.187162280083e-01 1.045235872269e+00 8.690744638443e-01 1.004994750023e+00 1.214168667793e+00 1.605995178223e+00 2.428285837173e+00 3.270128726959e+00 2.994102239609e+00 2.842718839645e+00 2.107048034668e+00 2.101726055145e+00 3.954364776611e+00 3.794064044952e+00 4.785472869873e+00 3.164296627045e+00 4.487185478210e+00 3.937704086304e+00 5.684754371643e+00 5.876409530640e+00 4.623397827148e+00 5.202670574188e+00
6.111840605736e-01 1.185165882111e+00 8.854836821556e-01 7.452127933502e-01 7.292340397835e-01 6.562504172325e-01 6.736295223236e-01 8.198139071465e-01 8.117628097534e-01 6.589800119400e-01 8.192462325096e-01 5.582039952278e-01 7.166756391525e-01 1.004546046257e+00 8.720841407776e-01 7.531310915947e-01 9.432856440544e-01 2.036390542984e+00 2.401375532150e+00 1.323719501495e+00 1.417772054672e+00 8.299807310104e-01 9.730330109596e-01 1.382072567940e+00 9.233575463295e-01 8.456413149834e-01 8.937141299248e-01 9.762692451477e-01 1.246403098106e+00 1.417046070099e+00 1.513826847076e+00 1.658054351807e+00 2.256538867950e+00 3.549887418747e+00 2.430736303329e+00 2.252664804459e+00 3.300987720490e+00 3.768544673920e+00 2.523308753967e+00 5.200218677521e+00 5.331288337708e+00 5.827719688416e+00 7.150420188904e+00
9.723475575447e-01 1.783601164818e+00 1.446256637573e+00 1.127213001251e+00 1.039465308189e+00 8.400942087173e-01 1.156829357147e+00 1.015018939972e+00 1.031870484352e+00 8.074526190758e-01 6.301128268242e-01 7.735373973846e-01 6.942579746246e-01 4.553596973419e-01 8.506680727005e-01 9.976826310158e-01 7.259731888771e-01 6.192405223846e-01 1.132539749146e+00 7.564120888710e-01 1.315892696381e+00 1.554683446884e+00 1.546024441719e+00 1.348144650459e+00 1.856733322144e+00 1.142924666405e+00 1.068467736244e+00 1.383608818054e+00 1.621518373489e+00 1.240404963493e+00 1.574261188507e+00 1.940083861351e+00 2.300149917603e+00 2.702268838882e+00 3.435279846191e+00 2.607371330261e+00 2.902272462845e+00 3.245395898819e+00 3.076365470886e+00 4.409183502197e+00 4.124592781067e+00 5.955372810364e+00 6.045550823212e+00
3.877715170383e-01 8.082148432732e-01 9.619448184967e-01 1.133577823639e+00 1.158641695976e+00 1.287516474724e+00 1.360631465912e+00 1.173879623413e+00 1.052023172379e+00 1.006322979927e+00 9.406577944756e-01 8.701531887054e-01 8.216282129288e-01 7.720262408257e-01 8.357951641083e-01 7.138031125069e-01 5.087449550629e-01 6.018742322922e-01 6.338051557541e-01 8.620461821556e-01 8.101325631142e-01 1.344249367714e+00 1.440966129303e+00 1.552214026451e+00 1.811414718628e+00 2.049403667450e+00 2.234018087387e+00 2.327195882797e+00 2.379422903061e+00 2.564359664917e+00 2.605628013611e+00 2.741143465042e+00 2.913209915161e+00 2.422033548355e+00 2.083986043930e+00 2.923931837082e+00 3.527910709381e+00 5.409019470215e+00 6.486765384674e+00 6.006792545319e+00 5.717285633087e+00 5.937630653381e+00 4.946088314056e+00
3.761998414993e-01 7.907721996307e-01 9.021935462952e-01 1.003687977791e+00 1.121611118317e+00 1.146617889404e+00 1.054116725922e+00 8.540750741959e-01 8.066624999046e-01 9.680998325348e-01 1.135991334915e+00 1.077747702599e+00 8.153095841408e-01 5.318899750710e-01 5.690753459930e-01 3.288404643536e-01 1.910824179649e-01 2.112530469894e-01 2.816521227360e-01 3.396339714527e-01 1.008548140526e+00 1.778271079063e+00 1.526138782501e+00 1.911466598511e+00 1.839615821838e+00 2.269438505173e+00 2.343946933746e+00 2.220089673996e+00 2.071155548096e+00 2.377451896667e+00 2.518630027771e+00 3.255284070969e+00 4.163623332977e+00 4.537658691406e+00 3.878436565399e+00 3.288825273514e+00 3.648231744766e+00 2.612844228745e+00 3.979026317596e+00 4.061366558075e+00 6.346796512604e+00 5.962393760681e+00 6.423192501068e+00
1.008019819856e-01 2.026566118002e-01 2.140217423439e-01 2.304699867964e-01 3.212396502495e-01 4.486480951309e-01 5.895988345146e-01 6.344215869904e-01 6.149482131004e-01 5.678550601006e-01 5.788317918777e-01 7.356235384941e-01 7.341341972351e-01 5.967472791672e-01 3.849827349186e-01 3.007485568523e-01 1.543792635202e-01 1.311409324408e-01 1.462868750095e-01 3.126622438431e-01 7.001637816429e-01 1.482955455780e+00 3.706526994705e+00 3.488508224487e+00 3.134663105011e+00 2.944018363953e+00 2.837554454803e+00 2.759141206741e+00 2.907161951065e+00 3.360953569412e+00 3.783938169479e+00 4.285256385803e+00 7.357650279999e+00 4.117950439453e+00 9.260456085205e+00 6.309313774109e+00 5.032621860504e+00 5.437753200531e+00 6.738296985626e+00 7.834238529205e+00 8.293231964111e+00 7.785081386566e+00 7.807125091553e+00
9.154503792524e-02 1.768766790628e-01 1.926736086607e-01 1.930724829435e-01 3.224517405033e-01 4.772545695305e-01 4.965636432171e-01 4.045287966728e-01 2.985833585262e-01 2.442906647921e-01 3.103213310242e-01 3.851224482059e-01 3.684467673302e-01 2.957410514355e-01 2.172774672508e-01 1.534198820591e-01 1.105599924922e-01 8.253287523985e-02 8.487604558468e-02 2.759799659252e-01 8.842467665672e-01 1.538808941841e+00 1.518083691597e+00 3.184324264526e+00 7.712343692780e+00 3.914798736572e+00 2.442296504974e+00 2.205513000488e+00 2.304368972778e+00 2.514531373978e+00 4.317836284637e+00 6.201883316040e+00 3.278206586838e+00 4.900521755219e+00 8.885482788086e+00 1.610127639771e+01 6.593446731567e+00 5.266922950745e+00 4.666029453278e+00 5.135165214539e+00 4.398208141327e+00 8.230963706970e+00 9.604272842407e+00
4.748129099607e-02 9.864787012339e-02 1.183080375195e-01 1.313581019640e-01 1.713943779469e-01 2.752673625946e-01 3.148442506790e-01 2.724592089653e-01 2.108609378338e-01 1.584624797106e-01 1.310893148184e-01 1.252287775278e-01 9.982849657536e-02 8.857490867376e-02 1.057216003537e-01 8.061606436968e-02 7.423835992813e-02 6.242474541068e-02 7.349920272827e-02 1.111564040184e-01 1.898995637894e-01 5.137916803360e-01 5.392364263535e-01 7.369198203087e-01 2.807218790054e+00 2.973874568939e+00 1.109162688255e+00 6.129018664360e-01 6.412229537964e-01 2.042713165283e+00 2.710452556610e+00 2.941168308258e+00 3.074739933014e+00 2.527756929398e+00 3.716489076614e+00 1.066771411896e+01 5.764801979065e+00 3.494797468185e+00 2.447997570038e+00 2.209022521973e+00 2.081115484238e+00 5.443318367004e+00 7.563700199127e+00
2.120683155954e-02 4.232734814286e-02 4.404113441706e-02 4.840487241745e-02 6.129265949130e-02 7.758796215057e-02 9.229922294617e-02 1.004434749484e-01 9.722452610731e-02 8.245921880007e-02 6.987015902996e-02 8.033134043217e-02 8.289769291878e-02 7.659064233303e-02 7.806110382080e-02 8.931811898947e-02 6.791482865810e-02 5.398876592517e-02 6.125530600548e-02 9.013066440821e-02 1.030574291945e-01 1.891899853945e-01 3.289649188519e-01 7.161106467247e-01 1.735735297203e+00 1.090163826942e+00 6.748629212379e-01 5.345944166183e-01 5.100268721581e-01 1.654386073351e-01 1.450091451406e-01 1.580069065094e-01 2.468979209661e-01 5.345346331596e-01 1.242475748062e+00 2.097495460510e+01 3.995623397827e+01 5.367298603058e+00 3.663948774338e+00 1.888481974602e+00 1.330871224403e+00 1.435182809830e+00 2.784920454025e+00
1.706555671990e-02 3.102567046881e-02 3.450412303209e-02 3.452564403415e-02 3.467386960983e-02 4.465404897928e-02 5.862395092845e-02 7.213716208935e-02 8.018717914820e-02 7.856652140617e-02 6.606321781874e-02 6.039635837078e-02 6.558714807034e-02 6.339870393276e-02 5.634310469031e-02 6.914249807596e-02 8.044453710318e-02 6.411334127188e-02 4.971185326576e-02 1.413237601519e-01 1.799114197493e-01 1.397600471973e-01 1.855259835720e-01 3.252787590027e-01 6.135333776474e-01 6.073175907135e+00 1.307848095894e+00 1.169720768929e+00 4.956441521645e-01 9.811821579933e-02 8.587729930878e-02 8.997740596533e-02 1.049803793430e-01 1.294280290604e-01 1.750165224075e-01 9.320368170738e-01 6.492858886719e+00 1.659478187561e+01 4.265270709991e+00 2.400795221329e+00 6.858440041542e-01 4.446085095406e-01 4.837889373302e-01
1.581540703773e-02 3.761760517955e-02 5.085503309965e-02 5.868893116713e-02 6.111898645759e-02 5.639526247978e-02 5.013508349657e-02 4.591561108828e-02 5.744868144393e-02 6.589240580797e-02 6.573610007763e-02 5.692937597632e-02 4.895634949207e-02 6.104014813900e-02 6.373541057110e-02 5.694250017405e-02 6.630480289459e-02 8.578396588564e-02 6.783264130354e-02 1.432891786098e-01 1.496484875679e-01 1.295628249645e-01 1.442965269089e-01 1.564873605967e-01 3.577882647514e-01 1.211998105049e+00 1.281856417656e+00 3.287725746632e-01 1.534286737442e-01 9.494854509830e-02 7.118119299412e-02 6.079640612006e-02 5.999332666397e-02 7.541425526142e-02 9.794075787067e-02 3.319274187088e-01 1.691983938217e+00 6.030795574188e+00 7.281752109528e+00 1.126919984818e+00 4.842434525490e-01 3.125033676624e-01 2.951216995716e-01
2.394170686603e-02 5.634408444166e-02 7.198902964592e-02 8.092933148146e-02 8.313520252705e-02 7.944168150425e-02 7.456618547440e-02 6.707311421633e-02 5.787599086761e-02 4.730193689466e-02 5.274885520339e-02 5.545729398727e-02 5.314565449953e-02 6.194924563169e-02 7.105705887079e-02 6.711342930794e-02 5.658232420683e-02 9.004552662373e-02 9.650164842606e-02 2.530891597271e-01 1.621537953615e-01 1.169735491276e-01 7.921882718801e-02 8.215946704149e-02 1.544041633606e-01 1.080328941345e+00 1.561101436615e+00 2.975470125675e-01 1.956345587969e-01 9.930994361639e-02 6.163214892149e-02 4.271114617586e-02 3.798057883978e-02 3.981913998723e-02 6.134363636374e-02 1.022463142872e-01 6.880241036415e-01 2.129979372025e+00 5.660214900970e+00 2.752028942108e+00 1.312251210213e+00 2.608365118504e-01 2.213136404753e-01
1.641626656055e-02 3.567073866725e-02 4.447425529361e-02 4.879251867533e-02 4.731439799070e-02 4.753399640322e-02 5.312329903245e-02 5.934203416109e-02 6.518749147654e-02 6.525864452124e-02 5.619770660996e-02 4.271649569273e-02 5.033686012030e-02 5.516519770026e-02 5.518443882465e-02 5.543124303222e-02 5.783443525434e-02 9.490448981524e-02 1.313158571720e-01 2.189217656851e-01 1.678558737040e-01 1.319107264280e-01 6.496557593346e-02 6.529144197702e-02 1.311218291521e-01 3.905152380466e-01 3.462555110455e-01 2.309705168009e-01 1.831641942263e-01 1.015617921948e-01 5.656731873751e-02 4.662490263581e-02 4.112882539630e-02 4.020773619413e-02 5.131156742573e-02 8.688669651747e-02 1.833222657442e-01 9.181414246559e-01 1.081216335297e+00 6.580764651299e-01 3.965858817101e-01 1.983995139599e-01 1.805896162987e-01
1.542328950018e-02 2.808008342981e-02 4.160328581929e-02 5.303819477558e-02 6.321579962969e-02 7.464908808470e-02 8.719167113304e-02 1.007546409965e-01 1.132977008820e-01 1.168943494558e-01 1.045372933149e-01 7.772273570299e-02 5.010620504618e-02 5.203038081527e-02 6.429728120565e-02 6.988048553467e-02 8.668199181557e-02 1.005722805858e-01 1.177515909076e-01 2.060092091560e-01 1.454035937786e-01 9.778663516045e-02 5.193789675832e-02 5.073155090213e-02 9.485668689013e-02 1.100545674562e-01 1.034650683403e+00 1.582088172436e-01 1.492549329996e-01 8.973583579063e-02 5.249879136682e-02 4.198035970330e-02 4.006740078330e-02 4.233730956912e-02 5.439250543714e-02 7.403030991554e-02 1.238835453987e-01 1.526773571968e-01 3.202283084393e-01 4.242881238461e-01 2.652172744274e-01 1.592803150415e-01 2.049434632063e-01
1.530290115625e-02 2.744320034981e-02 3.821892291307e-02 4.718600586057e-02 5.623711273074e-02 6.729976087809e-02 7.898218184710e-02 9.076642245054e-02 1.018009409308e-01 1.077990308404e-01 1.022348776460e-01 1.095112636685e-01 1.142723262310e-01 1.154054179788e-01 1.100607737899e-01 9.977126866579e-02 1.188463345170e-01 8.640534430742e-02 1.167479902506e-01 3.715819120407e-01 1.368376910686e-01 6.888680905104e-02 4.871429130435e-02 4.082828760147e-02 5.644089728594e-02 1.191270947456e-01 4.322265684605e-01 1.236628368497e-01 1.582100391388e-01 6.696491688490e-02 4.962261766195e-02 3.789679333568e-02 3.838977590203e-02 4.366244375706e-02 5.755562707782e-02 6.846192479134e-02 7.623104751110e-02 1.231069415808e-01 2.697958946228e-01 3.155619204044e-01 1.965324431658e-01 1.460712850094e-01 1.897033154964e-01
