VariationalSeries/SI/f95_max.grd
DSAA
101	101
32.816463539100	34.260883539100
35.556306596100	36.727886596100
3.723484231159e-03	1.327931060791e+02
[rows 0 to 18 of 101, columns 0 to 42 of 101]
1.174750179052e-02 2.107783406973e-02 1.888377778232e-02 1.564571447670e-02 1.504721120000e-02 2.831528894603e-02 5.630886927247e-02 7.820852100849e-02 6.954386085272e-02 4.112078994513e-02 1.711200922728e-02 1.902302913368e-02 2.041852287948e-02 1.987187005579e-02 1.710382848978e-02 1.301858853549e-02 1.858730614185e-02 2.193861082196e-02 2.642366103828e-02 3.012033924460e-02 3.094330430031e-02 4.038152843714e-02 2.987674251199e-02 2.667920291424e-02 2.663025073707e-02 3.634053841233e-02 5.720208957791e-02 6.530981510878e-02 4.797902703285e-02 4.814542084932e-02 4.745993390679e-02 4.442020133138e-02 3.837940841913e-02 3.031518682837e-02 2.160246111453e-02 1.370490808040e-02 1.941092871130e-02 2.965643629432e-02 4.169435054064e-02 4.677042365074e-02 3.919561207294e-02 3.859005868435e-02 3.698328882456e-02
2.181488275528e-02 4.130369797349e-02 4.090314731002e-02 3.324970602989e-02 3.437883779407e-02 5.484296754003e-02 1.085940375924e-01 1.496369242668e-01 1.315879821777e-01 7.589009404182e-02 3.063280694187e-02 3.322324901819e-02 3.535550087690e-02 3.381361067295e-02 2.857790514827e-02 2.353809960186e-02 2.956316433847e-02 3.930699080229e-02 4.706640541553e-02 5.314914509654e-02 5.355768278241e-02 1.051328480244e-01 5.838772654533e-02 4.604543372989e-02 5.503647401929e-02 7.112708687782e-02 9.609154611826e-02 1.097037643194e-01 8.277138322592e-02 8.118373900652e-02 7.726281881332e-02 6.973216682673e-02 5.778671428561e-02 4.361072927713e-02 2.995546534657e-02 2.840800210834e-02 4.649116098881e-02 6.626567989588e-02 8.338265120983e-02 8.199475705624e-02 6.063100323081e-02 6.962508708239e-02 7.650009542704e-02
2.154608443379e-02 4.430041089654e-02 5.005326867104e-02 4.686432704329e-02 4.913023114204e-02 6.353222578764e-02 1.261139810085e-01 1.707191318274e-01 1.453480124474e-01 7.880216091871e-02 3.744576498866e-02 4.253021255136e-02 4.410406574607e-02 4.084756970406e-02 3.671569749713e-02 3.171717748046e-02 3.521800413728e-02 4.731459543109e-02 5.836159363389e-02 6.478493660688e-02 1.086693108082e-01 1.621040999889e-01 7.185462862253e-02 6.189043447375e-02 7.335455715656e-02 8.860695362091e-02 9.167764335871e-02 9.999027848244e-02 8.740527927876e-02 8.266927301884e-02 7.502049952745e-02 6.405575573444e-02 5.265384912491e-02 3.662255033851e-02 3.386402875185e-02 5.395750701427e-02 7.884987443686e-02 9.673756361008e-02 1.010262295604e-01 8.164408057928e-02 5.018467083573e-02 6.454968452454e-02 8.568378537893e-02
2.537811547518e-02 4.633688554168e-02 5.103974044323e-02 5.259917676449e-02 5.626964196563e-02 6.537275761366e-02 1.324473917484e-01 1.755688041449e-01 1.412390470505e-01 6.804481893778e-02 4.296739399433e-02 4.965031147003e-02 5.736545473337e-02 5.760137736797e-02 5.240651965141e-02 4.525508731604e-02 3.842648118734e-02 4.990576207638e-02 6.055497378111e-02 8.315365016460e-02 1.820199340582e-01 2.059875577688e-01 7.903783023357e-02 7.412688434124e-02 8.111505210400e-02 9.284552931786e-02 8.853065222502e-02 8.187831193209e-02 8.300035446882e-02 6.802682578564e-02 5.818302929401e-02 4.681830853224e-02 6.069830432534e-02 3.891212865710e-02 6.181419268250e-02 8.729672431946e-02 1.077628508210e-01 1.086823195219e-01 9.171173721552e-02 5.972500890493e-02 6.112904101610e-02 6.803153455257e-02 7.849909365177e-02
2.933940105140e-02 5.515652522445e-02 5.733469501138e-02 5.441495403647e-02 5.895156040788e-02 6.646309047937e-02 1.358756721020e-01 1.764565408230e-01 1.333157420158e-01 5.773485451937e-02 5.421942844987e-02 6.785488873720e-02 7.552304118872e-02 7.530247420073e-02 6.948634237051e-02 5.915912613273e-02 4.894246533513e-02 4.814304411411e-02 7.636059820652e-02 1.522608995438e-01 2.527453899384e-01 2.261027842760e-01 7.630253583193e-02 8.121959865093e-02 8.135982602835e-02 9.099338948727e-02 8.139193803072e-02 6.927137076855e-02 8.993451297283e-02 8.930882066488e-02 4.892998561263e-02 4.714942723513e-02 6.477055698633e-02 6.965877115726e-02 9.762722253799e-02 1.165822148323e-01 1.174891293049e-01 9.587415307760e-02 6.568147242069e-02 7.191967964172e-02 9.266436100006e-02 9.089561551809e-02 6.209181994200e-02
3.294562548399e-02 6.347387284040e-02 6.891938298941e-02 6.261571496725e-02 6.006125733256e-02 6.758446246386e-02 1.365914046764e-01 1.719969063997e-01 1.211234778166e-01 5.351122468710e-02 7.104916870594e-02 8.509480953217e-02 9.060148894787e-02 8.801554888487e-02 7.977207005024e-02 6.572546064854e-02 5.377212166786e-02 5.375944450498e-02 1.207423731685e-01 2.160694450140e-01 2.935263812542e-01 2.232116758823e-01 8.787802606821e-02 1.237198784947e-01 8.626149594784e-02 8.560559153557e-02 7.322162389755e-02 1.072027757764e-01 1.609602272511e-01 1.240536049008e-01 5.708041787148e-02 5.990674719214e-02 7.510010898113e-02 1.047149300575e-01 1.240457519889e-01 1.222752481699e-01 1.011024117470e-01 6.749172508717e-02 7.965271174908e-02 1.088454127312e-01 1.250429898500e-01 1.056572720408e-01 5.712252855301e-02
3.437346965075e-02 6.789984554052e-02 7.983998209238e-02 7.720534503460e-02 6.782682985067e-02 6.887124478817e-02 1.353306323290e-01 1.656441539526e-01 1.096262559295e-01 6.799382716417e-02 8.529409766197e-02 9.678713977337e-02 9.835334867239e-02 9.206952899694e-02 7.931191474199e-02 6.330994516611e-02 5.232977122068e-02 8.423878252506e-02 1.615397632122e-01 2.569351792336e-01 3.036899268627e-01 2.039354294538e-01 1.169847175479e-01 1.567802429199e-01 1.107921972871e-01 8.684618026018e-02 7.214242964983e-02 1.936597079039e-01 2.722199261189e-01 1.586271822453e-01 6.107022613287e-02 7.263979315758e-02 1.036018058658e-01 1.230924129486e-01 1.228253170848e-01 1.016675159335e-01 7.057086378336e-02 7.998865097761e-02 1.158335357904e-01 1.436806470156e-01 1.445248126984e-01 1.063337698579e-01 6.212959438562e-02
3.462260216475e-02 6.885266304016e-02 8.656838536263e-02 9.080090373755e-02 8.482229709625e-02 7.187101989985e-02 1.343383938074e-01 1.631414294243e-01 1.029061600566e-01 8.113522082567e-02 9.550265222788e-02 1.020307764411e-01 9.926158934832e-02 8.858772367239e-02 7.147619128227e-02 5.600894987583e-02 5.060974135995e-02 1.101532429457e-01 1.963063776493e-01 2.778929769993e-01 2.982450723648e-01 1.835177689791e-01 1.276625543833e-01 1.722535341978e-01 1.346916556358e-01 9.125566482544e-02 8.450858294964e-02 2.910661399364e-01 3.787689507008e-01 1.868358552456e-01 6.403216719627e-02 9.023216366768e-02 1.108011230826e-01 1.132493093610e-01 1.170530393720e-01 8.314046263695e-02 7.836468517780e-02 1.143638640642e-01 1.508733928204e-01 1.634567081928e-01 1.424499154091e-01 8.978231996298e-02 7.305037230253e-02
3.318198397756e-02 6.616526842117e-02 8.616242557764e-02 9.644769132137e-02 9.815575927496e-02 8.787792176008e-02 1.336771249771e-01 1.627343297005e-01 9.970483183861e-02 9.063625335693e-02 1.007671281695e-01 1.022331640124e-01 9.453645348549e-02 7.940279692411e-02 8.395018428564e-02 8.366256207228e-02 7.977113127708e-02 1.304666996002e-01 2.147313505411e-01 2.729697823524e-01 2.707884609699e-01 1.597657501698e-01 1.309742033482e-01 1.644515395164e-01 1.451000571251e-01 9.996534138918e-02 8.656656742096e-02 3.737449347973e-01 4.406392872334e-01 2.067567110062e-01 7.960978150368e-02 8.616401255131e-02 9.291897714138e-02 1.089052110910e-01 1.285429447889e-01 9.827753156424e-02 1.178281232715e-01 1.541567146778e-01 1.770030558109e-01 1.639660447836e-01 1.203378811479e-01 8.863666653633e-02 8.512505143881e-02
4.753305390477e-02 8.374502509832e-02 7.893066108227e-02 9.264078736305e-02 1.025142446160e-01 1.009681299329e-01 1.346508115530e-01 1.632870882750e-01 9.799940884113e-02 9.535437077284e-02 1.007849499583e-01 9.737486392260e-02 1.032533198595e-01 1.127524375916e-01 1.183778569102e-01 1.205416619778e-01 1.176954507828e-01 1.486069858074e-01 2.190272510052e-01 2.524884343147e-01 2.347250878811e-01 1.367975622416e-01 1.187581792474e-01 1.433498114347e-01 1.397437751293e-01 1.025795638561e-01 9.354177862406e-02 4.225728213787e-01 4.672740995884e-01 2.150505185127e-01 8.981261402369e-02 6.842843443155e-02 8.966668695211e-02 1.081016734242e-01 1.316304653883e-01 1.275476366282e-01 1.645360141993e-01 1.845075637102e-01 1.801447868347e-01 1.413297802210e-01 8.656348288059e-02 9.298723191023e-02 9.561095386744e-02
4.795935377479e-02 9.602793306112e-02 9.930448234081e-02 8.162420243025e-02 9.600816667080e-02 1.052099168301e-01 1.340246647596e-01 1.614119261503e-01 9.531276673079e-02 9.615079313517e-02 1.035696789622e-01 1.208434775472e-01 1.340590119362e-01 1.418329328299e-01 1.459439843893e-01 1.480232924223e-01 1.472917199135e-01 1.726773828268e-01 2.417262196541e-01 2.555412650108e-01 2.142282277346e-01 1.578610986471e-01 1.103197485209e-01 1.218650788069e-01 1.254518926144e-01 9.819918125868e-02 1.211713999510e-01 4.441677033901e-01 4.770449995995e-01 2.113476246595e-01 9.155131876469e-02 7.981412112713e-02 8.782502263784e-02 1.105439513922e-01 1.464631110430e-01 1.772210448980e-01 1.971746236086e-01 1.881663501263e-01 1.557137370110e-01 1.207691729069e-01 8.384867757559e-02 9.052643179893e-02 1.043466180563e-01
4.082163795829e-02 8.588119596243e-02 1.027680635452e-01 1.078874319792e-01 9.620933234692e-02 9.732161462307e-02 1.304644495249e-01 1.561408191919e-01 9.311538934708e-02 1.116880178452e-01 1.294209510088e-01 1.441359668970e-01 1.545194387436e-01 1.608714312315e-01 1.636431664228e-01 1.643130928278e-01 1.636489778757e-01 2.289685904980e-01 3.126384317875e-01 3.240425884724e-01 2.784276008606e-01 2.176655530930e-01 1.589708775282e-01 1.145532876253e-01 1.675031036139e-01 1.599314808846e-01 1.464794278145e-01 4.249973595142e-01 4.214054942131e-01 1.928183138371e-01 1.122649013996e-01 1.323689669371e-01 1.419344097376e-01 1.772347390652e-01 2.003957480192e-01 2.087487429380e-01 1.996397227049e-01 1.604571640491e-01 1.710760593414e-01 2.002626210451e-01 1.079462170601e-01 9.576735645533e-02 1.117549166083e-01
2.935620211065e-02 6.499599665403e-02 8.593542873859e-02 1.015777364373e-01 1.116306036711e-01 1.082199215889e-01 1.241066604853e-01 1.482015401125e-01 1.150366961956e-01 1.328528523445e-01 1.458612680435e-01 1.544539481401e-01 1.598953604698e-01 1.633149236441e-01 1.643620133400e-01 1.645387858152e-01 1.656506210566e-01 2.512938082218e-01 3.392259776592e-01 3.455866873264e-01 2.981009781361e-01 2.424054443836e-01 1.894549578428e-01 1.436671018600e-01 2.259713262320e-01 2.178877741098e-01 1.827991753817e-01 3.694515526295e-01 3.307476043701e-01 1.642642319202e-01 1.977604329586e-01 2.223501950502e-01 2.200590074062e-01 2.309944778681e-01 2.286015599966e-01 2.077360004187e-01 1.891670078039e-01 1.786711066961e-01 1.693434864283e-01 2.690368294716e-01 1.732529550791e-01 1.224162206054e-01 1.275862604380e-01
2.227998338640e-02 4.481218382716e-02 6.110859662294e-02 7.872422784567e-02 9.622876346111e-02 1.099220365286e-01 1.147538051009e-01 1.373903006315e-01 1.279135197401e-01 1.416298896074e-01 1.487419605255e-01 1.513183116913e-01 1.506613940001e-01 1.478902846575e-01 1.448988914490e-01 1.450684517622e-01 1.496305763721e-01 2.300036996603e-01 3.043169379234e-01 3.140798807144e-01 2.817754447460e-01 2.390635907650e-01 1.977600604296e-01 1.618260294199e-01 2.236411422491e-01 2.307369261980e-01 2.031934708357e-01 3.020041882992e-01 2.415267229080e-01 1.725611984730e-01 2.327998280525e-01 2.626340389252e-01 2.609149217606e-01 2.485741674900e-01 2.130664438009e-01 1.854337155819e-01 1.740432232618e-01 1.613616496325e-01 1.469400376081e-01 2.838067710400e-01 2.646398246288e-01 1.338425427675e-01 1.290877163410e-01
2.712818607688e-02 4.967179894447e-02 5.533851310611e-02 5.929853022099e-02 6.913191825151e-02 8.655876666307e-02 1.031993031502e-01 1.214997172356e-01 1.302590221167e-01 1.392195075750e-01 1.413838416338e-01 1.389028280973e-01 1.333977282047e-01 1.258888542652e-01 1.194331347942e-01 1.183830425143e-01 1.234829127789e-01 1.812027245760e-01 2.332074791193e-01 2.457416653633e-01 2.300280630589e-01 2.072499841452e-01 1.839483678341e-01 1.662676483393e-01 1.753418743610e-01 1.911605149508e-01 1.865614652634e-01 2.325934022665e-01 1.771924495697e-01 1.946781575680e-01 2.519128918648e-01 2.792018353939e-01 2.665141820908e-01 2.196714431047e-01 1.586965620518e-01 1.765608191490e-01 1.464835852385e-01 1.543965041637e-01 1.498875021935e-01 2.347413897514e-01 3.500392735004e-01 1.433402597904e-01 1.472814381123e-01
3.369623795152e-02 5.621235445142e-02 5.902310088277e-02 6.223798543215e-02 6.541420519352e-02 8.169253915548e-02 9.831402450800e-02 1.132127419114e-01 1.242441982031e-01 1.294401586056e-01 1.280781775713e-01 1.224295794964e-01 1.148883476853e-01 1.063779145479e-01 9.953270852566e-02 9.739303588867e-02 9.961037337780e-02 1.396525353193e-01 1.630977839231e-01 1.748466491699e-01 1.714883148670e-01 1.599010080099e-01 1.505608409643e-01 1.529444903135e-01 1.482930630445e-01 1.405184119940e-01 2.035933434963e-01 2.234110087156e-01 2.249944061041e-01 2.204742878675e-01 2.615543901920e-01 2.651633620262e-01 2.203911989927e-01 2.156693488359e-01 1.116788387299e-01 2.096300423145e-01 1.940260678530e-01 1.793290227652e-01 1.535383611917e-01 1.655053049326e-01 3.961034417152e-01 2.251478284597e-01 1.689403653145e-01
4.635286331177e-02 8.016090840101e-02 7.921413332224e-02 6.357371062040e-02 6.560361385345e-02 7.987799495459e-02 9.395093470812e-02 1.053732261062e-01 1.123253703117e-01 1.141362637281e-01 1.380064189434e-01 1.444567739964e-01 1.455168724060e-01 1.320504993200e-01 1.142169088125e-01 1.065260395408e-01 1.182262599468e-01 1.179095804691e-01 1.340121924877e-01 1.279306113720e-01 1.173117607832e-01 1.152158603072e-01 1.179552599788e-01 1.240894943476e-01 1.326800733805e-01 1.514183282852e-01 2.244825661182e-01 2.231252044439e-01 2.257346212864e-01 2.378271520138e-01 2.505088150501e-01 2.560296058655e-01 2.714072763920e-01 2.409544885159e-01 1.538805514574e-01 2.360108196735e-01 2.160467803478e-01 1.785440444946e-01 1.343648284674e-01 1.023889929056e-01 3.802115023136e-01 3.381868898869e-01 1.903054863214e-01
5.314133316278e-02 9.799414128065e-02 1.060484498739e-01 9.211006015539e-02 6.669104099274e-02 7.521272450686e-02 8.596481382847e-02 9.360320121050e-02 9.701469540596e-02 1.217037439346e-01 1.778710931540e-01 1.841142028570e-01 1.685594767332e-01 1.652387529612e-01 1.536784917116e-01 1.370632052422e-01 1.165560632944e-01 1.004033237696e-01 1.382540464401e-01 1.375986486673e-01 1.018091663718e-01 9.007243812084e-02 9.947386384010e-02 1.307640075684e-01 1.387336552143e-01 1.596966981888e-01 1.955915987492e-01 1.865831166506e-01 1.875764578581e-01 2.012819051743e-01 2.309662550688e-01 2.653376162052e-01 2.934252917767e-01 2.479805648327e-01 1.771722286940e-01 2.608610689640e-01 2.078177481890e-01 1.614570170641e-01 1.107712835073e-01 1.000829115510e-01 3.067588508129e-01 4.535064399242e-01 2.057667374611e-01
5.251990258694e-02 1.029731258750e-01 1.228281334043e-01 1.163425296545e-01 9.085939079523e-02 6.897573918104e-02 7.624101638794e-02 8.250295370817e-02 9.506007283926e-02 1.209516003728e-01 1.748232990503e-01 1.948283612728e-01 1.827656626701e-01 1.829500496387e-01 1.774307638407e-01 1.684924811125e-01 1.558926105499e-01 1.359617114067e-01 1.543664038181e-01 1.468553841114e-01 1.277448236942e-01 1.261850297451e-01 1.429531276226e-01 1.490932255983e-01 1.335704177618e-01 1.387350112200e-01 1.459571272135e-01 1.350668072701e-01 1.354644000530e-01 1.482927203178e-01 1.775801181793e-01 2.240467667580e-01 2.757853865623e-01 2.457533627748e-01 1.839213669300e-01 2.520541548729e-01 1.823869198561e-01 1.461088508368e-01 1.229494139552e-01 1.266749203205e-01 2.107608169317e-01 5.286994576454e-01 2.133103758097e-01
