VariationalSeries/SI/f95_max.grd
DSAA
101	101
32.816463539100	34.260883539100
35.556306596100	36.727886596100
3.723484231159e-03	1.327931060791e+02
[rows 38 to 56 of 101, columns 0 to 42 of 101]
9.856180101633e-02 1.756871938705e-01 1.806699633598e-01 1.880598068237e-01 2.103758603334e-01 2.287452071905e-01 2.999286651611e-01 3.426560759544e-01 3.770191669464e-01 3.451417684555e-01 3.426195979118e-01 3.755833506584e-01 3.820574581623e-01 3.592060208321e-01 3.623517453671e-01 4.615839421749e-01 6.078058481216e-01 7.135523557663e-01 5.709885954857e-01 7.147282958031e-01 8.639554381371e-01 8.862424492836e-01 6.805847287178e-01 5.041540861130e-01 7.612078189850e-01 6.772646307945e-01 5.745204091072e-01 5.738284587860e-01 5.382438302040e-01 6.666063070297e-01 7.776027917862e-01 9.115383625031e-01 1.087548136711e+00 1.302154183388e+00 1.230264902115e+00 7.093753814697e-01 8.145754337311e-01 8.876112699509e-01 1.111153960228e+00 1.384774684906e+00 1.652482271194e+00 1.602442502975e+00 1.305446028709e+00
1.140789687634e-01 2.032085806131e-01 1.923874467611e-01 1.921459585428e-01 2.275616675615e-01 2.769650518894e-01 3.641976118088e-01 4.588421285152e-01 5.125200748444e-01 4.807889163494e-01 3.510837256908e-01 2.516373991966e-01 2.961462140083e-01 3.398165404797e-01 3.668687641621e-01 3.705484867096e-01 3.430493175983e-01 4.256410002708e-01 4.579331874847e-01 6.857519745827e-01 7.476447224617e-01 6.790325641632e-01 6.734881997108e-01 5.893074274063e-01 5.511532425880e-01 6.069185733795e-01 5.141426324844e-01 4.403991997242e-01 5.958601832390e-01 6.085377931595e-01 4.977429211140e-01 5.250446796417e-01 7.013024687767e-01 8.286812305450e-01 1.205274701118e+00 1.091317057610e+00 6.619924902916e-01 1.136751890182e+00 1.382821798325e+00 1.550837397575e+00 1.497604131699e+00 1.906615257263e+00 1.643599033356e+00
1.005490869284e-01 1.862667798996e-01 2.034845501184e-01 2.031698524952e-01 2.658537030220e-01 3.279822170734e-01 3.987945914268e-01 5.255514979362e-01 5.706453919411e-01 5.692837834358e-01 3.897380232811e-01 2.339588552713e-01 2.440996766090e-01 2.442023605108e-01 2.424610704184e-01 2.876195311546e-01 3.247362673283e-01 3.110452592373e-01 4.814942479134e-01 8.819451332092e-01 1.048116564751e+00 9.148821830750e-01 9.638556838036e-01 9.754220843315e-01 8.063752055168e-01 5.621673464775e-01 4.150588810444e-01 3.802612125874e-01 4.589529037476e-01 4.662308394909e-01 5.693107843399e-01 6.383115649223e-01 7.468036413193e-01 8.566089868546e-01 7.390269637108e-01 8.975999355316e-01 9.065873026848e-01 8.628336191177e-01 1.712856888771e+00 1.688213348389e+00 1.256539463997e+00 1.887310385704e+00 2.550873756409e+00
1.388854384422e-01 2.998518645763e-01 3.487486541271e-01 3.587588965893e-01 3.238590955734e-01 3.082859218121e-01 3.247223496437e-01 3.615216612816e-01 3.625535666943e-01 3.435332179070e-01 2.341492623091e-01 1.789576411247e-01 1.865025460720e-01 2.163281440735e-01 2.464849799871e-01 2.690970897675e-01 2.790338993073e-01 3.228602409363e-01 3.625723421574e-01 4.143418371677e-01 6.324815750122e-01 8.571922183037e-01 7.824689149857e-01 7.572491765022e-01 9.445804357529e-01 1.127207398415e+00 1.262919783592e+00 1.230631470680e+00 1.278509974480e+00 1.396293401718e+00 1.546551108360e+00 1.416444063187e+00 1.682297348976e+00 1.916147351265e+00 1.476617097855e+00 9.104538559914e-01 1.661969542503e+00 1.201405763626e+00 9.945979118347e-01 2.058595657349e+00 1.259295344353e+00 2.028417825699e+00 2.306385517120e+00
1.649096608162e-01 3.318613171577e-01 3.725841641426e-01 2.672863304615e-01 2.846660912037e-01 3.601611852646e-01 3.786236941814e-01 3.915741741657e-01 3.090357184410e-01 1.973669975996e-01 1.980826258659e-01 1.958533674479e-01 1.927662342787e-01 2.138839215040e-01 2.417133599520e-01 2.652480900288e-01 2.798037230968e-01 3.171221017838e-01 4.498943090439e-01 4.946349561214e-01 4.200177788734e-01 7.061188817024e-01 8.997266292572e-01 9.317623972893e-01 7.717539668083e-01 7.107038497925e-01 9.466754794121e-01 1.439998745918e+00 1.944236278534e+00 1.782447814941e+00 1.586768507957e+00 1.259817600250e+00 1.284695863724e+00 2.421380281448e+00 1.735162377357e+00 2.194084644318e+00 1.490514993668e+00 2.262241363525e+00 1.993527412415e+00 1.699056863785e+00 2.748385667801e+00 2.758917570114e+00 1.862030386925e+00
3.296557366848e-01 6.401747465134e-01 4.791542887688e-01 3.745205104351e-01 3.218303322792e-01 2.298752218485e-01 3.116875588894e-01 3.815228044987e-01 3.786965310574e-01 3.465832471848e-01 2.936972081661e-01 2.110716998577e-01 2.318214178085e-01 2.934937775135e-01 3.275358676910e-01 3.032385706902e-01 2.706700265408e-01 3.694787025452e-01 4.314086437225e-01 5.225406289101e-01 5.144734978676e-01 4.761484861374e-01 5.358682274818e-01 3.753942549229e-01 3.797294795513e-01 3.233874440193e-01 3.552139997482e-01 4.955254197121e-01 5.826427936554e-01 6.001545786858e-01 5.211905837059e-01 8.857845067978e-01 1.278744935989e+00 2.185070276260e+00 1.495946407318e+00 1.389712095261e+00 1.203402638435e+00 1.765315890312e+00 1.459420204163e+00 2.363038063049e+00 2.630555152893e+00 2.988780498505e+00 3.080246686935e+00
5.472494363785e-01 2.762724399567e+00 1.111588120461e+00 2.263563156128e+00 6.031926274300e-01 4.604338705540e-01 5.918010473251e-01 5.183688998222e-01 3.653640449047e-01 2.869882285595e-01 3.043562471867e-01 3.028978109360e-01 2.347231805325e-01 2.293683886528e-01 2.688806355000e-01 3.104226589203e-01 3.441807925701e-01 3.391014039516e-01 6.986409425735e-01 6.789298057556e-01 4.653461873531e-01 5.071002244949e-01 4.592408239841e-01 3.501725792885e-01 5.055965185165e-01 3.202624619007e-01 3.898994624615e-01 5.044087171555e-01 5.937290191650e-01 4.587510526180e-01 6.310887932777e-01 5.671870112419e-01 7.917221188545e-01 1.501123070717e+00 2.010938882828e+00 1.325590729713e+00 1.357203483582e+00 1.841019511223e+00 1.827218174934e+00 1.971534371376e+00 2.268845319748e+00 2.787483930588e+00 3.076841831207e+00
6.047347784042e-01 3.882674276829e-01 5.598636865616e-01 6.614413261414e-01 6.809661984444e-01 7.630820870399e-01 8.112128973007e-01 7.047238945961e-01 6.315239071846e-01 6.015201807022e-01 5.398151874542e-01 4.730160236359e-01 4.903615713120e-01 4.171775877476e-01 3.565638661385e-01 3.434285223484e-01 2.686796188354e-01 2.906487286091e-01 5.236533164978e+00 4.923669338226e+00 3.893319070339e-01 6.270658373833e-01 3.888467550278e-01 3.724055588245e-01 4.886477589607e-01 5.714997053146e-01 5.428247451782e-01 5.679439306259e-01 5.799359083176e-01 5.952114462852e-01 9.100166559219e-01 7.291513085365e-01 7.370216846466e-01 9.147422909737e-01 1.207196354866e+00 1.360234141350e+00 2.078688144684e+00 1.804947376251e+00 1.993698120117e+00 1.924839973450e+00 2.306407451630e+00 2.523786544800e+00 2.313013315201e+00
3.383224010468e+00 7.518334865570e+00 6.048053503036e-01 6.978753209114e-01 7.403988838196e-01 7.257645130157e-01 6.609079241753e-01 5.851650834084e-01 5.164000391960e-01 4.553025066853e-01 5.135207772255e-01 4.863683283329e-01 3.686932027340e-01 2.404999732971e-01 2.580510675907e-01 6.125134229660e-01 1.004283428192e+00 1.128397464752e+00 2.499379396439e+00 3.149026632309e+00 6.049228906631e-01 6.637495756149e-01 5.794328451157e-01 5.111476778984e-01 4.634729921818e-01 4.614727795124e-01 9.131712913513e-01 8.777827620506e-01 6.666415333748e-01 8.313603401184e-01 5.773409008980e-01 8.589741587639e-01 1.189086794853e+00 1.789709568024e+00 1.547398209572e+00 8.954848647118e-01 1.662346959114e+00 1.677205443382e+00 2.530612945557e+00 2.411683797836e+00 2.228707313538e+00 2.095377683640e+00 2.247483015060e+00
9.666163921356e-01 1.627494931221e+00 1.277213096619e-01 1.563803702593e-01 2.060051113367e-01 1.157724499702e+00 2.640148878098e+00 2.168369293213e+00 1.185004949570e+00 3.703568279743e-01 3.340193033218e-01 4.253185689449e-01 4.236265420914e-01 3.642301261425e-01 1.879026174545e+00 2.138290882111e+00 8.971192240715e-01 9.964135885239e-01 1.086580634117e+00 1.700761556625e+00 4.201788902283e+00 7.126968502998e-01 9.179011583328e-01 1.790961742401e+00 1.241285324097e+00 1.254549741745e+00 9.063725471497e-01 8.603508472443e-01 1.491679549217e+00 1.741422653198e+00 1.845152378082e+00 1.285024881363e+00 3.098202228546e+00 1.857920289040e+00 2.903893232346e+00 2.233737230301e+00 1.630770921707e+00 1.809534788132e+00 2.222176313400e+00 2.879009246826e+00 3.529963016510e+00 4.510897159576e+00 4.784687995911e+00
7.194936275482e-01 1.203927397728e+00 9.955813735723e-02 8.623512089252e-02 6.844309568405e-01 2.640373468399e+00 5.157749652863e+00 4.083353996277e+00 1.502145886421e+00 1.409782767296e-01 1.336742639542e-01 1.250578165054e-01 1.339534968138e-01 1.510212570429e-01 1.214550137520e+00 8.975162506104e-01 7.757609486580e-01 7.474277615547e-01 8.159338235855e-01 3.742304444313e-01 1.704898953438e+00 1.420773220062e+01 9.444960355759e-01 1.819666743279e+00 4.559863567352e+00 2.369344711304e+00 1.488926053047e+00 1.344058871269e+00 1.409618258476e+00 1.541165590286e+00 2.476886272430e+00 3.724740505219e+00 1.962056279182e+00 2.657866716385e+00 4.192978858948e+00 7.399552345276e+00 3.656003713608e+00 2.022499322891e+00 1.732010364532e+00 1.928646564484e+00 2.648898839951e+00 2.934366941452e+00 3.114043474197e+00
4.062171876431e-01 5.837271213531e-01 7.673109322786e-02 5.890072137117e-02 9.425967186689e-02 1.534249186516e+00 3.179659605026e+00 1.960021495819e+00 1.145510911942e+00 2.016795128584e-01 7.495410740376e-02 4.700860083103e-01 5.710504651070e-01 4.957721829414e-01 4.633070230484e-01 6.341419219971e-01 8.445401191711e-01 7.108666896820e-01 7.949412465096e-01 7.202965021133e-01 8.983844518661e-01 1.622072696686e+00 6.485812067986e-01 9.827563166618e-01 3.732670068741e+00 2.135590553284e+00 5.973357200623e+00 4.562280178070e+00 1.454478263855e+00 3.434608936310e+00 1.192682361603e+01 1.644613456726e+01 1.722804641724e+01 3.349972724915e+00 4.611425876617e+00 5.076040744781e+00 3.766940832138e+00 1.855015277863e+00 1.489266872406e+00 1.536094188690e+00 2.999143600464e+00 2.173658370972e+00 2.790373325348e+00
1.506911367178e-01 4.724511504173e-01 2.984177172184e-01 1.579677313566e-01 1.067939996719e-01 4.685410484672e-02 2.974948585033e-01 3.433252573013e-01 3.489301204681e-01 3.162406980991e-01 2.427112162113e-01 4.642970263958e-01 5.540460944176e-01 6.866732239723e-01 5.916393995285e-01 4.308557212353e-01 5.587344765663e-01 6.161957979202e-01 6.425786614418e-01 4.152282476425e-01 4.972440004349e-01 8.058540225029e-01 1.171944499016e+00 2.379794120789e+00 5.476595878601e+00 3.746582984924e+00 4.097460746765e+00 3.025819301605e+00 5.205311298370e+00 1.347198367119e+00 6.917884349823e-01 6.261726617813e-01 1.096749782562e+00 1.855970621109e+00 5.710662841797e+00 6.566954040527e+01 2.390177345276e+01 1.072285652161e+01 7.601408004761e+00 6.011864185333e+00 6.510435104370e+00 6.973567008972e+00 1.042973136902e+01
1.465828269720e-01 2.928135991096e-01 3.670834600925e-01 2.005553245544e-01 1.310060769320e-01 5.596513673663e-02 2.633498907089e-01 2.697625458241e-01 2.631575465202e-01 2.443673908710e-01 2.902672588825e-01 3.482726514339e-01 3.819798529148e-01 7.264454364777e-01 6.324987411499e-01 5.178512334824e-01 5.175697803497e-01 4.991466999054e-01 4.745270609856e-01 5.240998268127e-01 4.733118712902e-01 4.870639443398e-01 8.260034918785e-01 9.744109511375e-01 2.440586566925e+00 2.372901916504e+01 6.685106277466e+00 1.186125278473e+01 5.093985557556e+00 5.558691024780e-01 3.321526646614e-01 3.288512229919e-01 3.792206943035e-01 5.123671889305e-01 8.237459659576e-01 4.976978302002e+00 3.852936172485e+01 8.605046272278e+00 2.522278785706e+00 7.699031829834e+00 4.158398151398e+00 1.831712245941e+00 2.958927869797e+00
1.157120615244e-01 2.075422704220e-01 2.803857922554e-01 3.237937092781e-01 3.377275466919e-01 3.124608695507e-01 2.786770164967e-01 2.696267068386e-01 2.615812122822e-01 2.301315367222e-01 2.046939283609e-01 2.515267729759e-01 2.820535600185e-01 2.871892154217e-01 5.081442594528e-01 4.318295717239e-01 4.246534407139e-01 4.624067246914e-01 3.693621158600e-01 4.185816645622e-01 5.066138505936e-01 4.431144595146e-01 4.853355288506e-01 5.301236510277e-01 9.867075681686e-01 5.998427867889e+00 6.133148670197e+00 1.702774763107e+00 6.690086722374e-01 3.954410552979e-01 2.990055978298e-01 2.512566149235e-01 2.994537055492e-01 4.150492846966e-01 5.161913037300e-01 2.011976003647e+00 7.223869323730e+00 3.772270917892e+00 2.413818120956e+00 5.702722072601e-01 2.371562480927e+00 2.000952720642e+00 1.792903423309e+00
1.842267960310e-01 3.102101683617e-01 3.962021470070e-01 4.456420540810e-01 4.585432708263e-01 4.392254352570e-01 4.131842553616e-01 3.725839257240e-01 3.225524425507e-01 2.646453082561e-01 1.966089904308e-01 1.849477738142e-01 2.097745537758e-01 2.198336720467e-01 4.935455322266e-01 4.687814712524e-01 4.862641096115e-01 3.066737949848e-01 3.766224682331e-01 5.840204358101e-01 5.271478891373e-01 3.693235814571e-01 2.844083309174e-01 2.899531722069e-01 5.198666453362e-01 5.335374832153e+00 3.976363182068e+00 1.331405282021e+00 8.327905535698e-01 5.381411910057e-01 3.792096376419e-01 2.627353668213e-01 2.338190823793e-01 2.342757880688e-01 3.466546833515e-01 5.759800076485e-01 5.194524526596e-01 1.330830335617e+00 9.335741043091e+00 1.365953445435e+01 7.897746562958e+00 1.707321166992e+00 1.384286642075e+00
9.222732484341e-02 1.958250403404e-01 2.440522164106e-01 2.679673731327e-01 2.604265213013e-01 2.480276226997e-01 2.395092397928e-01 2.185637354851e-01 2.069583684206e-01 1.821278333664e-01 1.633960604668e-01 1.484742760658e-01 1.682171076536e-01 1.722375452518e-01 3.824694454670e-01 5.156533122063e-01 4.972452521324e-01 3.210368752480e-01 6.344267725945e-01 6.855171322823e-01 5.899331569672e-01 7.841758131981e-01 2.331715375185e-01 2.217884808779e-01 4.969900548458e-01 1.964819908142e+00 1.033847332001e+00 1.065890789032e+00 7.874467968941e-01 5.295973420143e-01 3.466711044312e-01 2.861858904362e-01 2.526448667049e-01 2.478397041559e-01 2.886024117470e-01 5.573275089264e-01 4.038482606411e-01 1.483806729317e+00 6.637187957764e+00 4.037432670593e+00 2.479870557785e+00 1.029911637306e+00 8.266538977623e-01
7.921691238880e-02 1.157501786947e-01 1.519531905651e-01 1.663317680359e-01 1.662170290947e-01 1.586547195911e-01 1.463008075953e-01 1.594147086143e-01 1.618491858244e-01 1.636087745428e-01 1.816984713078e-01 1.949576139450e-01 1.985615342855e-01 2.125047296286e-01 3.904389142990e-01 4.489796459675e-01 2.766973972321e-01 3.272436559200e-01 5.133872032166e-01 1.224141716957e+00 6.791414022446e-01 6.197266578674e-01 3.420182466507e-01 3.016962409019e-01 5.896851420403e-01 5.190714001656e-01 4.751843452454e+00 7.318975329399e-01 6.776394844055e-01 4.151265323162e-01 2.785071730614e-01 2.563224136829e-01 2.452472895384e-01 2.607689201832e-01 3.236780762672e-01 4.465746879578e-01 7.923175096512e-01 9.796572923660e-01 1.775564908981e+00 2.677378892899e+00 1.682684421539e+00 9.372097849846e-01 1.225340127945e+00
6.391529738903e-02 1.140428930521e-01 1.526463329792e-01 1.700372248888e-01 2.684507966042e-01 1.754123419523e-01 2.087387591600e-01 2.360408157110e-01 2.608601450920e-01 2.832626104355e-01 3.030635416508e-01 3.149553835392e-01 3.452377021313e-01 3.666595816612e-01 7.218894958496e-01 7.501844763756e-01 3.740063011646e-01 3.002953231335e-01 4.394181072712e-01 1.385030865669e+00 6.126630306244e-01 7.263988852501e-01 4.744359552860e-01 3.596194684505e-01 5.172087550163e-01 1.137255787849e+00 2.063639879227e+00 5.619679689407e-01 7.284817099571e-01 3.215784728527e-01 2.469200640917e-01 2.298331409693e-01 2.339044809341e-01 2.681984603405e-01 3.313416838646e-01 4.048099219799e-01 4.480072259903e-01 6.228536367416e-01 1.160318017006e+00 1.373933911324e+00 8.834691643715e-01 1.012235164642e+00 1.159218072891e+00
