VariationalSeries/SI/f95_max.grd
DSAA
101	101
32.816463539100	34.260883539100
35.556306596100	36.727886596100
3.723484231159e-03	1.327931060791e+02
[rows 76 to 94 of 101, columns 43 to 85 of 101]
2.765931785107e-01 3.809873461723e-01 5.981770157814e-01 1.670694231987e+00 1.066273212433e+00 2.018978834152e+00 1.971722006798e+00 5.104072093964e-01 4.363244771957e-01 9.300841093063e-01 2.356389045715e+00 5.066382884979e+00 3.586456298828e+00 1.465183854103e+00 7.517551183701e-01 1.267080545425e+00 1.304987907410e+00 6.546222567558e-01 6.019288301468e-01 2.676790952682e-01 2.800801515579e+00 6.431797504425e+00 1.534370779991e+00 1.029926538467e+00 8.131420612335e-01 5.456219911575e-01 2.912617325783e-01 2.786976397038e-01 3.298361003399e-01 2.269902229309e-01 1.949766129255e-01 2.040855437517e-01 2.062895894051e-01 2.446691095829e-01 3.114874958992e-01 2.784751951694e-01 3.475213944912e-01 4.862843453884e-01 4.200146198273e-01 1.841811388731e-01 1.987349241972e-01 2.816412448883e-01 3.426077365875e-01
6.580684185028e-01 7.340677976608e-01 9.323633909225e-01 1.238460659981e+00 1.792304039001e+00 1.868416428566e+00 7.078363895416e-01 5.397772192955e-01 4.926986992359e-01 3.412569046021e+00 3.509949922562e+00 2.327535390854e+00 1.884993314743e+00 1.033772468567e+00 1.112713813782e+00 1.500976324081e+00 4.142738878727e-01 2.183225154877e-01 2.446560561657e-01 1.830500066280e-01 2.623853087425e-01 3.102413713932e-01 4.791637063026e-01 5.180070996284e-01 4.704132080078e-01 2.891767919064e-01 1.603013873100e-01 1.576552838087e-01 3.460576832294e-01 2.346338629723e-01 2.009197473526e-01 2.798604965210e-01 3.209908604622e-01 2.853379547596e-01 2.194246351719e-01 2.176576405764e-01 2.354764938354e-01 3.039501011372e-01 4.166263639927e-01 4.295958578587e-01 2.779962122440e-01 2.153205722570e-01 2.738760113716e-01
5.184370279312e-01 1.417711734772e+00 1.334277987480e+00 8.149947524071e-01 8.768351078033e-01 1.944967627525e+00 9.433087110519e-01 8.987932205200e-01 7.258792519569e-01 4.989847838879e-01 8.992533683777e-01 1.431262254715e+00 9.466564059258e-01 1.502726435661e+00 1.456432819366e+00 4.881834685802e-01 1.816439479589e-01 1.810320913792e-01 1.821883022785e-01 2.267644107342e-01 1.737636923790e-01 1.599998027086e-01 1.816482245922e-01 2.226496040821e-01 2.018500715494e-01 1.761683821678e-01 1.464416235685e-01 1.520945876837e-01 2.739245593548e-01 3.407014310360e-01 2.682408392429e-01 3.454379439354e-01 3.734833002090e-01 3.289056718349e-01 2.486585527658e-01 1.682059168816e-01 1.523418873549e-01 2.011590003967e-01 2.609873116016e-01 3.328926563263e-01 3.991978168488e-01 3.552173674107e-01 2.250604927540e-01
8.350130915642e-01 1.054071545601e+00 6.695401668549e-01 9.226150512695e-01 1.902001023293e+00 1.487387299538e+00 5.242653489113e-01 3.474039435387e-01 3.053276240826e-01 1.303799390793e+00 1.611003637314e+00 1.505946636200e+00 1.376877546310e+00 8.350242972374e-01 2.663354277611e-01 1.892474889755e-01 1.253789365292e-01 8.211094141006e-02 8.270258456469e-02 1.030385792255e-01 1.399106383324e-01 1.391742676497e-01 9.699224680662e-02 1.277996897697e-01 1.230645999312e-01 1.255636513233e-01 1.213570907712e-01 1.231955066323e-01 1.862912029028e-01 3.893032670021e-01 2.422602176666e-01 3.356935083866e-01 4.037254750729e-01 3.717755973339e-01 2.966805696487e-01 2.135603278875e-01 1.589113026857e-01 1.218527033925e-01 1.674669086933e-01 2.018500566483e-01 2.753289639950e-01 3.148768246174e-01 3.499053716660e-01
3.771765232086e-01 8.202401995659e-01 1.344870448112e+00 1.884477376938e+00 1.810462236404e+00 1.337450146675e+00 2.262256145477e+00 2.297431945801e+00 2.272696256638e+00 1.894695043564e+00 2.065337419510e+00 2.203457951546e-01 4.894318580627e-01 2.331898212433e-01 1.342719644308e-01 4.270882904530e-02 9.448037296534e-02 3.484157845378e-02 4.991328716278e-02 6.975672394037e-02 7.953724265099e-02 5.707653611898e-02 2.030727639794e-02 7.290651649237e-02 8.381034433842e-02 9.117376804352e-02 8.312316238880e-02 7.607699930668e-02 1.280902326107e-01 3.566490411758e-01 2.874296009541e-01 2.792940735817e-01 3.835079967976e-01 3.923233449459e-01 3.480560481548e-01 2.848387956619e-01 2.405564785004e-01 1.938589364290e-01 1.534483581781e-01 1.286647915840e-01 1.490266919136e-01 1.941161304712e-01 2.225706577301e-01
6.566449403763e-01 1.628957390785e+00 3.735160589218e+00 3.507746219635e+00 2.273377418518e+00 1.992116212845e+00 2.928147077560e+00 3.175642251968e+00 3.054895162582e+00 1.755282282829e+00 5.577015280724e-01 1.273058652878e-01 2.099968492985e-01 1.351809054613e-01 2.331010252237e-02 1.936509273946e-02 5.603615567088e-02 6.658290326595e-02 6.767693161964e-02 4.319708049297e-02 7.792072743177e-02 4.567453265190e-02 2.275644056499e-02 7.091072946787e-02 8.455617725849e-02 9.833943098783e-02 1.074271872640e-01 1.043749749660e-01 9.453733265400e-02 2.765916287899e-01 3.743420839310e-01 1.992883384228e-01 3.087408244610e-01 3.611117899418e-01 3.797750473022e-01 3.750604689121e-01 3.492991626263e-01 2.848899662495e-01 2.015438228846e-01 1.313678175211e-01 8.735351264477e-02 1.021072193980e-01 1.425621807575e-01
1.449270963669e+00 3.860475540161e+00 4.936974048615e+00 3.749174594879e+00 1.832540750504e+00 1.471773386002e+00 1.830527186394e+00 2.421510219574e+00 1.855971097946e+00 8.973407745361e-01 3.548376560211e-01 2.136585861444e-01 1.355102658272e-01 8.972924202681e-02 6.397396326065e-02 3.578281030059e-02 4.541161283851e-02 4.749449715018e-02 5.013803765178e-02 5.691770464182e-02 6.185324117541e-02 5.679382383823e-02 6.140071898699e-02 6.159144639969e-02 7.727121561766e-02 9.458954632282e-02 1.071999818087e-01 1.068811193109e-01 8.694317936897e-02 1.999549865723e-01 4.013911485672e-01 2.183082401752e-01 1.956281065941e-01 2.827733457088e-01 3.740630149841e-01 4.456636607647e-01 4.168513417244e-01 3.320564329624e-01 2.278503179550e-01 1.433603614569e-01 9.375812858343e-02 1.066942363977e-01 1.199288517237e-01
2.474175214767e+00 3.741215467453e+00 2.497545719147e+00 1.356390833855e+00 1.181755900383e+00 1.051749587059e+00 1.081235289574e+00 1.287530899048e+00 1.018922209740e+00 4.256613552570e-01 2.492588162422e-01 1.770725995302e-01 1.542964875698e-01 1.156223490834e-01 7.378979027271e-02 6.166595220566e-02 5.877206474543e-02 5.056633055210e-02 4.247044026852e-02 5.108545720577e-02 5.906101316214e-02 6.425438076258e-02 6.719984859228e-02 6.539735943079e-02 6.052876636386e-02 7.205659151077e-02 8.019437640905e-02 7.938105612993e-02 6.832225620747e-02 1.407662481070e-01 3.514564633369e-01 3.183694779873e-01 1.114698946476e-01 2.040407359600e-01 3.212284743786e-01 4.065335690975e-01 3.715559542179e-01 2.872874438763e-01 1.975346505642e-01 1.246000006795e-01 8.888871967793e-02 9.772488474846e-02 1.102317720652e-01
3.865445613861e+00 2.678797721863e+00 1.037500977516e+00 6.306038498878e-01 6.008599400520e-01 5.096091628075e-01 7.872534394264e-01 7.015220522881e-01 6.568964123726e-01 3.882382810116e-01 2.440358102322e-01 1.650866866112e-01 1.601038277149e-01 1.516386866570e-01 9.623131901026e-02 7.789275050163e-02 6.592414528131e-02 5.026413500309e-02 4.197842255235e-02 4.945703595877e-02 5.967164412141e-02 7.143162935972e-02 7.868872582912e-02 7.395973801613e-02 6.336234509945e-02 6.646052747965e-02 7.367639243603e-02 7.943724840879e-02 7.936447858810e-02 9.493892639875e-02 2.637369334698e-01 3.762013316154e-01 1.686165779829e-01 1.640193164349e-01 2.364684641361e-01 2.486039847136e-01 2.192376255989e-01 1.725950986147e-01 1.247311234474e-01 8.302444219589e-02 8.539000153542e-02 4.695558547974e-02 7.662611454725e-02
6.097887516022e+00 2.662952184677e+00 5.666728019714e-01 3.851524591446e-01 3.304734826088e-01 3.897230625153e-01 4.433652758598e-01 8.716328740120e-01 8.861473202705e-01 5.462530255318e-01 2.760735452175e-01 1.594648212194e-01 1.379278153181e-01 1.435917764902e-01 1.182885766029e-01 7.377640157938e-02 5.289968475699e-02 4.815636202693e-02 4.497310519218e-02 4.904102161527e-02 6.159974262118e-02 8.096791803837e-02 8.864822238684e-02 7.875493168831e-02 6.596369296312e-02 6.873186677694e-02 7.786867022514e-02 8.677772432566e-02 8.985012769699e-02 8.125053346157e-02 1.784239113331e-01 3.526011705399e-01 2.452195882797e-01 9.769090265036e-02 1.252098828554e-01 1.147133186460e-01 9.889092296362e-02 8.141790330410e-02 7.895078510046e-02 7.318317145109e-02 4.591208323836e-02 4.055289551616e-02 6.241142377257e-02
4.170214176178e+00 1.617597818375e+00 4.265339374542e-01 2.556647062302e-01 2.261948734522e-01 2.548903226852e-01 4.479904770851e-01 5.717560052872e-01 6.507877707481e-01 4.588232040405e-01 4.047988951206e-01 1.834503561258e-01 1.141960173845e-01 1.043561846018e-01 9.992947429419e-02 8.472298085690e-02 7.270220667124e-02 7.981970906258e-02 6.651142984629e-02 5.422039702535e-02 6.822254508734e-02 9.202894568443e-02 3.429893776774e-02 7.923055440187e-02 7.249989360571e-02 7.429961115122e-02 8.269720524549e-02 9.231253713369e-02 9.750583767891e-02 8.951920270920e-02 1.091847568750e-01 2.796017527580e-01 2.987998425961e-01 1.290695518255e-01 4.932557418942e-02 4.284482449293e-02 3.739794343710e-02 5.341769382358e-02 6.062014400959e-02 7.356314361095e-02 3.375734016299e-02 3.365217521787e-02 1.085928454995e-01
1.623650908470e+00 5.226973891258e-01 2.506013810635e-01 1.841331273317e-01 1.817767471075e-01 1.824925094843e-01 2.882279753685e-01 1.666615456343e-01 3.942061364651e-01 5.972635746002e-01 4.323818981647e-01 3.285712301731e-01 1.637230217457e-01 1.020224168897e-01 8.749681711197e-02 9.327974915504e-02 9.912049770355e-02 8.912978321314e-02 8.785870671272e-02 7.758206874132e-02 8.204533904791e-02 1.018324270844e-01 3.273311257362e-02 8.371800184250e-02 8.215440809727e-02 8.035468310118e-02 8.807582408190e-02 9.716875851154e-02 1.023696362972e-01 9.552122652531e-02 7.851554453373e-02 1.964378356934e-01 3.001111745834e-01 1.751895844936e-01 6.866451352835e-02 4.540308192372e-02 4.382492601871e-02 4.591533541679e-02 4.834081977606e-02 5.274242907763e-02 2.667479962111e-02 1.107555255294e-01 1.201399192214e-01
4.391577541828e-01 3.052386343479e-01 1.674454361200e-01 1.375521123409e-01 1.343413889408e-01 1.359360665083e-01 1.322746276855e-01 1.319853216410e-01 1.437074393034e-01 4.904054999352e-01 5.491440892220e-01 7.837667465210e-01 5.035769939423e-01 1.846020668745e-01 1.161803603172e-01 9.733755886555e-02 1.236315220594e-01 1.446173042059e-01 1.365464329720e-01 1.127502396703e-01 9.605216979980e-02 1.061249524355e-01 9.418677538633e-02 9.288215637207e-02 8.992893993855e-02 8.611907064915e-02 9.078475832939e-02 9.916502237320e-02 1.039414256811e-01 1.005589067936e-01 8.467127382755e-02 1.291520297527e-01 2.646687924862e-01 2.178285419941e-01 9.472731500864e-02 3.637168556452e-02 5.606136843562e-02 5.526731163263e-02 5.480829253793e-02 5.355658382177e-02 2.234260365367e-02 7.154505699873e-02 8.452317118645e-02
2.821432352066e-01 1.681523323059e-01 1.301738172770e-01 1.123619526625e-01 1.056715622544e-01 1.090593934059e-01 1.008975729346e-01 1.012488603592e-01 1.106627658010e-01 1.599265635014e-01 7.953278422356e-01 1.939185261726e+00 1.337774991989e+00 4.321957528591e-01 1.616701930761e-01 1.209530457854e-01 1.318767368793e-01 1.755605936050e-01 1.541448831558e-01 1.411821097136e-01 1.362831145525e-01 1.126057058573e-01 9.945929050446e-02 9.281949698925e-02 9.226763993502e-02 9.008676558733e-02 9.236683696508e-02 9.889055043459e-02 1.027970090508e-01 1.036853715777e-01 9.107626974583e-02 8.281563967466e-02 2.153317630291e-01 2.408351004124e-01 1.250889003277e-01 6.365001201630e-02 6.672476977110e-02 6.785158067942e-02 4.686308652163e-02 5.674936994910e-02 6.201018020511e-02 6.255782395601e-02 6.415756046772e-02
1.829537004232e-01 1.251363754272e-01 1.018647179008e-01 8.797656744719e-02 9.231508523226e-02 7.084345072508e-02 8.475622534752e-02 9.052035957575e-02 9.221802651882e-02 6.278247386217e-02 6.025893092155e-01 1.615224242210e+00 1.540028810501e+00 9.984362125397e-01 1.841180175543e-01 3.695730865002e-02 5.465070903301e-02 1.377489864826e-01 1.812757104635e-01 1.704837232828e-01 1.397407650948e-01 1.080352514982e-01 1.072045415640e-01 1.009371802211e-01 9.759531170130e-02 9.531816095114e-02 9.124689549208e-02 9.542239457369e-02 1.011428013444e-01 1.025269404054e-01 8.833473175764e-02 6.441587209702e-02 1.646231710911e-01 2.337589710951e-01 1.574240326881e-01 5.907651036978e-02 4.427202790976e-02 5.861226469278e-02 4.914610460401e-02 4.032794013619e-02 6.233179569244e-02 7.349482923746e-02 8.109598606825e-02
1.783514916897e-01 9.557330608368e-02 8.770502358675e-02 8.517198264599e-02 8.947405219078e-02 6.801073253155e-02 8.197809010744e-02 8.112420141697e-02 7.699987292290e-02 8.903001993895e-02 2.322366237640e-01 8.723322153091e-01 3.183104753494e+00 2.465539693832e+00 4.193100035191e-01 1.672386191785e-02 8.155830949545e-02 1.908503472805e-01 1.699092835188e-01 1.353300362825e-01 1.099226623774e-01 1.112419813871e-01 1.182384341955e-01 1.146115884185e-01 1.067669764161e-01 9.675274789333e-02 8.501669019461e-02 9.049708396196e-02 1.010209321976e-01 1.005474627018e-01 8.260972052813e-02 9.165809303522e-02 1.195734813809e-01 2.041709721088e-01 1.850403845310e-01 6.104499474168e-02 3.869489580393e-02 2.103745937347e-02 2.403277345002e-02 3.864234685898e-02 6.257871538401e-02 7.794032245874e-02 9.628390520811e-02
1.855037361383e-01 5.285111069679e-02 8.737836778164e-02 8.970838040113e-02 1.003675088286e-01 9.315406531096e-02 8.102631568909e-02 7.306661456823e-02 6.431194394827e-02 6.832139194012e-02 1.333420127630e-01 4.461331367493e-01 1.554845213890e+00 1.379516601562e+00 4.688295125961e-01 3.160890191793e-02 2.215598821640e-01 1.719217002392e-01 1.323295980692e-01 1.055093035102e-01 1.046146675944e-01 1.122043356299e-01 1.196608543396e-01 1.138766855001e-01 9.825387597084e-02 8.124621957541e-02 7.861772179604e-02 8.295939862728e-02 9.860128909349e-02 1.006260812283e-01 9.761135280132e-02 1.073998138309e-01 1.068497076631e-01 1.701167672873e-01 1.969318091869e-01 8.184171468019e-02 6.460945308208e-02 6.490144878626e-02 3.681294992566e-02 5.991599708796e-02 7.471678406000e-02 7.991729676723e-02 1.029231697321e-01
3.756442666054e-02 2.597631327808e-02 4.720947146416e-02 8.087976276875e-02 9.709975123405e-02 9.284262359142e-02 7.857114821672e-02 6.627939641476e-02 5.355368927121e-02 6.188420951366e-02 1.141314283013e-01 1.977463960648e-01 5.515615940094e-01 6.625024676323e-01 4.841456413269e-01 2.975028455257e-01 1.880586892366e-01 1.334372460842e-01 1.219935789704e-01 1.190654560924e-01 4.185424372554e-02 4.930834844708e-02 9.923255443573e-02 8.720661699772e-02 7.300639897585e-02 7.316169142723e-02 7.104579359293e-02 7.344150543213e-02 9.023254364729e-02 9.796659648418e-02 7.289198040962e-02 7.548230886459e-02 7.569893449545e-02 1.453355699778e-01 2.035163342953e-01 1.122289672494e-01 7.926043123007e-02 8.858738839626e-02 3.322964906693e-02 3.445058688521e-02 9.928224980831e-02 9.101318567991e-02 1.008344665170e-01
7.364603132010e-02 3.473845496774e-02 3.166700527072e-02 7.150955498219e-02 9.100275486708e-02 8.993092179298e-02 7.524221390486e-02 6.038895621896e-02 4.546645656228e-02 5.586305633187e-02 1.028705760837e-01 1.598224490881e-01 3.832458257675e-01 4.962568581104e-01 3.886660039425e-01 2.306477725506e-01 1.427197158337e-01 1.307444125414e-01 1.292154341936e-01 1.087921708822e-01 8.685405552387e-02 7.272080332041e-02 6.367887556553e-02 6.308637559414e-02 6.225942820311e-02 5.998623743653e-02 5.843997001648e-02 6.191647797823e-02 7.781511545181e-02 8.848620206118e-02 6.907994300127e-02 5.484643578529e-02 4.849464073777e-02 1.214322596788e-01 1.998367607594e-01 1.427807807922e-01 9.385580569506e-02 1.094287186861e-01 6.663694977760e-02 6.219917163253e-02 5.795080959797e-02 1.068380028009e-01 9.925229847431e-02
