VariationalSeries/SI/f95_max.grd
DSAA
101	101
32.816463539100	34.260883539100
35.556306596100	36.727886596100
3.723484231159e-03	1.327931060791e+02
[rows 57 to 75 of 101, columns 0 to 42 of 101]
6.234739720821e-02 1.096829622984e-01 1.455287337303e-01 1.613196730614e-01 1.362499147654e-01 1.854123622179e-01 2.094535380602e-01 2.321005314589e-01 2.556506693363e-01 2.743421792984e-01 2.789229750633e-01 2.728179693222e-01 2.782038450241e-01 2.785449624062e-01 3.328182697296e-01 4.935815334320e-01 2.915913164616e-01 2.417974025011e-01 2.566808164120e-01 4.249506294727e-01 5.338119864464e-01 9.048478603363e-01 6.635748744011e-01 4.327065348625e-01 3.703745305538e-01 3.425520062447e-01 5.305247902870e-01 1.014380693436e+00 1.051268219948e+00 6.117510199547e-01 4.921820461750e-01 3.067894577980e-01 2.470097243786e-01 2.867439091206e-01 3.403891026974e-01 4.387707710266e-01 5.078254342079e-01 5.384286046028e-01 6.552729010582e-01 9.711421728134e-01 1.305181145668e+00 1.571379423141e+00 1.735836744308e+00
7.961127161980e-02 1.771252155304e-01 2.323889881372e-01 1.426772624254e-01 1.310082972050e-01 1.172454059124e-01 1.250098049641e-01 1.471511870623e-01 1.638935506344e-01 1.723686754704e-01 4.280870556831e-01 5.082234740257e-01 1.925662755966e-01 1.147297024727e-01 1.633133888245e-01 3.206233382225e-01 2.039027214050e-01 1.751134544611e-01 2.047697603703e-01 3.822535574436e-01 5.887590646744e-01 7.356581687927e-01 5.294451713562e-01 3.077905774117e-01 2.312417328358e-01 3.102184534073e-01 4.993248581886e-01 1.286296010017e+00 1.081454873085e+00 6.720082163811e-01 4.956877231598e-01 4.277583360672e-01 2.561680376530e-01 2.858775854111e-01 3.094909191132e-01 3.434822857380e-01 3.751284182072e-01 3.992796540260e-01 5.599529147148e-01 1.303297519684e+00 1.766415119171e+00 2.027708530426e+00 2.226935386658e+00
5.799201503396e-02 1.627010554075e-01 2.148889005184e-01 1.419106423855e-01 1.742728948593e-01 2.247445732355e-01 2.990555465221e-01 4.409996271133e-01 8.222714066505e-01 1.187958478928e+00 3.349290490150e-01 2.133544832468e-01 1.145160868764e-01 1.149153336883e-01 1.453327089548e-01 1.529407352209e-01 1.757963597775e-01 1.705792397261e-01 2.215554863214e-01 3.423397243023e-01 5.637130737305e-01 6.357633471489e-01 4.556568264961e-01 2.697650194168e-01 3.791865333915e-02 2.171202301979e-01 3.835438787937e-01 1.008822798729e+00 8.971126675606e-01 5.549791455269e-01 4.287596344948e-01 2.329729646444e-01 2.434641569853e-01 2.574248313904e-01 3.025966584682e-01 3.191275894642e-01 3.215725123882e-01 3.221067190170e-01 5.785360336304e-01 1.443218350410e+00 1.866181969643e+00 1.898209929466e+00 2.074548244476e+00
6.399497389793e-02 1.152184605598e-01 2.902806103230e-01 2.403996735811e-01 2.767894566059e-01 3.716179132462e-01 5.479016304016e-01 8.320727348328e-01 8.548557162285e-01 4.035403728485e-01 1.263749599457e-01 9.863480180502e-02 1.233593672514e-01 1.588270366192e-01 1.810887455940e-01 1.568616032600e-01 1.869248151779e-01 1.773832440376e-01 3.291329443455e-01 4.374354779720e-01 4.079799652100e-01 4.521391093731e-01 3.391768336296e-01 9.754425287247e-02 3.083945810795e-02 1.900188624859e-01 2.556565105915e-01 4.419657588005e-01 4.167896807194e-01 2.411038577557e-01 2.237033247948e-01 2.154240906239e-01 2.356299757957e-01 2.414110749960e-01 2.905036211014e-01 3.033378422260e-01 2.852162718773e-01 2.797095179558e-01 5.670460462570e-01 1.424684405327e+00 1.720399618149e+00 1.516167998314e+00 1.641492486000e+00
3.001382574439e-02 5.104102194309e-02 1.363371908665e-01 1.683988124132e-01 1.830484420061e-01 9.373699873686e-02 9.064973145723e-02 8.892982453108e-02 8.705866336823e-02 8.443438261747e-02 8.068728446960e-02 1.005117967725e-01 1.328969597816e-01 1.700738966465e-01 1.902918815613e-01 1.972535699606e-01 1.881216317415e-01 1.659101545811e-01 2.682076692581e-01 3.710695505142e-01 4.260792732239e-01 5.206285789609e-02 2.120715193450e-02 1.446299105883e-01 1.301255077124e-01 1.405470371246e-01 1.652898043394e-01 1.923439502716e-01 2.116396129131e-01 2.138341069221e-01 2.070873975754e-01 1.995725035667e-01 2.077563107014e-01 2.519828379154e-01 3.019454777241e-01 2.982479035854e-01 2.604074180126e-01 2.546989023685e-01 5.435477495193e-01 1.256716251373e+00 1.437361598015e+00 1.150637984276e+00 1.281106472015e+00
2.704671770334e-02 4.576840251684e-02 6.279898434877e-02 8.890791982412e-02 1.296669542789e-01 1.568674445152e-01 8.548048883677e-02 8.480506390333e-02 8.331367373466e-02 8.097425103188e-02 5.306798592210e-02 7.413629442453e-02 8.319512754679e-02 1.101280227304e-01 1.287848204374e-01 1.346174776554e-01 1.215642541647e-01 1.077261716127e-01 1.586468815804e-01 1.923239082098e-01 1.285882443190e-01 1.179674789310e-01 7.893260568380e-02 9.798135608435e-02 1.151619255543e-01 1.217472553253e-01 1.307616382837e-01 1.583965867758e-01 1.789362877607e-01 1.878425180912e-01 1.886393427849e-01 1.879520118237e-01 2.065271735191e-01 2.774336040020e-01 3.241863846779e-01 2.985324263573e-01 2.527354955673e-01 2.625773549080e-01 4.653219580650e-01 9.379256963730e-01 1.062810182571e+00 8.956586718559e-01 1.093461394310e+00
2.736484073102e-02 4.565359652042e-02 6.110890954733e-02 7.116980850697e-02 7.672554254532e-02 9.129805117846e-02 8.150691539049e-02 8.106475323439e-02 7.918163388968e-02 1.918727532029e-02 1.949599571526e-02 4.048079252243e-02 2.612162195146e-02 6.608413904905e-02 6.515244394541e-02 6.455402821302e-02 6.819120794535e-02 7.752631604671e-02 8.471973985434e-02 9.886844456196e-02 1.039242595434e-01 9.699796885252e-02 4.561124369502e-02 2.491281740367e-02 2.140098363161e-01 1.336666494608e-01 1.343292146921e-01 1.319343149662e-01 1.435798108578e-01 1.580793857574e-01 1.677137166262e-01 1.752661615610e-01 2.091788500547e-01 2.924909293652e-01 3.248888850212e-01 2.764544188976e-01 2.547878324986e-01 2.625143229961e-01 3.851556181908e-01 6.300943493843e-01 7.247124314308e-01 6.977474689484e-01 9.537606835365e-01
2.829321101308e-02 4.620254412293e-02 6.010608375072e-02 6.773427873850e-02 5.622246861458e-02 1.531623769552e-02 7.421149313450e-02 7.539346814156e-02 6.772775948048e-02 1.854762434959e-02 3.141940012574e-02 3.513250499964e-02 2.812324464321e-02 3.042372874916e-02 5.980300158262e-02 6.195251643658e-02 6.743378192186e-02 7.392859458923e-02 7.833571732044e-02 8.177889883518e-02 1.001116409898e-01 9.649934619665e-02 3.663371875882e-02 2.585146948695e-02 1.836295872927e-01 1.099173426628e-01 1.430339515209e-01 1.403193026781e-01 1.397558003664e-01 1.443581283092e-01 1.039277836680e-01 1.763464510441e-01 2.076956480742e-01 2.855709195137e-01 2.963263988495e-01 2.368665337563e-01 2.453358918428e-01 2.641635537148e-01 4.028146862984e-01 4.432056248188e-01 4.705519676208e-01 5.014390945435e-01 8.041764497757e-01
2.784481272101e-02 4.461056366563e-02 5.674310401082e-02 6.255367398262e-02 2.839975990355e-02 8.902173489332e-03 2.637439593673e-02 6.775351613760e-02 7.355568557978e-02 1.949642412364e-02 1.144132539630e-01 1.174056529999e-01 5.656715855002e-02 4.110924527049e-02 6.199397891760e-02 6.492443382740e-02 6.846369057894e-02 7.163940370083e-02 7.394478470087e-02 6.778778880835e-02 9.164541959763e-02 9.480620175600e-02 4.366356506944e-02 3.054041415453e-02 7.396439462900e-02 2.047270350158e-02 1.376508325338e-01 1.341853588820e-01 1.310025602579e-01 1.324897855520e-01 1.422896534204e-01 1.635267138481e-01 1.946018636227e-01 2.559036016464e-01 2.500958442688e-01 2.021864801645e-01 2.245380431414e-01 2.622279226780e-01 3.578717708588e-01 3.822976946831e-01 3.849126100540e-01 2.549234926701e-01 5.423356890678e-01
2.600638568401e-02 4.127479717135e-02 5.190985649824e-02 5.677570030093e-02 5.895515531301e-02 6.065516546369e-02 6.119710952044e-02 6.227724626660e-02 8.229230344296e-02 1.159088909626e-01 1.103204563260e-01 1.103658005595e-01 1.186988353729e-01 6.178509443998e-02 6.411262601614e-02 6.644944101572e-02 6.830891966820e-02 6.896607577801e-02 6.987890601158e-02 7.425756752491e-02 8.023767173290e-02 9.117378294468e-02 8.614275604486e-02 6.009514257312e-02 9.770671278238e-02 1.010966226459e-01 1.230175271630e-01 1.189231276512e-01 1.128763332963e-01 1.123094260693e-01 1.295981109142e-01 1.460867822170e-01 4.429732635617e-02 1.525070369244e-01 2.035882622004e-01 1.859848946333e-01 2.286609262228e-01 2.598165273666e-01 3.241708278656e-01 3.354498744011e-01 1.728447675705e-01 1.157275959849e-01 2.962799370289e-01
2.389567159116e-02 3.784452751279e-02 4.750252515078e-02 5.209623277187e-02 5.414237082005e-02 5.521303415298e-02 5.522317066789e-02 9.796751290560e-02 1.085348278284e-01 1.033926829696e-01 5.376780033112e-02 5.471127480268e-02 8.950290828943e-02 6.078149378300e-02 6.312464922667e-02 5.239574238658e-02 6.541268527508e-02 6.689877808094e-02 6.818022578955e-02 6.835270673037e-02 6.943464279175e-02 8.364585787058e-02 8.515439927578e-02 7.801463454962e-02 9.336779266596e-02 1.044789627194e-01 1.075682193041e-01 1.033543422818e-01 9.549901634455e-02 1.118432581425e-01 1.282949894667e-01 1.383970528841e-01 5.176498740911e-02 1.391490697861e-01 1.609254628420e-01 1.681233942509e-01 1.978503763676e-01 2.203627079725e-01 2.316103875637e-01 2.389380931854e-01 9.117843210697e-02 1.883830726147e-01 2.265606373549e-01
2.211241796613e-02 3.506412357092e-02 4.417650774121e-02 4.872629418969e-02 5.055642873049e-02 5.097944661975e-02 8.928479999304e-02 1.005336567760e-01 1.010903865099e-01 5.763322114944e-02 5.168714001775e-02 5.177499353886e-02 5.351836606860e-02 5.643925815821e-02 6.053546071053e-02 4.215205460787e-02 4.782531037927e-02 6.925385445356e-02 7.523895055056e-02 7.300626486540e-02 6.738172471523e-02 7.200099527836e-02 7.735187560320e-02 7.385019958019e-02 8.339451253414e-02 9.204509854317e-02 9.445770829916e-02 9.041330963373e-02 9.520547837019e-02 1.129898577929e-01 1.248200759292e-01 1.326957046986e-01 1.198355853558e-01 1.322820931673e-01 1.275085061789e-01 1.453134119511e-01 1.577903479338e-01 1.592989712954e-01 1.555984467268e-01 1.551335453987e-01 1.396771371365e-01 1.598783880472e-01 1.936966031790e-01
2.081580460072e-02 3.308527916670e-02 4.182733222842e-02 4.613735154271e-02 2.770929411054e-02 4.749827086926e-02 4.709380865097e-02 8.955088257790e-02 5.951859056950e-02 4.901130124927e-02 4.955160990357e-02 4.932789504528e-02 4.824324324727e-02 3.898729756474e-02 5.590900778770e-02 4.475230351090e-02 4.958986118436e-02 5.581755936146e-02 7.945026457310e-02 8.103096485138e-02 7.840240746737e-02 7.323815673590e-02 4.394414648414e-02 7.249230891466e-02 7.532287389040e-02 8.176109194756e-02 8.334543555975e-02 7.958233356476e-02 9.626337885857e-02 1.102662160993e-01 1.197293251753e-01 1.268484890461e-01 1.007979810238e-01 9.836214780807e-02 7.245483994484e-02 4.335212334991e-02 1.506974697113e-01 1.547207236290e-01 1.493625193834e-01 1.349895447493e-01 1.146553829312e-01 9.915263205767e-02 8.603830635548e-02
2.027423679829e-02 3.215656057000e-02 4.049635678530e-02 4.431788995862e-02 3.750197216868e-02 4.493430629373e-02 4.462580010295e-02 7.298711687326e-02 6.625729054213e-02 4.706613719463e-02 4.745214805007e-02 4.929843917489e-02 5.073340609670e-02 3.642330691218e-02 4.177825897932e-02 4.553634300828e-02 5.021207407117e-02 7.397272437811e-02 8.205068856478e-02 8.683036267757e-02 8.721648156643e-02 3.908143937588e-02 4.713414981961e-02 7.596296817064e-02 7.349509745836e-02 7.260425388813e-02 7.329571247101e-02 8.062329888344e-02 9.481322020292e-02 1.062036752701e-01 1.149807497859e-01 1.229514926672e-01 5.185462161899e-02 9.360713511705e-02 7.014388591051e-02 1.029694005847e-01 1.514968276024e-01 1.586308181286e-01 1.520996391773e-01 1.333754509687e-01 1.235053762794e-01 5.638603121042e-02 3.200539946556e-02
5.777785554528e-03 3.051645867527e-02 4.033295810223e-02 4.370015114546e-02 4.421138390899e-02 4.370668157935e-02 4.686059057713e-02 5.509396269917e-02 4.864867404103e-02 5.923888459802e-02 6.171976402402e-02 6.384512782097e-02 6.099236011505e-02 5.017893016338e-02 6.061032414436e-02 6.241079419851e-02 6.677898019552e-02 7.622994482517e-02 8.531181514263e-02 9.175164252520e-02 9.353134781122e-02 8.589401096106e-02 8.779415488243e-02 8.310677111149e-02 7.935587316751e-02 7.585731148720e-02 7.037261873484e-02 8.081684261560e-02 9.250763058662e-02 1.025068387389e-01 1.074844896793e-01 2.786510065198e-02 4.680993407965e-02 8.808647096157e-02 1.208454146981e-01 1.361053436995e-01 1.538851708174e-01 1.647761315107e-01 1.574077010155e-01 1.357174962759e-01 1.257685571909e-01 1.075104624033e-01 1.171538457274e-01
1.173366419971e-02 1.133689936250e-02 4.074594005942e-02 4.383786767721e-02 4.412725940347e-02 3.770329430699e-02 4.798782244325e-02 5.044371262193e-02 5.661799013615e-02 5.927209928632e-02 6.129582971334e-02 6.303592771292e-02 5.959057807922e-02 4.785841330886e-02 5.300236120820e-02 5.637569725513e-02 6.738733500242e-02 7.805778831244e-02 8.655264228582e-02 9.194053709507e-02 9.299710392952e-02 6.535433977842e-02 8.528592437506e-02 7.949882745743e-02 7.409230619669e-02 6.882675737143e-02 6.978555768728e-02 8.042423427105e-02 9.049793332815e-02 9.961088001728e-02 6.073129177094e-02 2.599526010454e-02 1.098932400346e-01 1.062243431807e-01 6.730731576681e-02 1.337326020002e-01 1.543229520321e-01 1.406006664038e-01 1.605511903763e-01 1.327851265669e-01 1.133692115545e-01 9.813220798969e-02 1.057926714420e-01
1.966029964387e-02 2.988009713590e-02 3.986392170191e-02 4.272363334894e-02 4.296968132257e-02 2.753165178001e-02 4.203611612320e-02 4.603164643049e-02 4.896173253655e-02 5.096674710512e-02 5.238731577992e-02 5.354807525873e-02 5.384624376893e-02 5.246630311012e-02 5.255743861198e-02 3.491289168596e-02 6.371954083443e-02 7.450447231531e-02 8.062850683928e-02 8.297052979469e-02 9.332948923111e-02 1.056847497821e-01 9.873372316360e-02 7.296431064606e-02 6.160368770361e-02 6.085475906730e-02 7.033932209015e-02 7.956471294165e-02 8.847893774509e-02 9.667523950338e-02 9.892446547747e-02 9.722191840410e-02 1.041993573308e-01 1.015327647328e-01 1.034274622798e-01 1.281598955393e-01 1.509792357683e-01 1.618435382843e-01 1.618478745222e-01 1.325906813145e-01 1.054765358567e-01 9.674573689699e-02 1.090438365936e-01
1.912257447839e-02 2.976062148809e-02 3.645468130708e-02 3.896690532565e-02 4.051596298814e-02 2.688133716583e-02 3.555788844824e-02 4.456574842334e-02 4.725351929665e-02 4.899343848228e-02 4.563289880753e-02 4.520270228386e-02 3.211159259081e-02 5.070181190968e-02 4.474733024836e-02 3.069970197976e-02 5.795166268945e-02 6.718949973583e-02 7.067383825779e-02 7.917623221874e-02 9.570197761059e-02 1.057336553931e-01 9.952801465988e-02 7.634026557207e-02 5.772460997105e-02 6.166508793831e-02 6.962366402149e-02 7.784490287304e-02 8.580625057220e-02 9.284371882677e-02 9.782404452562e-02 9.807108342648e-02 9.214866906404e-02 9.745359420776e-02 1.059950292110e-01 1.170184239745e-01 1.422076821327e-01 1.636434197426e-01 1.628152281046e-01 1.497322320938e-01 7.516536861658e-02 1.246997863054e-01 1.416368782520e-01
1.681751757860e-02 2.603241987526e-02 3.343198075891e-02 4.068201407790e-02 2.981436997652e-02 3.946961835027e-02 3.938928246498e-02 4.925061389804e-02 5.216785520315e-02 5.393721535802e-02 4.997558519244e-02 4.131761565804e-02 3.484904021025e-02 5.359305068851e-02 3.394210338593e-02 4.467722401023e-02 5.311311408877e-02 6.130438670516e-02 6.378551572561e-02 5.755530297756e-02 6.032386794686e-02 6.329720467329e-02 6.751783937216e-02 5.905785411596e-02 6.068517640233e-02 6.271024048328e-02 6.804916262627e-02 7.562598586082e-02 8.262904733419e-02 8.798335492611e-02 8.997089415789e-02 8.666470646858e-02 8.209818601608e-02 9.207651019096e-02 9.645443409681e-02 1.033686771989e-01 1.300614774227e-01 1.577885448933e-01 1.897008568048e-01 1.769962906837e-01 1.595880389214e-01 1.603237241507e-01 2.486866414547e-01
