VariationalSeries/SI/f97_max.grd
DSAA
101	101
32.816463539100	34.260883539100
35.556306596100	36.727886596100
6.365542049025e-06	1.064027786255e+00
[rows 57 to 75 of 101, columns 43 to 85 of 101]
4.438694100827e-03 5.273507442325e-03 2.699905773625e-03 2.992908935994e-03 2.960671205074e-03 4.747701343149e-03 5.328946746886e-03 7.171612698585e-03 6.265232805163e-03 3.416572464630e-03 2.386752981693e-03 2.003085566685e-03 1.468951348215e-03 2.608751645312e-03 1.100828591734e-02 3.692792728543e-02 8.096835017204e-02 7.680945843458e-02 1.128378063440e-01 3.740746527910e-02 1.079446170479e-02 8.271281607449e-03 1.491209957749e-02 2.746379747987e-02 4.698738455772e-02 4.261869937181e-02 4.638092219830e-02 3.753861784935e-02 4.870226234198e-02 4.511229693890e-02 4.761460795999e-02 3.549094125628e-02 3.673817589879e-02 5.162960290909e-02 3.207222744823e-02 2.016064524651e-02 2.351552806795e-02 3.290898352861e-02 4.125951230526e-02 2.985494770110e-02 1.244973670691e-02 1.099257171154e-02 1.062425132841e-02
3.542381804436e-03 6.131178233773e-03 2.181116957217e-03 2.318374346942e-03 2.295942744240e-03 3.448399249464e-03 6.678354460746e-03 2.144812420011e-02 1.705139130354e-02 3.682943992317e-03 2.201060764492e-03 1.514238305390e-03 1.165697816759e-03 1.152639626525e-03 2.293845871463e-03 2.204134315252e-02 2.577974647284e-02 2.661233581603e-02 2.166588976979e-02 2.190697565675e-02 1.597061194479e-02 1.213003508747e-02 9.359186515212e-03 5.682388320565e-03 1.468190923333e-02 2.915786765516e-02 5.097267031670e-02 5.199568346143e-02 5.674942582846e-02 3.108566254377e-02 4.103184118867e-02 3.739976882935e-02 3.206242993474e-02 2.822317928076e-02 2.868591807783e-02 2.149154432118e-02 2.112372033298e-02 2.541234530509e-02 2.495548129082e-02 2.284377440810e-02 2.369572035968e-02 2.483661845326e-02 2.323761023581e-02
2.963286591694e-03 2.857021754608e-03 1.983731985092e-03 2.108094049618e-03 2.142680808902e-03 3.136777784675e-03 9.491628967226e-03 2.656292356551e-02 2.485620416701e-02 5.537510849535e-03 2.286577830091e-03 1.296150730923e-03 9.185353992507e-04 8.350698626600e-04 8.567369077355e-04 1.070054480806e-03 1.465114415623e-03 1.995283178985e-03 2.580711385235e-03 3.202775260434e-03 3.771267132834e-03 4.421879071742e-03 2.977862022817e-03 2.993462141603e-03 7.182833738625e-03 3.339111059904e-02 5.750299617648e-02 6.539668142796e-02 6.284152716398e-02 6.337123364210e-02 4.163240268826e-02 3.609490394592e-02 3.060461580753e-02 2.792543917894e-02 3.919528424740e-02 3.379664197564e-02 2.804681472480e-02 1.756512932479e-02 1.882146112621e-02 1.580154336989e-02 1.394971180707e-02 1.312227081507e-02 1.145862694830e-02
2.732395427302e-03 2.458781469613e-03 1.918689697050e-03 2.135766204447e-03 2.423927420750e-03 3.182995133102e-03 2.583988755941e-02 2.503464184701e-02 3.033062256873e-02 4.256213549525e-03 2.004821551964e-03 1.248878426850e-03 8.323365473188e-04 6.759097450413e-04 6.452771485783e-04 6.798980757594e-04 8.310758857988e-04 1.094992388971e-03 1.565034734085e-03 1.836391631514e-03 2.098550554365e-03 4.207652527839e-03 2.164681442082e-03 1.994773047045e-03 6.110775284469e-03 1.358392369002e-02 4.857107251883e-02 5.421514809132e-02 5.740984529257e-02 6.135981157422e-02 5.125101655722e-02 3.957921639085e-02 2.754350937903e-02 3.526709228754e-02 2.451203577220e-02 2.156721986830e-02 1.788056083024e-02 1.477772276849e-02 1.388849504292e-02 1.369136199355e-02 1.446125190705e-02 2.058104425669e-02 2.859957143664e-02
2.313908655196e-03 1.801574486308e-03 1.884099794552e-03 2.264765789732e-03 3.531305119395e-03 5.759528372437e-03 1.742900721729e-02 3.895419090986e-02 1.493170484900e-02 2.367967972532e-03 1.457777922042e-03 1.063692732714e-03 7.593398913741e-04 5.697575397789e-04 5.215681158006e-04 5.219505983405e-04 5.678083980456e-04 7.608268642798e-04 1.047866884619e-03 1.198509591632e-03 1.241544028744e-03 2.574297366664e-03 1.540726050735e-03 1.684194896370e-03 3.746574977413e-03 1.275793369859e-02 3.452237695456e-02 4.680029675364e-02 4.876088351011e-02 3.724217787385e-02 2.860154211521e-02 4.095552489161e-02 2.801161073148e-02 1.971631124616e-02 2.190761454403e-02 2.781148813665e-02 2.517009526491e-02 1.772471703589e-02 1.654053665698e-02 1.611199416220e-02 1.561392564327e-02 1.742777973413e-02 2.153021283448e-02
1.677909051068e-03 1.383634982631e-03 1.730124116875e-03 4.038597457111e-03 9.451179765165e-03 2.170746587217e-02 3.139630705118e-02 1.972613669932e-02 2.101133111864e-03 1.434863777831e-03 1.032573869452e-03 8.516639354639e-04 6.646973197348e-04 5.426898715086e-04 4.778160946444e-04 4.974984913133e-04 5.201284657232e-04 6.289555458352e-04 9.079168667085e-04 1.117119798437e-03 1.186648616567e-03 1.253520371392e-03 1.259359065443e-03 1.876624883153e-03 4.551980644464e-03 1.190237980336e-02 1.460232026875e-02 1.458939723670e-02 2.826426923275e-02 3.271752968431e-02 3.840035200119e-02 2.445577085018e-02 3.160962834954e-02 2.324029803276e-02 2.610171027482e-02 3.073693439364e-02 6.140914186835e-02 3.874138370156e-02 2.279926463962e-02 1.860233396292e-02 1.913065277040e-02 1.879333704710e-02 1.814771071076e-02
1.082364819013e-03 1.132422476076e-03 1.431966433302e-03 1.809157896787e-03 4.021951928735e-03 2.472768351436e-02 1.598377525806e-02 2.137693110853e-03 1.248468994163e-03 1.102206413634e-03 9.246820118278e-04 7.810759707354e-04 6.125667714514e-04 5.219971062616e-04 4.650676564779e-04 5.126011092216e-04 5.303937941790e-04 5.170660442673e-04 7.463400834240e-04 9.525170898996e-04 1.076305517927e-03 1.070427941158e-03 1.337783294730e-03 2.168986713514e-03 6.757835857570e-03 1.340667344630e-02 7.950610481203e-03 1.044478733093e-02 9.741625748575e-03 5.013640969992e-02 7.289331406355e-02 3.953201696277e-02 2.168196067214e-02 2.967195957899e-02 1.174841914326e-02 1.235936582088e-02 4.573523625731e-02 2.199941687286e-02 1.790644228458e-02 1.370931789279e-02 1.408387906849e-02 1.570159941912e-02 1.691657491028e-02
9.079891024157e-04 9.882939048111e-04 1.158992061391e-03 1.466022222303e-03 1.653287443332e-03 2.304065274075e-03 2.547284355387e-03 1.737372600473e-03 9.061394375749e-04 9.350863401778e-04 8.193025132641e-04 7.502485532314e-04 6.138183525763e-04 4.969474393874e-04 5.078023532405e-04 5.175098776817e-04 5.529543268494e-04 5.476890946738e-04 6.283559487201e-04 8.069385075942e-04 9.591671987437e-04 1.019009272568e-03 1.070991856977e-03 1.781169790775e-03 4.995704628527e-03 3.087519435212e-03 2.992725465447e-03 4.881514236331e-03 1.108749955893e-02 2.193770743906e-02 2.299757674336e-02 2.904167771339e-02 4.617551714182e-02 2.482399530709e-02 2.365890704095e-02 1.838131062686e-02 1.879009231925e-02 1.591960340738e-02 8.479855954647e-03 1.058495882899e-02 1.033670920879e-02 1.112764514983e-02 1.400224957615e-02
7.143721450120e-04 8.046725415625e-04 9.592850110494e-04 1.176553545520e-03 1.264538499527e-03 1.405996619724e-03 1.486994209699e-03 9.314655326307e-04 7.936771726236e-04 8.266480290331e-04 7.703857263550e-04 6.677537458017e-04 5.582377780229e-04 5.010308232158e-04 4.955992917530e-04 5.675767897628e-04 5.566746112891e-04 4.784852499142e-04 5.551280919462e-04 7.046631653793e-04 8.340717176907e-04 9.752336773090e-04 1.377947046421e-03 1.444688648917e-03 1.467217924073e-03 2.047108719125e-03 1.989255892113e-03 4.881701897830e-03 6.838839035481e-03 9.189098142087e-03 1.909179799259e-02 3.335167095065e-02 2.483534440398e-02 4.524523392320e-02 2.897729910910e-02 1.629497855902e-02 1.355881150812e-02 1.230614352971e-02 1.477158069611e-02 1.390818972141e-02 1.733591593802e-02 1.702791638672e-02 1.981707289815e-02
6.592357531190e-04 6.520871538669e-04 7.338697905652e-04 8.325939415954e-04 8.973142830655e-04 8.827677811496e-04 8.434538613074e-04 8.146852487698e-04 8.812608430162e-04 8.707600063644e-04 8.108607144095e-04 7.064074161462e-04 5.778930499218e-04 5.134269013070e-04 4.638623213395e-04 4.537392524071e-04 5.114931263961e-04 5.185013869777e-04 5.256602307782e-04 6.344082066789e-04 7.346734637395e-04 8.633393445052e-04 1.323224976659e-03 1.490783877671e-03 1.606871257536e-03 3.333232132718e-03 4.581099376082e-03 5.883886944503e-03 8.251162245870e-03 8.929919451475e-03 1.949415169656e-02 3.695292770863e-02 1.749234087765e-02 1.866890490055e-02 3.300680220127e-02 2.795746549964e-02 1.942244917154e-02 1.652388274670e-02 2.059325389564e-02 1.061167195439e-02 1.409007515758e-02 1.701755262911e-02 2.031314186752e-02
5.417190841399e-04 6.134963477962e-04 6.441974546760e-04 6.501119351014e-04 7.280947174877e-04 7.869938854128e-04 8.477224037051e-04 7.523992098868e-04 7.232971256599e-04 7.459670305252e-04 8.009354933165e-04 7.969373255037e-04 6.860202411190e-04 5.834620678797e-04 5.529962945729e-04 5.008775624447e-04 4.314621619415e-04 4.775676643476e-04 5.407910211943e-04 5.978173576295e-04 6.563740316778e-04 7.555049960501e-04 1.125904615037e-03 1.099033630453e-03 1.225201645866e-03 3.012950066477e-03 6.437443662435e-03 8.687241002917e-03 1.221330650151e-02 6.416478659958e-03 1.893447898328e-02 9.476910345256e-03 1.016175746918e-02 1.176920346916e-02 1.883090659976e-02 2.061444520950e-02 2.660500817001e-02 2.426015213132e-02 1.802053302526e-02 1.539464853704e-02 1.181913726032e-02 1.271811593324e-02 1.019874867052e-02
5.298236501403e-04 5.858133663423e-04 5.828831344843e-04 5.923728458583e-04 6.330320611596e-04 7.069162093103e-04 7.650967454538e-04 6.834567757323e-04 5.368543206714e-04 5.733777652495e-04 6.223830278032e-04 7.275425014086e-04 7.554014446214e-04 6.279832450673e-04 5.938128451817e-04 7.205156143755e-04 6.388327456079e-04 5.179872387089e-04 5.640091840178e-04 5.872358451597e-04 7.165037677623e-04 7.951969164424e-04 8.833876345307e-04 1.093006692827e-03 1.268895342946e-03 2.199124777690e-03 4.627231042832e-03 5.519782193005e-03 7.576711941510e-03 4.292429890484e-03 9.137975051999e-03 7.037431467324e-03 1.166975777596e-02 7.121780887246e-03 1.407802570611e-02 1.048349495977e-02 1.659899391234e-02 2.038970217109e-02 1.816573552787e-02 2.452440559864e-02 2.232534624636e-02 1.786421984434e-02 1.572172902524e-02
5.100249545649e-04 5.513508222066e-04 5.301950732246e-04 5.390604492277e-04 5.414515617304e-04 5.295996670611e-04 5.866200081073e-04 5.546391475946e-04 6.632225122303e-04 7.180793909356e-04 6.519644521177e-04 6.559097091667e-04 7.215079967864e-04 7.512195152231e-04 6.914192927070e-04 8.928133756854e-04 7.949343998916e-04 6.064497283660e-04 6.095977732912e-04 6.058696890250e-04 6.960976170376e-04 7.548712892458e-04 8.476544753648e-04 1.127251423895e-03 1.325336983427e-03 1.969266450033e-03 2.958469558507e-03 3.419335931540e-03 3.667153418064e-03 4.636048339307e-03 7.817861624062e-03 1.195703446865e-02 8.031032048166e-03 1.905968599021e-02 6.699893623590e-03 8.747746236622e-03 1.776234991848e-02 2.488434687257e-02 1.219405699521e-02 1.378115359694e-02 8.826890960336e-03 1.655231975019e-02 1.461559161544e-02
4.547759890556e-04 4.913804586977e-04 4.724444297608e-04 4.638094687834e-04 4.305658221710e-04 4.359584127087e-04 4.600093816407e-04 6.096255383454e-04 7.575837662444e-04 7.785860216245e-04 6.808450561948e-04 7.483848603442e-04 8.324906229973e-04 8.097257232293e-04 8.039014064707e-04 8.346331305802e-04 8.983790758066e-04 1.050590653904e-03 9.411848150194e-04 8.453149348497e-04 8.669187081978e-04 9.343226556666e-04 1.116055645980e-03 1.145698945038e-03 1.381843700074e-03 1.698742737062e-03 2.779381116852e-03 2.785666147247e-03 5.062669515610e-03 1.021641772240e-02 1.266556326300e-02 6.417312659323e-03 6.443283054978e-03 1.935631968081e-02 1.027094852179e-02 1.264739595354e-02 1.122762449086e-02 1.453057024628e-02 1.060959789902e-02 4.073175601661e-03 3.879166441038e-03 5.236322991550e-03 1.034042611718e-02
4.189350293018e-04 4.194212378934e-04 4.159849777352e-04 4.102341481484e-04 4.213773936499e-04 4.459638730623e-04 4.737659764942e-04 5.684681818821e-04 6.375409429893e-04 6.055856356397e-04 7.146577117965e-04 7.688936311752e-04 7.462412468158e-04 7.841563783586e-04 1.070428173989e-03 1.489822636358e-03 1.689969329163e-03 2.140712691471e-03 2.135319169611e-03 2.301621017978e-03 1.641178620048e-03 1.564364298247e-03 1.813520677388e-03 1.518776407465e-03 1.732584671117e-03 2.394553041086e-03 7.171903736889e-03 6.692992057651e-03 6.558665074408e-03 8.826901204884e-03 4.903011489660e-03 5.166905932128e-03 6.917277351022e-03 3.984291572124e-03 2.147563546896e-02 2.985591441393e-02 2.664634212852e-02 6.192972883582e-03 2.933590905741e-03 2.427899278700e-03 2.372843679041e-03 2.804256975651e-03 2.956495853141e-03
3.892841050401e-04 4.038295592181e-04 3.880807780661e-04 4.177404334769e-04 4.488172126003e-04 5.135729443282e-04 5.137599655427e-04 5.943009164184e-04 6.511491956189e-04 7.580218953080e-04 7.868375396356e-04 9.339087409899e-04 9.783733403310e-04 9.042413439602e-04 2.208444057032e-03 7.925766520202e-03 6.264499388635e-03 3.686748677865e-03 4.142545163631e-03 5.162918008864e-03 3.817127319053e-03 2.007219707593e-03 2.335157012567e-03 2.924948465079e-03 2.840388566256e-03 5.301518365741e-03 7.453726138920e-03 6.591034587473e-03 5.384604912251e-03 4.854217171669e-03 5.510353948921e-03 5.137183237821e-03 3.891344182193e-03 3.250683657825e-03 5.507101304829e-03 2.525602467358e-02 2.630260586739e-02 5.426394287497e-03 1.937672728673e-03 1.974261133000e-03 1.781693776138e-03 1.712110242806e-03 2.810092177242e-03
3.902551543433e-04 4.204477299936e-04 5.311130662449e-04 5.935704684816e-04 5.447017611004e-04 9.026952320710e-04 1.061169081368e-03 1.080140355043e-03 9.157160529867e-04 8.967990870588e-04 9.854907402769e-04 1.238209661096e-03 1.233637798578e-03 4.560038913041e-03 3.227279707789e-02 4.068719595671e-02 1.900587417185e-02 1.071571744978e-02 8.573562838137e-03 6.707438267767e-03 3.210779046640e-03 3.186912275851e-03 6.945849861950e-03 1.481551583856e-02 1.215097773820e-02 6.478924769908e-03 7.572468835860e-03 6.158504635096e-03 6.528146564960e-03 4.507725127041e-03 1.116927620023e-02 4.471578169614e-03 3.439477412030e-03 2.433073241264e-03 1.622594427317e-03 5.208338145167e-03 5.746087059379e-03 1.407066709362e-03 9.499647421762e-04 1.118024112657e-03 1.382455928251e-03 1.545689883642e-03 1.445551868528e-03
4.773903347086e-04 7.507466943935e-04 1.023202552460e-03 1.111756544560e-03 1.434478093870e-03 1.906882389449e-03 1.873383065686e-03 1.652408507653e-03 1.420567743480e-03 1.095505547710e-03 1.329965773039e-03 1.470030983910e-03 8.174385875463e-03 4.512890428305e-02 6.179796531796e-02 2.157651819289e-02 6.738571915776e-03 4.124663304538e-03 4.214814398438e-03 3.685675095767e-03 3.530412213877e-03 8.032233454287e-03 1.583166234195e-02 2.102573774755e-02 1.691336743534e-02 8.696031756699e-03 6.007043644786e-03 4.402657039464e-03 3.996763378382e-03 3.553086193278e-03 4.798779264092e-03 2.204629592597e-03 2.495401073247e-03 2.023712033406e-03 1.272134366445e-03 7.547963759862e-04 6.242652307265e-04 6.082756444812e-04 6.384526495822e-04 7.953135645948e-04 1.068021752872e-03 1.350964303128e-03 1.382348127663e-03
7.903815130703e-04 1.181415515020e-03 1.569026615471e-03 2.122723963112e-03 4.107876680791e-03 4.052094183862e-03 5.663551855832e-03 4.143779631704e-03 4.712014924735e-03 2.799558686092e-03 1.559451106004e-03 1.064797304571e-02 4.293133318424e-02 4.276902601123e-02 1.120011880994e-02 3.345188684762e-03 6.206857971847e-03 8.199610747397e-03 5.802792031318e-03 6.743384990841e-03 8.153221569955e-03 8.208188228309e-03 1.196888927370e-02 9.782121516764e-03 6.611727178097e-03 5.157667677850e-03 3.215544158593e-03 1.246146042831e-03 1.286577433348e-03 1.266271108761e-03 1.622394542210e-03 1.187334884889e-03 1.047345576808e-03 7.244557491504e-04 7.409628597088e-04 7.549765286967e-04 7.795588462614e-04 8.186001214199e-04 8.709289832041e-04 9.383239084855e-04 9.491643868387e-04 1.133681274951e-03 1.439589541405e-03
