VariationalSeries/SI/f97_max.grd
DSAA
101	101
32.816463539100	34.260883539100
35.556306596100	36.727886596100
6.365542049025e-06	1.064027786255e+00
[rows 76 to 94 of 101, columns 0 to 42 of 101]
6.758793460904e-05 9.778230742086e-05 1.287755585508e-04 1.525101979496e-04 1.639154070290e-04 1.649868936511e-04 1.594111090526e-04 1.505277905380e-04 1.404222275596e-04 1.507068227511e-04 1.704499300104e-04 2.044226275757e-04 2.421214012429e-04 2.662968472578e-04 2.711494162213e-04 2.632040705066e-04 2.396805793978e-04 2.550502831582e-04 2.626261266414e-04 2.805787080433e-04 3.870667715091e-04 3.784818400163e-04 2.489472681191e-04 2.703248464968e-04 2.505630254745e-04 2.299442421645e-04 2.355575561523e-04 2.619503939059e-04 2.947307075374e-04 3.115614526905e-04 3.000212891493e-04 2.825598639902e-04 2.746853861026e-04 2.715700538829e-04 2.986805338878e-04 3.584360238165e-04 6.917316932231e-04 8.257140289061e-04 7.772910175845e-04 5.488155293278e-04 5.438256193884e-04 9.009107598104e-04 1.571139553562e-03
6.804140866734e-05 1.100379595300e-04 1.460846397094e-04 1.685301685939e-04 1.774964330252e-04 1.766262867022e-04 1.696499675745e-04 1.593245688127e-04 1.644869043957e-04 1.826663065003e-04 2.102702419506e-04 2.486607991159e-04 2.841774257831e-04 3.014850954060e-04 2.968293265440e-04 2.753189182840e-04 2.345219400013e-04 2.409115259070e-04 2.419527008897e-04 2.154370304197e-04 2.208373480244e-04 2.313882723683e-04 2.029732859228e-04 2.441244287184e-04 2.586475457065e-04 2.373046445427e-04 2.558205742389e-04 3.081327595282e-04 3.420387802180e-04 3.460003645159e-04 3.227790584788e-04 2.962071448565e-04 2.940902777482e-04 2.861477842089e-04 3.481089952402e-04 3.755190991797e-04 6.198796327226e-04 6.930338568054e-04 7.647721795365e-04 8.656711434014e-04 1.793162780814e-03 2.342553343624e-03 2.220720285550e-03
7.247128814925e-05 1.156246435130e-04 1.506318512838e-04 1.704807364149e-04 1.768326910678e-04 1.739083818393e-04 1.650810154388e-04 1.789897651179e-04 2.017565857386e-04 2.257954038214e-04 2.568663621787e-04 2.896359364968e-04 3.108252421953e-04 3.102482005488e-04 2.880488464143e-04 2.501260023564e-04 1.987088035094e-04 2.084255829686e-04 2.018741943175e-04 1.770535745891e-04 1.619511167519e-04 1.817103184294e-04 2.195063425461e-04 2.926096494775e-04 3.081347094849e-04 2.787977864500e-04 3.421196306590e-04 3.711525932886e-04 3.796192177106e-04 3.712621692102e-04 3.471284289844e-04 3.217550693080e-04 3.063969488721e-04 3.501918399706e-04 4.514424945228e-04 5.851342575625e-04 7.704737363383e-04 9.569671237841e-04 8.067834423855e-04 2.107237000018e-03 2.433370798826e-03 2.346291439608e-03 2.317850477993e-03
6.547135853907e-05 1.034990345943e-04 1.334544213023e-04 1.495356846135e-04 1.536243071314e-04 1.493947929703e-04 1.701276487438e-04 1.936682238011e-04 2.125316241290e-04 2.312779397471e-04 2.509657060727e-04 2.655804273672e-04 2.672241243999e-04 2.515663800295e-04 2.221868780907e-04 1.858213945525e-04 1.732262753649e-04 1.670864003245e-04 1.561507669976e-04 1.446274691261e-04 1.498798665125e-04 1.668669719948e-04 2.634122502059e-04 3.583525540307e-04 3.875485563185e-04 4.074158205185e-04 4.200348630548e-04 4.232789506204e-04 3.987486124970e-04 3.749650495593e-04 3.548125387169e-04 3.368245961610e-04 3.745916183107e-04 4.415976873133e-04 5.634251283482e-04 6.495009874925e-04 6.334882345982e-04 1.035616500303e-03 1.212565344758e-03 1.797823118977e-03 2.086355816573e-03 2.087571891025e-03 2.128975000232e-03
5.406579657574e-05 8.657209400553e-05 1.055470347637e-04 1.155873615062e-04 1.186683730339e-04 1.369873352814e-04 1.573747285875e-04 1.699351851130e-04 1.757529826136e-04 1.809390960261e-04 1.869630796136e-04 1.905382232508e-04 1.868341496447e-04 1.729065406835e-04 1.774360134732e-04 1.815786818042e-04 1.795936259441e-04 1.703259622445e-04 1.557987125125e-04 1.422122877557e-04 1.410397089785e-04 1.735539990477e-04 2.965354069602e-04 4.075978649780e-04 4.620486579370e-04 4.904366796836e-04 4.943482344970e-04 5.082005518489e-04 4.951105802320e-04 4.262739093974e-04 3.667613782454e-04 3.509494417813e-04 4.119557561353e-04 4.481492505874e-04 4.741081211250e-04 5.117239197716e-04 6.802660063840e-04 9.992074919865e-04 1.320319832303e-03 1.344540505670e-03 2.102692378685e-03 2.535331528634e-03 1.990432152525e-03
7.386986544589e-05 1.113910475397e-04 1.347746292595e-04 1.456324243918e-04 1.516864576843e-04 1.544366677990e-04 1.553627225803e-04 1.543756661704e-04 1.514582836535e-04 1.474205055274e-04 1.529835135443e-04 1.662456197664e-04 1.777683501132e-04 1.877264003269e-04 1.947323326021e-04 1.964686380234e-04 1.909099228214e-04 1.774547999958e-04 1.600468385732e-04 1.562784455018e-04 1.487329427619e-04 1.870487321867e-04 3.054602129851e-04 4.205059376545e-04 1.045829500072e-03 3.090893384069e-03 3.288604086265e-03 1.481793588027e-03 8.622126770206e-04 6.801160052419e-04 4.831716942135e-04 3.720948589034e-04 4.357400757726e-04 5.719745531678e-04 4.618386738002e-04 5.549408379011e-04 6.150658009574e-04 1.031348248944e-03 1.801872043870e-03 1.768003916368e-03 1.959449145943e-03 2.598000923172e-03 3.577856114134e-03
1.045098179020e-04 1.537910720799e-04 1.841577613959e-04 1.999679225264e-04 2.043873828370e-04 2.032515185419e-04 1.991777244257e-04 1.929575955728e-04 1.850527478382e-04 1.772660762072e-04 2.084022853523e-04 2.394227922196e-04 2.663434133865e-04 2.847746945918e-04 2.909552713390e-04 2.831168530975e-04 2.613856631797e-04 2.273533609696e-04 2.116463292623e-04 2.011459000641e-04 1.882384385681e-04 2.191859239247e-04 3.053828258999e-04 6.858427077532e-04 2.894368721172e-03 8.322727866471e-03 9.097445756197e-03 4.577342886478e-03 1.985439099371e-03 9.749829769135e-04 6.300319219008e-04 4.766785423271e-04 4.274702223483e-04 6.095126736909e-04 6.589837139472e-04 6.836226675659e-04 6.119718891568e-04 9.292296017520e-04 2.123843412846e-03 3.192530013621e-03 2.108579967171e-03 2.047702437267e-03 4.544810391963e-03
1.312181702815e-04 1.873381115729e-04 2.241226757178e-04 2.383559913142e-04 2.377303608228e-04 2.299183688592e-04 2.187174686696e-04 2.128438645741e-04 2.487085585017e-04 3.034079272766e-04 3.598657494877e-04 4.131875175517e-04 4.585572169162e-04 4.943218664266e-04 5.189655348659e-04 5.278466269374e-04 5.141758592799e-04 4.700270947069e-04 3.878359275404e-04 2.899838436861e-04 2.679384488147e-04 2.735237940215e-04 6.025150651112e-04 1.091579324566e-03 3.156095510349e-03 2.588160522282e-02 4.856757819653e-02 1.057801581919e-02 4.641461186111e-03 1.660175388679e-03 7.704291492701e-04 5.896513466723e-04 5.673549603671e-04 7.886863313615e-04 9.479976724833e-04 9.246277622879e-04 7.637937087566e-04 1.128874253482e-03 1.788329100236e-03 3.917434718460e-03 3.939539194107e-03 1.961420755833e-03 4.723686259240e-03
1.395524450345e-04 1.951865560841e-04 2.280932530994e-04 2.359613717999e-04 2.279608743265e-04 2.373787137913e-04 2.623059262987e-04 2.788096899167e-04 3.324535209686e-04 4.092871386092e-04 4.894224111922e-04 5.654975539073e-04 6.322454428300e-04 6.917813443579e-04 7.489135605283e-04 8.030473254621e-04 8.392395684496e-04 8.247016812675e-04 7.150053279474e-04 5.137200350873e-04 3.957069420721e-04 5.653708358295e-04 9.957642760128e-04 1.412496436387e-03 6.195602938533e-03 1.486387662590e-02 1.903181150556e-02 5.771721713245e-03 2.198594156653e-03 1.313480548561e-03 1.128568197601e-03 1.378705492243e-03 1.779468264431e-03 1.649926532991e-03 1.188204973005e-03 1.180954161100e-03 9.858405683190e-04 1.151437056251e-03 1.265275408514e-03 2.573389559984e-03 3.422423265874e-03 2.217424800619e-03 8.247245103121e-03
1.902709773276e-04 3.012653614860e-04 3.797397366725e-04 4.243024741299e-04 4.490886931308e-04 4.586188879330e-04 4.540375957731e-04 4.372919502202e-04 4.116170748603e-04 4.238788678776e-04 5.116389947943e-04 6.000898429193e-04 6.840760470368e-04 7.647039019503e-04 8.507738821208e-04 9.521995671093e-04 1.050761900842e-03 1.087111653760e-03 9.799061808735e-04 9.263112442568e-04 8.916231454350e-04 9.618883486837e-04 1.238213852048e-03 1.684569055215e-03 3.198135411367e-03 1.174749806523e-03 9.259483776987e-04 9.255642653443e-04 1.023711287417e-03 1.090929494239e-03 1.207402325235e-03 8.557664230466e-03 5.659438204020e-03 4.432993009686e-03 2.672196365893e-03 3.937323577702e-03 3.622847842053e-03 1.702733221464e-03 1.328282873146e-03 1.587611157447e-03 2.366245724261e-03 6.276821251959e-03 9.536746889353e-03
3.489786467981e-04 5.423575057648e-04 6.642715306953e-04 7.136267959140e-04 7.214708602987e-04 7.033252040856e-04 6.671207956970e-04 6.197200273164e-04 5.780451465398e-04 6.000797729939e-04 6.158828036860e-04 6.214094464667e-04 6.558432360180e-04 7.448059041053e-04 8.289412944578e-04 9.235343895853e-04 1.017199712805e-03 1.514181029052e-03 1.955758081749e-03 1.969221979380e-03 2.010742900893e-03 1.989749260247e-03 1.455277903005e-03 1.749398536049e-03 8.658475126140e-04 6.547214579768e-04 6.025437614881e-04 5.221740575507e-04 5.903855781071e-04 8.250735118054e-04 1.876928028651e-03 1.016193255782e-02 7.275996264070e-03 4.913074430078e-03 4.297460895032e-03 9.128028526902e-03 8.709706366062e-03 3.937285393476e-03 2.954061608762e-03 2.728437772021e-03 3.499503014609e-03 5.920075345784e-03 1.062569022179e-02
5.020902026445e-04 7.639876566827e-04 8.990603964776e-04 9.243736858480e-04 1.132552744821e-03 1.218365621753e-03 1.198160229251e-03 1.117328531109e-03 1.008143997751e-03 9.091289248317e-04 9.193521691486e-04 9.001396829262e-04 9.486317867413e-04 1.094068633392e-03 1.198624260724e-03 1.293529756367e-03 1.511278911494e-03 1.649158075452e-03 1.489734626375e-03 1.703085144982e-03 1.786053297110e-03 1.457780133933e-03 1.192766823806e-03 6.819871487096e-04 5.994291859679e-04 4.665936576203e-04 3.868802450597e-04 3.105149371549e-04 2.842948015314e-04 5.060033290647e-04 8.069960167632e-04 4.317788407207e-03 5.654930137098e-03 8.520426228642e-03 9.047592990100e-03 1.177509315312e-02 8.322403766215e-03 3.902347991243e-03 6.133555900306e-03 6.189512554556e-03 4.356889054179e-03 5.719403736293e-03 1.831923052669e-02
5.883448175155e-04 8.864512201399e-04 1.025221892633e-03 1.145045040175e-03 1.388993696310e-03 1.483384170569e-03 1.450190320611e-03 1.343901385553e-03 1.201164443046e-03 1.047975150868e-03 9.285688283853e-04 1.021696021780e-03 1.181926927529e-03 1.357117900625e-03 1.475620316342e-03 1.515076030046e-03 1.420930377208e-03 1.168545684777e-03 9.238193742931e-04 7.992619066499e-04 6.806762539782e-04 4.775637935381e-04 4.260841233190e-04 4.075458273292e-04 3.630087012425e-04 2.961753052659e-04 2.283720823471e-04 2.165465411963e-04 2.760810311884e-04 4.159747331869e-04 5.989998462610e-04 2.389899687842e-03 2.588861621916e-03 4.988327622414e-03 5.787275731564e-03 1.334233768284e-02 1.172641571611e-02 6.151068024337e-03 5.620332434773e-03 2.443906851113e-02 5.747924000025e-02 1.490286272019e-02 9.156103245914e-03
4.387616936583e-04 6.547385128215e-04 7.479956257157e-04 7.579977973364e-04 9.051512461156e-04 9.568488458171e-04 9.300216333941e-04 8.587053744122e-04 7.649096660316e-04 6.656583282165e-04 6.179212359712e-04 6.648558774032e-04 6.904997280799e-04 6.950673414394e-04 6.831206846982e-04 6.935528945178e-04 6.221932708286e-04 4.979468067177e-04 5.798529018648e-04 5.465613794513e-04 4.353689146228e-04 3.178716287948e-04 2.975325332955e-04 2.652844705153e-04 2.218665613327e-04 1.744510082062e-04 1.986092684092e-04 2.762254734989e-04 3.461785090622e-04 7.088997517712e-04 8.969587506726e-04 1.341795898043e-03 2.332220319659e-03 1.739811035804e-03 1.503118430264e-03 1.828969339840e-03 1.140840630978e-02 6.606577429920e-03 5.091934930533e-03 3.264384716749e-02 7.205626368523e-02 7.917639799416e-03 2.855955855921e-03
2.075611701002e-04 3.065230557695e-04 3.607135731727e-04 4.099960206077e-04 4.291975637898e-04 4.473245935515e-04 4.516557382885e-04 4.280314606149e-04 4.070633731317e-04 4.013428406324e-04 3.939964517485e-04 3.620990901254e-04 3.703414113261e-04 3.807577595580e-04 3.778056998271e-04 3.574705624487e-04 4.802675393876e-04 6.133751012385e-04 5.780330393463e-04 4.325316112954e-04 2.758874034043e-04 2.006167633226e-04 1.818785240175e-04 1.575659407536e-04 1.313601969741e-04 2.022367116297e-04 3.115663421340e-04 4.160420503467e-04 5.729659460485e-04 9.297375800088e-04 1.279571442865e-03 1.726240501739e-03 1.991363009438e-03 1.731882453896e-03 1.029278500937e-03 1.198368612677e-03 2.321769250557e-03 5.852290894836e-03 9.623060934246e-03 1.007892098278e-02 5.334767978638e-03 2.040271880105e-03 1.904195523821e-03
1.374055136694e-04 2.001526445383e-04 2.537734399084e-04 2.867091097869e-04 2.996253315359e-04 2.982587320730e-04 2.910079492722e-04 2.771546714939e-04 2.607720089145e-04 2.434622001601e-04 2.257308515254e-04 2.080466947518e-04 1.910963037517e-04 1.875882735476e-04 1.852219138527e-04 2.617378777359e-04 4.459960036911e-04 5.276346928440e-04 4.515442415141e-04 3.111711703241e-04 1.893845328595e-04 1.209685287904e-04 1.213586438098e-04 1.328147773165e-04 1.805498905014e-04 3.071365645155e-04 4.632402851712e-04 6.506590289064e-04 9.258834179491e-04 1.265133265406e-03 1.893957261927e-03 1.954643288627e-03 1.780226943083e-03 9.623745572753e-04 7.304585888050e-04 9.948245715350e-04 1.201921026222e-03 4.549615085125e-03 1.130175031722e-02 6.505549885333e-03 3.882860299200e-03 1.741293352097e-03 1.652699429542e-03
9.583421342541e-05 1.387614902342e-04 1.735406840453e-04 1.951107551577e-04 2.048069145530e-04 2.060259139398e-04 2.015715581365e-04 1.932534360094e-04 1.823249767767e-04 1.694058883004e-04 1.552271278342e-04 1.401600893587e-04 1.491970469942e-04 1.500545185991e-04 1.385159557685e-04 1.551007298985e-04 2.777661138680e-04 3.456572594587e-04 3.229525464121e-04 2.526328898966e-04 1.784272462828e-04 1.199176986120e-04 1.298561546719e-04 1.492061273893e-04 2.550856734160e-04 5.648984806612e-04 1.205982640386e-03 1.115005230531e-03 9.207316325046e-04 1.706728246063e-03 2.324124332517e-03 1.992925303057e-03 1.437901286408e-03 6.707311258651e-04 7.185180438682e-04 9.884310420603e-04 1.373289036565e-03 4.923019558191e-03 8.299513719976e-03 3.897266695276e-03 2.259487751871e-03 1.389921875671e-03 1.247863401659e-03
6.427674816223e-05 9.221200889442e-05 1.143656118074e-04 1.278746785829e-04 1.338202855550e-04 1.344379998045e-04 1.312962995144e-04 1.254039380001e-04 1.173577475129e-04 1.076621119864e-04 1.067467674147e-04 1.199772159453e-04 1.251860812772e-04 1.197182282340e-04 1.142569526564e-04 1.307125785388e-04 1.451844873372e-04 1.765578490449e-04 2.018828818109e-04 1.948137214640e-04 1.657861575950e-04 1.309528452111e-04 1.386291405652e-04 1.903999946080e-04 3.319910028949e-04 9.832297218964e-04 1.405386370607e-03 8.378999191336e-04 9.372289641760e-04 1.804785802960e-03 2.443430479616e-03 1.934889936820e-03 1.346273231320e-03 9.238726925105e-04 1.021306146868e-03 9.878070559353e-04 2.133476780728e-03 8.548978716135e-03 6.206692196429e-03 1.626379089430e-03 3.257170785218e-03 1.415698789060e-03 9.647780098021e-04
3.792822099058e-05 5.392721141106e-05 6.639237835770e-05 7.375337736448e-05 7.671224739170e-05 7.657551759621e-05 7.421866757795e-05 7.020027987892e-05 6.723416299792e-05 8.204935875256e-05 9.600480552763e-05 1.051445142366e-04 1.059100759448e-04 1.166785077658e-04 1.349446974928e-04 1.534363109386e-04 1.695843529887e-04 1.800947648007e-04 1.817549346015e-04 1.733452227199e-04 1.580145326443e-04 1.470681163482e-04 1.634871441638e-04 2.372623130213e-04 4.004023503512e-04 1.101868227124e-03 1.160847838037e-03 9.230567375198e-04 8.400129154325e-04 1.614289591089e-03 2.262164372951e-03 1.762403990142e-03 1.720225787722e-03 1.160945277661e-03 1.230289693922e-03 8.847878780216e-04 2.037138212472e-03 5.460879299790e-03 2.690688939765e-03 1.908810576424e-03 4.317421466112e-03 1.393998623826e-03 7.380782044493e-04
