VariationalSeries/SI/f97_max.grd
DSAA
101	101
32.816463539100	34.260883539100
35.556306596100	36.727886596100
6.365542049025e-06	1.064027786255e+00
[rows 0 to 18 of 101, columns 0 to 42 of 101]
9.673078311607e-04 1.728886854835e-03 1.532043563202e-03 9.171285200864e-04 7.725434261374e-04 1.008384977467e-03 2.008017618209e-03 2.797776134685e-03 2.500836970285e-03 1.492257113568e-03 9.417156688869e-04 1.082289265469e-03 1.148911309429e-03 1.109213451855e-03 9.511082316749e-04 1.448032562621e-03 2.176252193749e-03 2.519399393350e-03 1.795950112864e-03 1.165044843219e-03 1.329455757514e-03 1.424166723154e-03 1.047051046044e-03 9.389135520905e-04 9.995852597058e-04 1.366121112369e-03 2.001972403377e-03 2.286766190082e-03 2.986001782119e-03 2.380339894444e-03 1.815342693590e-03 1.705925911665e-03 1.480522565544e-03 1.174833043478e-03 9.552545961924e-04 9.253785829060e-04 8.512081694789e-04 1.153462450020e-03 1.618284033611e-03 1.855705399066e-03 1.554086920805e-03 1.322082243860e-03 1.259618671611e-03
1.790528185666e-03 3.378951922059e-03 3.314203582704e-03 2.314993878826e-03 1.638676039875e-03 1.949859899469e-03 3.864809870720e-03 5.341789219528e-03 4.723300691694e-03 2.750209998339e-03 1.617217320018e-03 1.849372172728e-03 1.953056198545e-03 1.859303680249e-03 1.619564369321e-03 2.154191723093e-03 3.429210046306e-03 4.489052109420e-03 4.054248332977e-03 2.417912939563e-03 2.425119280815e-03 3.719265107065e-03 1.956448657438e-03 1.761454972439e-03 2.061660634354e-03 2.669405192137e-03 3.356389701366e-03 3.832394490018e-03 5.678607616574e-03 4.422506783158e-03 2.951085800305e-03 2.674432005733e-03 2.524717012420e-03 2.018489409238e-03 2.171373460442e-03 2.270621247590e-03 2.283603884280e-03 2.564938738942e-03 3.225425491109e-03 3.245426574722e-03 2.400988712907e-03 2.384855411947e-03 2.605974208564e-03
1.751739182509e-03 3.595534712076e-03 4.030353389680e-03 3.452282398939e-03 2.219503512606e-03 2.251294674352e-03 4.472791682929e-03 6.073597352952e-03 5.200849846005e-03 2.848008181900e-03 2.042772481218e-03 2.302925568074e-03 2.379357116297e-03 2.201545983553e-03 1.812888076529e-03 1.742464257404e-03 2.253203885630e-03 3.365579526871e-03 3.848394146189e-03 3.129098564386e-03 3.836045274511e-03 5.750315729529e-03 2.518343739212e-03 2.182323718444e-03 2.742211334407e-03 3.318792907521e-03 3.444630652666e-03 3.478644415736e-03 6.619255989790e-03 4.960231482983e-03 2.860219450668e-03 2.452508080751e-03 3.454178804532e-03 1.839655451477e-03 2.043125452474e-03 2.346452325583e-03 2.944545354694e-03 3.729748306796e-03 3.899387549609e-03 3.230297937989e-03 3.297455608845e-03 2.212642459199e-03 2.921507926658e-03
1.556322327815e-03 3.424550173804e-03 4.079842939973e-03 4.170462023467e-03 3.352803410962e-03 2.305605914444e-03 4.675955511630e-03 6.215367931873e-03 5.026998464018e-03 2.446468221024e-03 2.261256799102e-03 2.496081404388e-03 2.485374920070e-03 2.211336512119e-03 1.758527592756e-03 1.779225072823e-03 1.697614206932e-03 1.955244690180e-03 2.544339513406e-03 2.902538515627e-03 6.434973794967e-03 7.318861782551e-03 2.827194286510e-03 2.397143049166e-03 3.025416983292e-03 3.468604292721e-03 3.317853203043e-03 3.184882923961e-03 6.632048636675e-03 4.823486786336e-03 2.445857971907e-03 1.992481527850e-03 3.981240093708e-03 2.118402160704e-03 2.292442368343e-03 3.241359023377e-03 4.009558353573e-03 4.177608992904e-03 3.535635070875e-03 4.093826748431e-03 3.981994464993e-03 2.448697108775e-03 2.678763121367e-03
1.522511476651e-03 3.276810748503e-03 3.878240240738e-03 4.288158379495e-03 4.103982821107e-03 2.901094965637e-03 4.772581160069e-03 6.210779771209e-03 4.713720642030e-03 2.070779446512e-03 2.425729529932e-03 2.582080196589e-03 2.502238843590e-03 2.491280669346e-03 2.287568524480e-03 1.932014361955e-03 1.875852118246e-03 1.851491746493e-03 2.632671734318e-03 5.330652464181e-03 8.945467881858e-03 8.041440509260e-03 3.034824505448e-03 3.404550254345e-03 3.027624683455e-03 3.389694495127e-03 3.040397306904e-03 3.170887008309e-03 6.279258988798e-03 4.544834606349e-03 2.890457399189e-03 2.265102462843e-03 4.244639538229e-03 2.569004194811e-03 3.604144556448e-03 4.313335753977e-03 4.359825979918e-03 3.679856425151e-03 2.533362479880e-03 4.202506504953e-03 4.876824561507e-03 3.272134577855e-03 2.119667362422e-03
1.420105458237e-03 2.859274391085e-03 3.454995341599e-03 3.778131678700e-03 4.191906191409e-03 3.490370931104e-03 4.770038183779e-03 6.012770812958e-03 4.249700810760e-03 2.300054533407e-03 2.576479455456e-03 2.829412464052e-03 3.016497008502e-03 2.919893478975e-03 2.627310808748e-03 2.138783223927e-03 1.727380440570e-03 1.959534594789e-03 4.190924111754e-03 7.599086500704e-03 1.040849089622e-02 7.943956181407e-03 3.403111593798e-03 5.184388253838e-03 3.188730217516e-03 3.179144114256e-03 2.723951125517e-03 3.446579212323e-03 5.618354305625e-03 4.542983602732e-03 2.920803381130e-03 2.435463247821e-03 4.921660292894e-03 3.847411600873e-03 4.565326031297e-03 4.512518644333e-03 3.745047608390e-03 2.589824842289e-03 2.854356076568e-03 3.960751462728e-03 5.973875522614e-03 3.801973303780e-03 2.061145612970e-03
1.789241097867e-03 3.178128041327e-03 2.935408381745e-03 2.905821427703e-03 3.619497874752e-03 3.506573848426e-03 4.696478135884e-03 5.748743657023e-03 3.815073287115e-03 2.536759478971e-03 2.845248207450e-03 3.238751087338e-03 3.282550722361e-03 3.053153865039e-03 2.599059604108e-03 2.453762572259e-03 2.330364426598e-03 2.903785556555e-03 5.655495449901e-03 9.079232811928e-03 1.077970117331e-02 7.256504613906e-03 4.489710554481e-03 6.571814883500e-03 4.620561376214e-03 2.895036479458e-03 2.655473072082e-03 6.389133632183e-03 8.963348343968e-03 5.789285991341e-03 3.239206038415e-03 2.757171401754e-03 5.404399242252e-03 4.511084873229e-03 4.509917460382e-03 3.744431072846e-03 2.610097872093e-03 2.861415268853e-03 4.145173821598e-03 5.231671500951e-03 6.136885844171e-03 4.486934281886e-03 2.079012338072e-03
1.815911964513e-03 3.632321720943e-03 3.753359895200e-03 2.717057708651e-03 2.596744336188e-03 2.935970900580e-03 4.632699768990e-03 5.622534547001e-03 3.554507391527e-03 2.742556156591e-03 3.212408861145e-03 3.429695498198e-03 3.317086258903e-03 2.926895627752e-03 2.737632952631e-03 3.111144993454e-03 3.468589158729e-03 3.832161659375e-03 6.931138690561e-03 9.850457310677e-03 1.058180723339e-02 6.523157469928e-03 4.873617552221e-03 7.226467132568e-03 5.620422307402e-03 3.582029836252e-03 2.573674777523e-03 9.707284159958e-03 1.255945581943e-02 6.791032385081e-03 3.539939643815e-03 3.293337067589e-03 5.336485337466e-03 4.142125602812e-03 3.870883490890e-03 2.748096128926e-03 2.740059280768e-03 4.080764949322e-03 5.389995872974e-03 5.952927749604e-03 5.398428067565e-03 5.634272471070e-03 2.382594393566e-03
1.571122207679e-03 3.434863639995e-03 4.271216690540e-03 3.888042643666e-03 2.583549357951e-03 2.541066147387e-03 4.583876114339e-03 5.575561430305e-03 3.422569483519e-03 3.059830982238e-03 3.405695315450e-03 3.439491847530e-03 3.149051917717e-03 2.710236702114e-03 2.859954256564e-03 3.308501560241e-03 4.487617406994e-03 4.596662241966e-03 7.647025864571e-03 9.700689464808e-03 9.604190476239e-03 5.662960931659e-03 4.974073264748e-03 6.909868679941e-03 6.063765380532e-03 4.137177020311e-03 3.248783759773e-03 1.252054795623e-02 1.465783268213e-02 7.485235109925e-03 3.899721894413e-03 3.140174318105e-03 5.413440056145e-03 3.605382749811e-03 4.249442368746e-03 4.229432903230e-03 4.091964103281e-03 5.486779846251e-03 6.311077158898e-03 5.965977907181e-03 4.382925108075e-03 6.994880735874e-03 2.796995453537e-03
1.595140434802e-03 2.853634767234e-03 4.027666524053e-03 4.562375135720e-03 3.892126958817e-03 2.546422649175e-03 4.596358165145e-03 5.568273831159e-03 3.345348406583e-03 3.237354336306e-03 3.414700273424e-03 3.269797656685e-03 3.568517509848e-03 3.886615857482e-03 4.065262153745e-03 4.122635349631e-03 4.872154444456e-03 5.319356452674e-03 7.870519533753e-03 8.998312987387e-03 8.322512730956e-03 4.828691016883e-03 4.495012108237e-03 6.039170548320e-03 5.856981500983e-03 4.251997917891e-03 3.513571340591e-03 1.420641690493e-02 1.556801330298e-02 7.758141029626e-03 3.419666783884e-03 2.710732864216e-03 5.867052357644e-03 3.578523872420e-03 4.350719507784e-03 4.402849357575e-03 5.688969511539e-03 6.550957448781e-03 6.409528665245e-03 5.133952014148e-03 3.692610189319e-03 7.601154968143e-03 3.841885831207e-03
1.602774835192e-03 3.211078001186e-03 3.321799449623e-03 4.365486558527e-03 4.777713678777e-03 3.843023907393e-03 4.556860774755e-03 5.481223110110e-03 3.236686345190e-03 3.269948530942e-03 3.587892977521e-03 4.200349096209e-03 4.657674580812e-03 4.911454394460e-03 5.029230844229e-03 5.073767621070e-03 5.021102260798e-03 6.586526054889e-03 9.235115721822e-03 9.786383248866e-03 8.224297314882e-03 6.077629514039e-03 4.265306051821e-03 5.150588694960e-03 5.282511003315e-03 3.787352703512e-03 4.073658492416e-03 1.498708967119e-02 1.592780463398e-02 7.600983604789e-03 3.267053514719e-03 3.053332911804e-03 5.747524090111e-03 3.783014370129e-03 5.022894125432e-03 6.092026829720e-03 6.794577930123e-03 6.664822809398e-03 5.528415553272e-03 4.263428505510e-03 4.181713797152e-03 7.305314298719e-03 4.998218268156e-03
1.357018132694e-03 2.858326770365e-03 3.422474954277e-03 3.631431376562e-03 4.718328826129e-03 4.974976181984e-03 4.420258570462e-03 5.283634178340e-03 3.193470183760e-03 3.867082996294e-03 4.500371869653e-03 5.016105715185e-03 5.369188729674e-03 5.570957902819e-03 5.639291834086e-03 5.628379993141e-03 5.569754634053e-03 8.764293976128e-03 1.198137458414e-02 1.245006639510e-02 1.072514802217e-02 8.401095867157e-03 6.144466809928e-03 4.370663780719e-03 6.107818335295e-03 5.853469949216e-03 4.985689651221e-03 1.438062544912e-02 1.409283187240e-02 6.918351631612e-03 4.199092742056e-03 4.969221539795e-03 5.361154209822e-03 6.037520710379e-03 6.846370641142e-03 7.152882870287e-03 6.859481334686e-03 5.905397702008e-03 5.670161917806e-03 6.572177167982e-03 4.943627398461e-03 6.247084587812e-03 6.004308350384e-03
1.161016174592e-03 2.207749523222e-03 2.847972325981e-03 3.370987949893e-03 3.989817108959e-03 5.057954229414e-03 5.084710661322e-03 4.999496042728e-03 3.964264877141e-03 4.609819967300e-03 5.071571562439e-03 5.365172866732e-03 5.540360230953e-03 5.636943969876e-03 5.643405951560e-03 5.613673944026e-03 5.613433662802e-03 9.644651785493e-03 1.303123869002e-02 1.330351922661e-02 1.149774435908e-02 9.358803741634e-03 7.312542293221e-03 5.346457473934e-03 8.214691653848e-03 7.942588068545e-03 6.696527823806e-03 1.252200827003e-02 1.106033474207e-02 5.884970072657e-03 7.346291560680e-03 8.289848454297e-03 8.256522007287e-03 7.983398623765e-03 7.788739632815e-03 7.530425209552e-03 7.300246506929e-03 6.924597546458e-03 6.332510150969e-03 8.900891058147e-03 5.536846816540e-03 4.752377979457e-03 7.737888023257e-03
1.443176879548e-03 2.800048096105e-03 2.753945766017e-03 2.591927070171e-03 3.177789039910e-03 4.340068437159e-03 5.414025858045e-03 5.167676601559e-03 4.410622175783e-03 4.902248270810e-03 5.147855728865e-03 5.226030945778e-03 5.186814349145e-03 5.067474674433e-03 4.933992866427e-03 4.907382186502e-03 5.030996631831e-03 8.851681835949e-03 1.172355469316e-02 1.211636513472e-02 1.087516918778e-02 9.216981939971e-03 7.606162223965e-03 6.009058095515e-03 8.117089048028e-03 8.385789580643e-03 7.406530901790e-03 1.024707593024e-02 8.071393705904e-03 6.389673799276e-03 8.625371381640e-03 9.757846593857e-03 9.309663437307e-03 8.419857360423e-03 7.551017217338e-03 7.099444046617e-03 6.702519021928e-03 6.242759060115e-03 5.704798735678e-03 9.411392733455e-03 8.624354377389e-03 4.909119568765e-03 8.789743296802e-03
1.860395539552e-03 3.721178974956e-03 3.739181207493e-03 3.669699886814e-03 3.548105014488e-03 3.372233826667e-03 4.747543483973e-03 5.787860602140e-03 5.119994748384e-03 4.793619737029e-03 4.854996688664e-03 4.748416598886e-03 4.534810315818e-03 4.250773694366e-03 4.003635607660e-03 4.038522951305e-03 4.098006989807e-03 6.990154273808e-03 9.007399901748e-03 9.498491883278e-03 8.886286988854e-03 7.979014888406e-03 7.041360251606e-03 6.035632453859e-03 6.360865198076e-03 6.937708240002e-03 6.778486073017e-03 1.041102036834e-02 5.917901638895e-03 6.511948537081e-03 8.437280543149e-03 9.373330511153e-03 8.973196148872e-03 7.420017849654e-03 5.466851871461e-03 5.718353204429e-03 4.842092283070e-03 5.123761948198e-03 4.989058710635e-03 7.760394830257e-03 1.150510273874e-02 4.978393670171e-03 8.838987909257e-03
1.886560581625e-03 3.833646886051e-03 3.971324767917e-03 4.162878729403e-03 4.307721741498e-03 4.346183501184e-03 4.325186833739e-03 5.201355554163e-03 6.051949225366e-03 4.858440719545e-03 4.358178935945e-03 4.130771383643e-03 3.838485339656e-03 3.627506783232e-03 3.905173623934e-03 4.132485482842e-03 4.400530364364e-03 5.789803806692e-03 6.305426824838e-03 6.761162541807e-03 6.621297448874e-03 6.143199745566e-03 5.736773833632e-03 5.438527092338e-03 5.205672234297e-03 5.107486154884e-03 6.780473515391e-03 1.102233491838e-02 7.512636948377e-03 7.351123262197e-03 8.740152232349e-03 8.875595405698e-03 7.424771320075e-03 7.421158719808e-03 4.011861514300e-03 6.786298472434e-03 6.428033579141e-03 5.954210180789e-03 5.107769276947e-03 5.436933599412e-03 1.305664237589e-02 7.104540243745e-03 7.835085503757e-03
2.049993490800e-03 3.539426717907e-03 3.516131546348e-03 3.672647522762e-03 3.975701984018e-03 4.374790471047e-03 4.636902362108e-03 4.782932810485e-03 5.569684784859e-03 5.895649082959e-03 5.029865074903e-03 4.852522164583e-03 4.901973996311e-03 4.443690646440e-03 4.028767812997e-03 4.530186764896e-03 5.005631595850e-03 5.958408117294e-03 6.013168953359e-03 5.015720147640e-03 4.520625807345e-03 5.314921494573e-03 6.654413416982e-03 6.918813567609e-03 6.253013852984e-03 5.050021223724e-03 7.506059948355e-03 1.121996156871e-02 7.548406254500e-03 7.933686487377e-03 8.348979055882e-03 8.572577498853e-03 9.202879853547e-03 8.258460089564e-03 5.062459968030e-03 7.637551520020e-03 7.152129430324e-03 5.916761700064e-03 4.454344976693e-03 5.308383144438e-03 1.252663228661e-02 1.091024652123e-02 6.091328803450e-03
2.339860191569e-03 4.310786258429e-03 4.643927793950e-03 4.007807001472e-03 3.690440673381e-03 3.988560754806e-03 4.070994909853e-03 4.018685780466e-03 4.345512017608e-03 5.428481381387e-03 5.919266492128e-03 6.099845748395e-03 6.101926323026e-03 5.611016880721e-03 5.490292329341e-03 5.300582386553e-03 4.979856312275e-03 5.967625882477e-03 6.261891219765e-03 5.560896359384e-03 4.583020694554e-03 4.215498454869e-03 4.650374408811e-03 5.191996693611e-03 5.328920204192e-03 5.355370696634e-03 6.568311247975e-03 1.077666319907e-02 7.703988812864e-03 6.728911306709e-03 7.710453122854e-03 8.876724168658e-03 9.908098727465e-03 8.445437997580e-03 5.825904197991e-03 8.437220938504e-03 6.855683866888e-03 5.321760661900e-03 4.017931874841e-03 4.843993112445e-03 1.007565576583e-02 1.477266941220e-02 6.743767298758e-03
2.296131337062e-03 4.503331147134e-03 5.355043336749e-03 5.046165082604e-03 3.822268685326e-03 2.959175035357e-03 3.595486050472e-03 4.079242236912e-03 4.380698781461e-03 4.423359408975e-03 5.854797549546e-03 6.505251396447e-03 6.189832463861e-03 6.209864281118e-03 6.295276340097e-03 6.213131360710e-03 5.501417908818e-03 5.914384499192e-03 6.467235740274e-03 5.946131423116e-03 4.532783292234e-03 5.455299280584e-03 5.269491579384e-03 5.421477369964e-03 4.790171049535e-03 4.688086453825e-03 4.928439389914e-03 9.977627545595e-03 9.113267995417e-03 7.192263379693e-03 6.968695670366e-03 7.508421316743e-03 9.293263778090e-03 8.295410312712e-03 6.714893504977e-03 8.149319328368e-03 5.979098379612e-03 4.778243135661e-03 4.515375941992e-03 4.389290697873e-03 6.900776177645e-03 1.728242076933e-02 7.090136408806e-03
