VariationalSeries/SI/f97_max.grd
DSAA
101	101
32.816463539100	34.260883539100
35.556306596100	36.727886596100
6.365542049025e-06	1.064027786255e+00
[rows 19 to 37 of 101, columns 43 to 85 of 101]
1.033182907850e-02 1.277092285454e-02 1.660514250398e-02 1.692504808307e-02 1.098581403494e-02 1.693977043033e-02 8.526548743248e-03 8.966411463916e-03 9.614732116461e-03 9.751940146089e-03 8.900249376893e-03 1.317436154932e-02 1.587563008070e-02 1.581692136824e-02 1.050035003573e-02 1.282513234764e-02 1.688950695097e-02 1.582640781999e-02 8.730776607990e-03 1.408060546964e-02 6.465693935752e-03 9.088763035834e-03 1.219552475959e-02 6.022537592798e-03 5.992438178509e-03 6.986769381911e-03 5.770891439170e-03 7.344811689109e-03 6.813943386078e-03 5.396019667387e-03 5.816988646984e-03 7.932011969388e-03 8.955039083958e-03 6.935335695744e-03 6.243073381484e-03 5.023488309234e-03 3.451090771705e-03 3.841398283839e-03 4.247189499438e-03 3.536217380315e-03 3.254269249737e-03 2.881091320887e-03 3.132557962090e-03
9.293399751186e-03 1.251296512783e-02 1.774663478136e-02 2.046853676438e-02 1.482101343572e-02 1.497918087989e-02 8.774056099355e-03 9.501903317869e-03 8.335617370903e-03 1.043829787523e-02 1.092220004648e-02 1.232533343136e-02 1.699878834188e-02 1.683160476387e-02 1.293820794672e-02 1.393696852028e-02 1.649775356054e-02 1.788876391947e-02 1.030622515827e-02 1.361884176731e-02 7.391853258014e-03 1.377241406590e-02 1.713722757995e-02 7.926797494292e-03 6.991995032877e-03 7.153289392591e-03 7.174831349403e-03 7.597450632602e-03 5.919503048062e-03 5.742565263063e-03 8.011932484806e-03 1.046298351139e-02 9.344206191599e-03 7.506328169256e-03 6.102402228862e-03 5.030254367739e-03 3.654481843114e-03 4.491321742535e-03 3.478033468127e-03 2.928639296442e-03 3.122932743281e-03 2.747902181000e-03 2.862614346668e-03
1.002148073167e-02 1.428133156151e-02 1.638778299093e-02 2.142597362399e-02 1.826202310622e-02 1.281952112913e-02 8.777292445302e-03 1.007006503642e-02 7.980953902006e-03 9.768765419722e-03 1.030295528471e-02 1.175391208380e-02 1.615582965314e-02 1.831498183310e-02 1.560639590025e-02 1.489478070289e-02 1.580876298249e-02 1.955751702189e-02 1.175383385271e-02 1.262223813683e-02 8.310839533806e-03 1.706758700311e-02 1.876877807081e-02 8.914841338992e-03 6.830595433712e-03 8.391229435802e-03 8.099675178528e-03 6.572353653610e-03 5.544398445636e-03 7.971436716616e-03 1.117199193686e-02 1.083072274923e-02 7.315558381379e-03 8.564313873649e-03 6.048417184502e-03 4.631288349628e-03 4.350107163191e-03 4.618520382792e-03 3.806574037299e-03 2.965481951833e-03 2.915775636211e-03 2.158484421670e-03 2.132113324478e-03
9.571260772645e-03 1.346122939140e-02 1.389714330435e-02 2.045390941203e-02 2.021103911102e-02 1.337758544832e-02 1.164596434683e-02 1.066995691508e-02 7.862271741033e-03 8.557123132050e-03 1.002590171993e-02 1.191565394402e-02 1.340816821903e-02 1.931528002024e-02 1.738899201155e-02 1.450712420046e-02 1.462320797145e-02 2.098357118666e-02 1.294977683574e-02 1.131307799369e-02 9.226192720234e-03 1.695569790900e-02 1.636244729161e-02 7.822552695870e-03 7.366971578449e-03 8.830049075186e-03 7.351400330663e-03 5.937437061220e-03 8.391318842769e-03 1.182261109352e-02 1.162162981927e-02 8.072473108768e-03 6.173776928335e-03 8.900144137442e-03 4.349838010967e-03 4.327422939241e-03 5.370273720473e-03 4.061101004481e-03 4.366223234683e-03 2.787443343550e-03 3.108854638413e-03 2.596601378173e-03 2.343300497159e-03
7.783994544297e-03 9.329093620181e-03 1.440122444183e-02 1.811645179987e-02 2.036901935935e-02 1.354956347495e-02 1.448716875166e-02 1.215695869178e-02 8.532907813787e-03 7.299477234483e-03 1.044891774654e-02 1.163254212588e-02 1.384228747338e-02 2.075077779591e-02 1.761609874666e-02 1.364459283650e-02 1.316604204476e-02 2.186071686447e-02 1.381828077137e-02 1.358864270151e-02 1.076251361519e-02 1.394507661462e-02 1.220852788538e-02 7.253607269377e-03 9.195013903081e-03 8.541394956410e-03 6.222764961421e-03 8.952571079135e-03 1.281782146543e-02 1.245450414717e-02 8.453506976366e-03 5.015545058995e-03 6.678241770715e-03 8.350712247193e-03 4.493178334087e-03 4.642296582460e-03 5.659569520503e-03 4.250728059560e-03 4.790657665581e-03 2.907625399530e-03 2.953885588795e-03 2.445509657264e-03 2.486629877239e-03
1.010823901743e-02 1.003309804946e-02 1.626421697438e-02 1.532127428800e-02 1.936575397849e-02 1.513144839555e-02 1.388709899038e-02 1.538657117635e-02 1.337472349405e-02 1.022244431078e-02 1.114593353122e-02 1.098695490509e-02 1.509887725115e-02 2.220326662064e-02 1.582600362599e-02 1.308995112777e-02 1.122524030507e-02 2.236530557275e-02 1.735321618617e-02 1.501582749188e-02 1.273495797068e-02 1.353396847844e-02 8.188622072339e-03 8.872384205461e-03 9.440012276173e-03 6.355257239193e-03 9.723154827952e-03 1.382789295167e-02 1.316080335528e-02 8.817686699331e-03 4.722002893686e-03 3.767911344767e-03 8.935079909861e-03 6.981934886426e-03 4.276412539184e-03 6.021685432643e-03 5.200788378716e-03 4.284019581974e-03 5.089574959129e-03 3.599835094064e-03 2.573604695499e-03 2.451443579048e-03 2.156105590984e-03
1.588032394648e-02 9.835376404226e-03 9.791782125831e-03 1.684442535043e-02 1.785073056817e-02 1.598554663360e-02 1.232665311545e-02 1.408336218446e-02 1.601497456431e-02 1.573237590492e-02 1.340916287154e-02 1.655953004956e-02 1.641875319183e-02 2.308752574027e-02 1.370060350746e-02 1.191212330014e-02 1.564207300544e-02 2.253692597151e-02 1.964230462909e-02 1.440223027021e-02 1.373333577067e-02 1.460088137537e-02 9.193869307637e-03 9.668268263340e-03 7.871034555137e-03 1.017948146909e-02 1.506387349218e-02 1.411067880690e-02 9.177163243294e-03 6.034187506884e-03 8.484545163810e-03 5.250542890280e-03 1.042841095477e-02 6.103548686951e-03 5.006604827940e-03 6.441634148359e-03 6.254249718040e-03 4.393393173814e-03 5.254373420030e-03 3.974372986704e-03 2.386143198237e-03 2.303165383637e-03 2.668787492439e-03
2.123847417533e-02 1.011710986495e-02 9.883015416563e-03 1.552481390536e-02 1.608932949603e-02 1.637381687760e-02 1.330309733748e-02 1.362619828433e-02 1.332268957049e-02 1.725293882191e-02 1.882251724601e-02 1.677869260311e-02 1.774124801159e-02 2.340475656092e-02 1.189764868468e-02 1.833110861480e-02 2.194427326322e-02 2.257999964058e-02 1.909197680652e-02 1.141597516835e-02 1.305195875466e-02 1.338143553585e-02 9.283372201025e-03 7.987559773028e-03 1.026456803083e-02 1.602790318429e-02 1.545808091760e-02 9.677979163826e-03 8.553213439882e-03 1.181674376130e-02 1.072666700929e-02 9.737056680024e-03 1.016266644001e-02 6.827268749475e-03 6.447880063206e-03 5.339131224900e-03 6.818348541856e-03 4.650105722249e-03 5.273526068777e-03 3.951191436499e-03 2.542716218159e-03 2.923321444541e-03 3.769772825763e-03
2.319161035120e-02 1.039526145905e-02 1.195858605206e-02 1.030450966209e-02 1.757927983999e-02 1.655902341008e-02 1.414827071130e-02 1.448089629412e-02 1.360018830746e-02 1.727428659797e-02 1.815560832620e-02 1.581983268261e-02 1.893114484847e-02 2.256505005062e-02 1.998696476221e-02 2.427973411977e-02 2.342765592039e-02 2.195592224598e-02 1.298240013421e-02 1.160799618810e-02 1.342740282416e-02 1.352450251579e-02 9.542265906930e-03 9.828965179622e-03 1.671565696597e-02 1.706365309656e-02 1.069317292422e-02 8.752042427659e-03 1.285693980753e-02 1.066689006984e-02 8.654261939228e-03 9.561160579324e-03 7.881417870522e-03 7.442062720656e-03 6.389232352376e-03 4.418178927153e-03 6.677127908915e-03 5.020353943110e-03 5.170917604119e-03 3.578647039831e-03 3.122841008008e-03 4.183867014945e-03 4.728014580905e-03
2.036374993622e-02 1.517270226032e-02 1.385326031595e-02 9.792357683182e-03 1.284741517156e-02 1.667986996472e-02 1.758212409914e-02 1.539965532720e-02 1.797681860626e-02 2.642466872931e-02 1.505875773728e-02 1.398025453091e-02 1.972389966249e-02 2.078104764223e-02 2.592044137418e-02 2.505513839424e-02 2.170296572149e-02 2.124794200063e-02 1.423911750317e-02 1.559930201620e-02 1.395098585635e-02 1.346819847822e-02 8.980976417661e-03 1.696654409170e-02 1.880963146687e-02 1.215757150203e-02 1.000015810132e-02 1.363440230489e-02 1.205643266439e-02 7.882403209805e-03 1.148154679686e-02 1.003858353943e-02 5.943038500845e-03 6.864722352475e-03 5.667743738741e-03 6.087616086006e-03 6.076983641833e-03 5.491030868143e-03 5.018437746912e-03 4.624231718481e-03 5.190480500460e-03 5.825148429722e-03 4.911926575005e-03
1.374812051654e-02 2.285443432629e-02 1.517556048930e-02 1.204336807132e-02 1.446695066988e-02 1.640937477350e-02 1.571412011981e-02 1.649351790547e-02 2.357599511743e-02 3.272287920117e-02 2.199376560748e-02 1.523801404983e-02 1.988522335887e-02 2.471371367574e-02 2.641968056560e-02 3.629709035158e-02 1.926955021918e-02 1.971444673836e-02 1.595316268504e-02 1.578204892576e-02 1.430629100651e-02 1.322314329445e-02 1.680365949869e-02 1.997091062367e-02 1.371105108410e-02 1.125769317150e-02 1.345940120518e-02 1.345765963197e-02 1.148627325892e-02 1.151605229825e-02 1.219739951193e-02 6.882314104587e-03 6.507669575512e-03 5.866853054613e-03 5.045117344707e-03 4.717953968793e-03 8.226062171161e-03 6.494522094727e-03 5.971643142402e-03 6.922785658389e-03 6.896991748363e-03 5.061164963990e-03 3.366950433701e-03
1.538285333663e-02 2.532556839287e-02 1.569971069694e-02 1.331726834178e-02 1.706565544009e-02 1.573456078768e-02 1.636037975550e-02 2.063429541886e-02 2.719160355628e-02 3.288893774152e-02 2.628313191235e-02 2.605553343892e-02 2.304589934647e-02 2.710274048150e-02 3.179691731930e-02 4.600667580962e-02 2.005515620112e-02 2.171550132334e-02 2.153812162578e-02 1.761530712247e-02 1.395466085523e-02 1.676890812814e-02 2.100852876902e-02 1.510029565543e-02 1.260777562857e-02 1.328859198838e-02 1.283948589116e-02 1.417186670005e-02 1.379630155861e-02 1.386602129787e-02 1.043948810548e-02 5.694433115423e-03 7.779835723341e-03 4.779743961990e-03 4.985117353499e-03 5.094542633742e-03 1.133856829256e-02 7.601108867675e-03 7.974532432854e-03 6.421507336199e-03 3.901300486177e-03 2.254084916785e-03 2.237273612991e-03
3.048122860491e-02 2.002982981503e-02 2.196042425931e-02 1.414838805795e-02 2.074460126460e-02 1.608473993838e-02 1.763710565865e-02 2.385967038572e-02 2.863620035350e-02 2.787265926600e-02 2.672962285578e-02 2.699403092265e-02 2.566990442574e-02 2.079098299146e-02 2.183473855257e-02 2.936519309878e-02 1.657207682729e-02 2.147220261395e-02 2.347345650196e-02 1.959076710045e-02 1.744511164725e-02 2.199403382838e-02 1.646036095917e-02 1.404262334108e-02 1.302178762853e-02 1.193023100495e-02 1.279497891665e-02 1.513505075127e-02 1.519139111042e-02 1.365274190903e-02 8.506003767252e-03 5.433554295450e-03 8.284462615848e-03 6.586150731891e-03 7.940119132400e-03 8.442883379757e-03 1.278780028224e-02 7.472303230315e-03 5.912541411817e-03 4.089300055057e-03 3.665210446343e-03 2.773274434730e-03 2.710951492190e-03
4.951601848006e-02 2.163672260940e-02 2.458480559289e-02 1.794155314565e-02 2.301310189068e-02 1.967554353178e-02 1.942339353263e-02 2.741221897304e-02 2.944488450885e-02 2.318647317588e-02 3.220399841666e-02 3.956582024693e-02 2.219510637224e-02 2.604324743152e-02 1.588578894734e-02 1.852574013174e-02 1.752513647079e-02 2.089742757380e-02 2.019172906876e-02 1.832770742476e-02 2.336065657437e-02 1.777813211083e-02 1.468016207218e-02 1.314820908010e-02 1.413405686617e-02 1.327786501497e-02 1.321066636592e-02 1.648786850274e-02 1.659392751753e-02 1.502914912999e-02 1.034628227353e-02 9.170267730951e-03 9.098750539124e-03 8.214278146625e-03 7.949659600854e-03 1.223742868751e-02 1.052501797676e-02 5.067725665867e-03 5.475162062794e-03 5.596241448075e-03 5.187363363802e-03 4.008535761386e-03 2.928288187832e-03
5.428054556251e-02 5.665866285563e-02 2.354652434587e-02 2.355959452689e-02 2.536572515965e-02 2.383098937571e-02 3.277988359332e-02 3.073564358056e-02 2.906568348408e-02 2.163460664451e-02 3.319878876209e-02 4.413100332022e-02 2.640759386122e-02 2.512560039759e-02 2.013950608671e-02 2.050654031336e-02 2.183456160128e-02 2.063869684935e-02 1.998301967978e-02 2.502084895968e-02 1.948034949601e-02 1.677541993558e-02 1.436426769942e-02 1.124403532594e-02 1.392077654600e-02 1.542581990361e-02 1.426705904305e-02 1.773383654654e-02 1.849425211549e-02 1.645550504327e-02 1.225049048662e-02 9.040711447597e-03 8.039641194046e-03 6.824603304267e-03 1.108811609447e-02 1.269309874624e-02 5.659676156938e-03 5.762043409050e-03 6.007190793753e-03 6.091387942433e-03 5.757046397775e-03 4.811921622604e-03 3.340078517795e-03
2.616382949054e-02 7.644494622946e-02 5.582784488797e-02 2.334908023477e-02 2.675497904420e-02 2.970437891781e-02 3.173420578241e-02 3.229552879930e-02 2.583142556250e-02 2.265796065331e-02 3.786751255393e-02 4.324554651976e-02 3.399314731359e-02 2.300749532878e-02 2.107603475451e-02 2.365813963115e-02 3.683382272720e-02 2.310030534863e-02 2.776185236871e-02 2.138757146895e-02 1.548529788852e-02 1.508443802595e-02 1.270713098347e-02 1.555534452200e-02 1.573104225099e-02 1.791408844292e-02 1.970521733165e-02 1.519348099828e-02 1.796878501773e-02 1.795048825443e-02 1.394890155643e-02 7.475236896425e-03 7.565845735371e-03 1.173284742981e-02 1.271774340421e-02 7.435847073793e-03 5.114469677210e-03 5.163887981325e-03 5.141581874341e-03 5.220092833042e-03 5.202028434724e-03 4.817902110517e-03 3.869007108733e-03
4.807831719518e-02 3.626064583659e-02 8.919665962458e-02 4.151728749275e-02 2.708320505917e-02 3.654936701059e-02 2.743747457862e-02 3.062971681356e-02 4.035151749849e-02 3.118882142007e-02 4.324608668685e-02 3.440129011869e-02 3.624465689063e-02 3.037755936384e-02 2.497124671936e-02 2.334655262530e-02 5.357113853097e-02 3.232685849071e-02 2.591016143560e-02 3.166820853949e-02 1.884376816452e-02 1.540556456894e-02 1.644640974700e-02 1.730955578387e-02 1.667305640876e-02 1.756151765585e-02 2.484436146915e-02 1.514911558479e-02 1.867220550776e-02 1.950526237488e-02 1.581866107881e-02 1.019729115069e-02 1.293451804668e-02 1.196546852589e-02 6.844242103398e-03 5.773346871138e-03 5.452345125377e-03 5.104669835418e-03 4.744322504848e-03 4.416181705892e-03 4.482991527766e-03 4.633462522179e-03 4.209882114083e-03
6.505423039198e-02 8.488707244396e-02 5.125052109361e-02 8.776564151049e-02 3.272333741188e-02 4.429010301828e-02 3.793091699481e-02 4.045869410038e-02 5.664563179016e-02 4.669174924493e-02 5.386670306325e-02 3.122956119478e-02 3.291743248701e-02 3.432031348348e-02 3.076842240989e-02 2.427007444203e-02 6.288548558950e-02 3.562393784523e-02 3.716111183167e-02 2.575925178826e-02 1.403806265444e-02 1.548874936998e-02 1.966928318143e-02 1.783474907279e-02 1.620032452047e-02 1.539315376431e-02 2.422774396837e-02 1.663220301270e-02 2.097041346133e-02 2.068906463683e-02 1.640931144357e-02 1.306845247746e-02 9.798379614949e-03 5.177373997867e-03 5.051311571151e-03 5.275703500956e-03 5.228176712990e-03 5.588323343545e-03 5.487065762281e-03 5.206231959164e-03 5.673897918314e-03 6.593476515263e-03 6.884293165058e-03
1.279194653034e-01 8.508779108524e-02 8.988489955664e-02 7.445608824492e-02 6.768712401390e-02 4.983334615827e-02 5.463266000152e-02 4.826183989644e-02 4.957624524832e-02 5.480906367302e-02 6.340761482716e-02 3.696261346340e-02 3.248064592481e-02 3.489087522030e-02 3.822796046734e-02 3.619637712836e-02 4.849345237017e-02 3.588689863682e-02 3.577817603946e-02 2.856035903096e-02 2.335625141859e-02 2.771461941302e-02 2.788805589080e-02 2.307096496224e-02 1.684284210205e-02 1.438929885626e-02 1.901483535767e-02 2.046568505466e-02 2.169828116894e-02 1.812171936035e-02 1.271379459649e-02 8.047124370933e-03 7.040886674076e-03 7.517160847783e-03 8.885167539120e-03 9.737758897245e-03 1.018121931702e-02 1.013117935508e-02 9.613527916372e-03 8.793780580163e-03 7.997046224773e-03 7.990663871169e-03 7.073569111526e-03
