VariationalSeries/SI/f99_max.grd
DSAA
101	101
32.816463539100	34.260883539100
35.556306596100	36.727886596100
5.240435712039e-06	8.793617486954e-01
[rows 38 to 56 of 101, columns 43 to 85 of 101]
5.331216752529e-02 8.270075917244e-02 8.875568211079e-02 5.212210491300e-02 8.805111795664e-02 4.304979369044e-02 4.414945095778e-02 5.976875126362e-02 5.092769116163e-02 4.085521772504e-02 6.021562218666e-02 3.125193342566e-02 3.449274227023e-02 2.921452373266e-02 4.527298733592e-02 3.298677876592e-02 3.557673469186e-02 2.032875083387e-02 2.767850458622e-02 4.195768758655e-02 4.271407052875e-02 3.271231427789e-02 2.255075611174e-02 1.785038411617e-02 1.536381803453e-02 1.378783863038e-02 1.290846429765e-02 1.320864912122e-02 1.174337230623e-02 8.815828710794e-03 8.749706670642e-03 1.035475544631e-02 1.183108612895e-02 1.216371916234e-02 1.233205012977e-02 1.235444750637e-02 1.216310076416e-02 1.123117282987e-02 9.971483610570e-03 8.886056020856e-03 8.006502874196e-03 7.985539734364e-03 6.793322972953e-03
5.286332592368e-02 1.098722070456e-01 7.123950868845e-02 9.938623011112e-02 7.138825953007e-02 1.004291698337e-01 8.494955301285e-02 5.250220745802e-02 5.304226279259e-02 4.234714061022e-02 6.844709068537e-02 4.443994164467e-02 2.852407842875e-02 3.309064731002e-02 6.019848212600e-02 3.576707839966e-02 4.110927507281e-02 6.418231129646e-02 5.748361349106e-02 3.891406208277e-02 2.624534256756e-02 1.782192662358e-02 1.633528620005e-02 1.467489078641e-02 1.477300655097e-02 1.412026304752e-02 1.237542741001e-02 1.079254224896e-02 9.732593782246e-03 9.694796986878e-03 1.064241491258e-02 9.995725937188e-03 8.202954195440e-03 6.989090237767e-03 6.754541769624e-03 5.827177315950e-03 6.178957410157e-03 6.790384184569e-03 7.471908349544e-03 8.270298130810e-03 8.956247940660e-03 1.175397634506e-02 1.212824974209e-02
7.760884612799e-02 5.453934893012e-02 9.677049517632e-02 7.625557482243e-02 8.142872899771e-02 1.060530170798e-01 6.448664516211e-02 5.870462581515e-02 4.207747429609e-02 4.367142543197e-02 7.334941625595e-02 3.988032415509e-02 4.084634035826e-02 4.008418321609e-02 4.894465208054e-02 7.902032881975e-02 5.388280004263e-02 2.778280712664e-02 2.592777833343e-02 1.719254255295e-02 1.310987211764e-02 1.881239935756e-02 2.470720559359e-02 2.223535068333e-02 1.602949947119e-02 1.395641546696e-02 1.364330481738e-02 1.257645152509e-02 1.086029782891e-02 1.009350270033e-02 9.490095078945e-03 9.647893719375e-03 9.229365736246e-03 8.579595945776e-03 8.391267620027e-03 8.817641064525e-03 8.698562160134e-03 7.896392606199e-03 1.038306299597e-02 1.415914297104e-02 1.164309401065e-02 8.666807785630e-03 7.499160710722e-03
8.660910278559e-02 7.906119525433e-02 1.263348609209e-01 1.056379452348e-01 1.002335548401e-01 1.102995648980e-01 1.033747941256e-01 5.685437470675e-02 6.409161537886e-02 6.121837347746e-02 7.180781662464e-02 5.675563961267e-02 5.255506187677e-02 8.971812576056e-02 5.781967192888e-02 4.258570820093e-02 3.626453503966e-02 2.933780848980e-02 2.156820148230e-02 3.455648943782e-02 3.722880780697e-02 1.957371458411e-02 3.097521699965e-02 2.361286059022e-02 2.123907953501e-02 1.871896348894e-02 1.652320474386e-02 1.476828567684e-02 1.329645700753e-02 1.277353800833e-02 2.386659011245e-02 1.013390813023e-02 9.630382992327e-03 9.111084043980e-03 1.156901475042e-02 1.442378293723e-02 1.316089741886e-02 1.506296359003e-02 1.275580003858e-02 1.398679614067e-02 1.411180105060e-02 1.380163617432e-02 1.267286669463e-02
8.269736915827e-02 1.141114681959e-01 9.893039613962e-02 9.798198193312e-02 9.116698056459e-02 1.159151718020e-01 1.815714538097e-01 7.905623316765e-02 9.140483289957e-02 9.183681756258e-02 8.298934996128e-02 8.280096948147e-02 9.584660828114e-02 5.434256419539e-02 5.888028815389e-02 3.314596787095e-02 4.452760890126e-02 5.953733995557e-02 4.685020446777e-02 4.512777179480e-02 4.688225686550e-02 3.157774358988e-02 1.954076066613e-02 1.895749196410e-02 1.757140271366e-02 1.657311990857e-02 2.007482200861e-02 3.467462584376e-02 4.157585650682e-02 3.683643043041e-02 1.816413924098e-02 1.311780884862e-02 1.244475692511e-02 1.357655320317e-02 1.696228422225e-02 1.739961095154e-02 1.577042229474e-02 1.411396730691e-02 1.044841669500e-02 1.299808826298e-02 1.552916597575e-02 1.550112105906e-02 1.491005904973e-02
9.793759137392e-02 1.424441635609e-01 2.344729304314e-01 1.445716470480e-01 2.309383600950e-01 1.202074587345e-01 2.850557863712e-01 8.160098642111e-02 1.566441804171e-01 1.149002164602e-01 9.965126216412e-02 9.842252731323e-02 5.514761433005e-02 6.760654598475e-02 7.580652832985e-02 7.409080862999e-02 4.591548070312e-02 2.739381045103e-02 5.883557721972e-02 5.087194219232e-02 2.788030542433e-02 2.544142305851e-02 2.401636913419e-02 4.368678480387e-02 5.367353558540e-02 4.739074409008e-02 3.118228726089e-02 2.255073748529e-02 2.449145354331e-02 1.549295056611e-02 1.232751179487e-02 1.848587207496e-02 2.297959662974e-02 2.062596008182e-02 1.821155846119e-02 2.449445798993e-02 2.901574969292e-02 2.594542503357e-02 1.860417239368e-02 1.354125514627e-02 1.691996492445e-02 1.858298853040e-02 1.960076019168e-02
1.211008504033e-01 1.524132788181e-01 1.798260509968e-01 2.383036464453e-01 1.989247053862e-01 2.024799883366e-01 3.352406322956e-01 1.326803714037e-01 1.552775055170e-01 1.223550811410e-01 1.224483624101e-01 7.121945172548e-02 7.622559368610e-02 9.515993297100e-02 7.435452938080e-02 5.336865037680e-02 7.695074379444e-02 7.146273553371e-02 5.647891387343e-02 7.144574820995e-02 7.229012250900e-02 6.264337897301e-02 4.478389769793e-02 2.450366318226e-02 2.689685299993e-02 2.425114810467e-02 1.932374387980e-02 1.992088556290e-02 2.136991545558e-02 2.296001650393e-02 2.235401049256e-02 1.907729171216e-02 1.832371391356e-02 1.538387779146e-02 2.797582186759e-02 3.418038040400e-02 3.204331547022e-02 2.360178902745e-02 1.430031005293e-02 8.799476549029e-03 1.225472707301e-02 1.406902819872e-02 1.295217964798e-02
1.143832355738e-01 1.674156785011e-01 1.993669122458e-01 1.909683644772e-01 2.840414643288e-01 2.129035741091e-01 3.423253297806e-01 1.879064440727e-01 1.610979586840e-01 1.783525645733e-01 1.365844607353e-01 8.915124088526e-02 8.938164263964e-02 9.492582082748e-02 5.494171008468e-02 8.148784190416e-02 1.050885319710e-01 7.237616181374e-02 4.282900318503e-02 4.231436923146e-02 3.734682872891e-02 2.908261120319e-02 2.801058627665e-02 3.092806227505e-02 3.093249909580e-02 2.732080221176e-02 2.363171987236e-02 2.303329482675e-02 1.918246969581e-02 2.124377153814e-02 2.022713609040e-02 1.845153421164e-02 1.279560197145e-02 2.338786050677e-02 2.790108695626e-02 2.645201422274e-02 1.847756095231e-02 9.985134936869e-03 1.374404318631e-02 1.293141022325e-02 9.677679277956e-03 9.136754088104e-03 9.876042604446e-03
1.700266599655e-01 2.369113564491e-01 2.420999705791e-01 2.653458118439e-01 2.892010211945e-01 3.640027046204e-01 3.436241149902e-01 6.629733443260e-01 2.445117831230e-01 1.545346081257e-01 1.436693370342e-01 1.287720054388e-01 1.090807169676e-01 1.659667789936e-01 1.454819291830e-01 8.474364876747e-02 7.801559567451e-02 8.089671283960e-02 5.919610336423e-02 5.269081890583e-02 5.217321589589e-02 4.959975555539e-02 5.276878178120e-02 3.930726647377e-02 5.080284178257e-02 4.495156928897e-02 2.826744131744e-02 2.572914958000e-02 2.601556852460e-02 2.427050843835e-02 2.070901356637e-02 2.002126537263e-02 2.086061425507e-02 2.401083894074e-02 2.232316695154e-02 1.713336445391e-02 1.312701031566e-02 1.186769362539e-02 1.156419049948e-02 1.143569033593e-02 1.117663737386e-02 1.076413318515e-02 1.032540760934e-02
1.084531918168e-01 3.137410581112e-01 2.177679091692e-01 2.707915306091e-01 4.297658205032e-01 3.463480472565e-01 4.098540842533e-01 4.869567751884e-01 2.397165745497e-01 2.268933653831e-01 2.888859808445e-01 1.836974620819e-01 2.277434766293e-01 1.767924278975e-01 1.477727293968e-01 1.287228763103e-01 1.093063801527e-01 9.450294077396e-02 8.333935588598e-02 1.169673502445e-01 1.364959180355e-01 5.683050677180e-02 3.687961399555e-02 3.719076886773e-02 5.223793163896e-02 3.309817984700e-02 2.860715426505e-02 2.732628397644e-02 2.516074851155e-02 2.392969094217e-02 2.297043800354e-02 2.374657616019e-02 2.512230910361e-02 2.147686667740e-02 1.643838733435e-02 1.540437433869e-02 1.457973942161e-02 1.189070288092e-02 1.175986789167e-02 1.172995846719e-02 1.082435343415e-02 1.109027117491e-02 1.164690405130e-02
2.893182635307e-01 3.402568995953e-01 3.879226148129e-01 4.097473025322e-01 4.787685871124e-01 6.620027422905e-01 8.793617486954e-01 4.031371176243e-01 3.256078958511e-01 2.291129976511e-01 3.260325193405e-01 3.245712220669e-01 1.210733801126e-01 1.941049247980e-01 2.131117731333e-01 1.059825494885e-01 9.765885770321e-02 1.032483205199e-01 1.135983094573e-01 1.334457099438e-01 1.026778146625e-01 4.428566619754e-02 4.935567080975e-02 4.093113914132e-02 3.799066692591e-02 3.261009976268e-02 3.169101104140e-02 3.143970295787e-02 2.612390927970e-02 1.813756860793e-02 1.630138605833e-02 1.784761622548e-02 1.893359422684e-02 1.943995803595e-02 1.905456930399e-02 1.823493652046e-02 1.624681614339e-02 1.669277809560e-02 1.859349198639e-02 1.902759633958e-02 1.702603138983e-02 1.476794574410e-02 1.288156770170e-02
1.938320100307e-01 3.456986844540e-01 3.578067421913e-01 4.544071257114e-01 4.528603255749e-01 4.475340247154e-01 4.391130208969e-01 3.610467016697e-01 2.531827092171e-01 2.872228324413e-01 2.760063707829e-01 2.895058989525e-01 3.505584299564e-01 1.529877334833e-01 1.306388676167e-01 8.116731792688e-02 7.355786114931e-02 5.193907395005e-02 4.797595366836e-02 4.081320017576e-02 3.517324104905e-02 3.981507197022e-02 4.903762787580e-02 5.637856945395e-02 5.764110758901e-02 5.050165206194e-02 4.011577367783e-02 2.776906825602e-02 1.927351579070e-02 1.588877849281e-02 1.308900117874e-02 1.470497995615e-02 1.909137703478e-02 1.271214988083e-02 1.444781385362e-02 1.577581837773e-02 1.259943749756e-02 1.544779725373e-02 1.824723370373e-02 1.932396180928e-02 2.191474288702e-02 2.750958502293e-02 3.121346607804e-02
7.621992379427e-02 1.034756749868e-01 1.646988838911e-01 7.791383266449e-01 4.261836409569e-01 4.074058830738e-01 2.282323241234e-01 2.345127612352e-01 2.170921415091e-01 3.445866405964e-01 3.219283521175e-01 4.573959112167e-01 6.606081724167e-01 4.835631549358e-01 3.141506910324e-01 1.443744450808e-01 6.781561672688e-02 4.825710132718e-02 4.413340613246e-02 5.930165201426e-02 7.718526571989e-02 7.143664360046e-02 5.268780514598e-02 3.383846953511e-02 3.723675385118e-02 3.516647964716e-02 4.998089000583e-02 7.438434660435e-02 3.447193279862e-02 1.830369420350e-02 1.696578785777e-02 2.784286253154e-02 1.811445876956e-02 1.133881323040e-02 1.003816165030e-02 1.038137730211e-02 1.046234369278e-02 1.076328009367e-02 1.095164380968e-02 1.093940623105e-02 1.095224916935e-02 1.211575232446e-02 1.057198923081e-02
1.386454887688e-02 3.422784432769e-02 8.260680735111e-02 1.101838946342e-01 1.127577498555e-01 1.103495210409e-01 8.587313443422e-02 1.179765537381e-01 1.166875436902e-01 1.875548809767e-01 3.802965581417e-01 4.295985996723e-01 5.901161432266e-01 3.388637304306e-01 2.425142675638e-01 1.369287371635e-01 6.242670863867e-02 3.270841017365e-02 3.494603559375e-02 7.620616257191e-02 2.424590736628e-01 1.013278365135e-01 8.659718185663e-02 6.505651026964e-02 6.625836342573e-02 5.686217918992e-02 6.073472648859e-02 4.253055155277e-02 2.127399295568e-02 2.804147638381e-02 2.366438135505e-02 2.375698834658e-02 1.451864559203e-02 1.317421160638e-02 9.192687459290e-03 8.352812379599e-03 8.655639365315e-03 8.647731505334e-03 9.338386356831e-03 8.662791922688e-03 1.127321925014e-02 1.323813758790e-02 1.280155498534e-02
9.550199843943e-03 1.780376769602e-02 5.165319144726e-02 3.041533567011e-02 2.682140097022e-02 2.195584774017e-02 3.340704739094e-02 5.494376644492e-02 5.741029232740e-02 6.093482673168e-02 1.729292422533e-01 8.433278203011e-01 6.754880547523e-01 3.028840124607e-01 1.402624845505e-01 4.033828526735e-02 2.411289326847e-02 1.583368144929e-02 1.964851468801e-02 5.055418238044e-02 1.158342733979e-01 2.015236616135e-01 1.007751002908e-01 7.662753015757e-02 6.043418124318e-02 4.533541947603e-02 4.790261015296e-02 4.486924782395e-02 3.935882076621e-02 3.548271954060e-02 4.318007081747e-02 1.855111122131e-02 1.714432239532e-02 1.386743411422e-02 1.418208237737e-02 1.322192512453e-02 1.109593175352e-02 9.410300292075e-03 1.080087106675e-02 1.246425788850e-02 1.459706667811e-02 1.436716597527e-02 1.225169003010e-02
6.429209373891e-03 2.652349509299e-02 6.206270307302e-02 4.756658896804e-02 1.139702089131e-02 1.337403431535e-02 1.281217951328e-02 2.586960047483e-02 2.823355235159e-02 5.117005482316e-02 9.238834679127e-02 2.326173782349e-01 4.942772686481e-01 3.399573862553e-01 4.593063592911e-01 1.106781139970e-01 1.369451358914e-02 8.597979322076e-03 1.356450468302e-02 4.545963928103e-02 1.365358829498e-01 2.147954553366e-01 1.635769158602e-01 1.112397685647e-01 7.727792114019e-02 4.864808544517e-02 5.528333410621e-02 4.087615758181e-02 3.957263380289e-02 3.936857730150e-02 3.268558159471e-02 2.605880796909e-02 1.834894344211e-02 1.956492476165e-02 1.765002496541e-02 1.395639870316e-02 1.239913515747e-02 1.149964891374e-02 1.071138214320e-02 1.250434946269e-02 1.371388603002e-02 1.333328615874e-02 1.181171275675e-02
5.504435393959e-03 1.353416778147e-02 9.178688377142e-02 1.109119132161e-01 5.832973867655e-02 8.995002135634e-03 6.846695207059e-03 1.285352744162e-02 1.284672599286e-02 1.053312327713e-02 8.897731080651e-03 3.732989355922e-02 1.675805300474e-01 9.773899614811e-02 5.574297308922e-01 6.808776408434e-02 3.828465193510e-02 1.453945785761e-02 1.205901615322e-02 3.905630111694e-02 7.633200287819e-02 6.772359013557e-01 2.105838954449e-01 9.141714125872e-02 9.237355738878e-02 4.884391278028e-02 5.241789296269e-02 4.437071457505e-02 6.358514726162e-02 4.879455640912e-02 2.796941809356e-02 2.784927003086e-02 2.594257146120e-02 2.469636872411e-02 2.424084022641e-02 1.932350918651e-02 1.917739957571e-02 2.120198309422e-02 1.369314827025e-02 1.050909981132e-02 1.036323327571e-02 1.023417245597e-02 1.173528283834e-02
3.534841118380e-03 6.076222751290e-03 7.613030262291e-03 4.324369132519e-02 2.674371376634e-02 6.398334167898e-03 5.446342285722e-03 6.382705178112e-03 5.984647665173e-03 5.748822819442e-03 4.168682266027e-03 4.657044541091e-03 1.422278769314e-02 9.006073325872e-02 2.547710835934e-01 6.211512908340e-02 5.189438909292e-02 2.428404241800e-02 1.421882119030e-02 2.791196852922e-02 3.280419856310e-02 4.457637667656e-02 4.100409895182e-02 3.107037954032e-02 4.523376747966e-02 7.533895969391e-02 6.582141667604e-02 6.560973078012e-02 4.242410883307e-02 5.511526018381e-02 5.750015750527e-02 5.009508132935e-02 3.057456016541e-02 2.546857856214e-02 2.439273148775e-02 2.129156328738e-02 1.819393783808e-02 1.856588385999e-02 1.800154708326e-02 1.191625650972e-02 9.820444509387e-03 1.011213194579e-02 1.081625465304e-02
3.873854409903e-03 6.173099856824e-03 4.062977153808e-03 4.602984525263e-03 4.685389343649e-03 5.489712115377e-03 5.032607354224e-03 4.716290161014e-03 4.362377338111e-03 3.312181448564e-03 2.341568470001e-03 1.970656448975e-03 3.284784732386e-03 9.258026629686e-02 1.433849185705e-01 1.520855426788e-01 4.247149825096e-02 4.604498296976e-02 4.052530974150e-02 1.630109734833e-02 1.767316460609e-02 3.317977860570e-02 9.058487415314e-02 8.641078323126e-02 1.125672683120e-01 1.131603643298e-01 1.059549972415e-01 9.997675567865e-02 9.457459300756e-02 9.005993604660e-02 9.574902057648e-02 1.172316893935e-01 1.001962050796e-01 4.095389321446e-02 1.665057614446e-02 1.965093985200e-02 2.151025831699e-02 1.485882420093e-02 1.477101165801e-02 1.044008601457e-02 1.032506674528e-02 7.530229166150e-03 8.557566441596e-03
