VariationalSeries/SI/f99_max.grd
DSAA
101	101
32.816463539100	34.260883539100
35.556306596100	36.727886596100
5.240435712039e-06	8.793617486954e-01
[rows 57 to 75 of 101, columns 0 to 42 of 101]
2.911010233220e-04 4.781658353750e-04 5.197701975703e-04 5.204118788242e-04 5.478398525156e-04 6.701025995426e-04 7.503443630412e-04 8.227768121287e-04 8.905365248211e-04 9.102848707698e-04 8.802084485069e-04 1.233363873325e-03 2.113035414368e-03 1.155281905085e-03 8.383091189899e-04 1.263764337637e-03 1.132289646193e-03 1.275376649573e-03 1.542337588035e-03 1.600740128197e-03 1.651047030464e-03 1.236701617017e-03 8.605078328401e-04 7.572689210065e-04 8.216416463256e-04 1.137820538133e-03 1.816536067054e-03 2.251618774608e-03 1.752716605552e-03 1.026353798807e-03 8.045784779824e-04 6.342553533614e-04 6.646008696407e-04 8.003479451872e-04 9.461662848480e-04 1.215811469592e-03 1.402204623446e-03 1.508608227596e-03 2.488012891263e-03 3.269635373726e-03 2.809514524415e-03 2.495262073353e-03 2.795773325488e-03
3.683031245600e-04 6.028658244759e-04 6.886163610034e-04 6.989903631620e-04 6.915681296960e-04 6.728836451657e-04 6.713563925587e-04 7.033955771476e-04 7.330054650083e-04 1.191087183543e-03 3.864335361868e-03 4.475316964090e-03 1.672321930528e-03 8.667926886119e-04 8.706841617823e-04 8.097995887510e-04 8.764860103838e-04 8.727405802347e-04 1.000948832370e-03 1.269035274163e-03 1.535974675789e-03 1.642048708163e-03 1.149006653577e-03 7.234406657517e-04 8.333351579495e-04 1.270769978873e-03 1.917664310895e-03 2.053589327261e-03 2.084601437673e-03 1.326825586148e-03 7.984946132638e-04 7.258869009092e-04 6.945781642571e-04 8.329210686497e-04 9.838239056990e-04 1.018852461129e-03 1.047065248713e-03 1.090163597837e-03 1.100443303585e-03 1.187721965834e-03 1.435700338334e-03 1.966533949599e-03 2.266550902277e-03
4.924422828481e-04 8.096002275124e-04 9.366325102746e-04 1.334432861768e-03 1.711059827358e-03 2.169851213694e-03 2.854323247448e-03 4.164635669440e-03 7.649476174265e-03 1.080984249711e-02 7.192258257419e-03 1.830772613175e-03 1.241577789187e-03 1.086748787202e-03 7.908075349405e-04 8.270134567283e-04 8.737423340790e-04 8.592109079473e-04 8.238040027209e-04 8.791554719210e-04 1.482574734837e-03 1.681166351773e-03 1.193104428239e-03 6.867287447676e-04 5.389868165366e-04 8.307551033795e-04 1.177371712402e-03 1.217160257511e-03 1.270028878935e-03 1.034284709021e-03 7.220152765512e-04 7.581753307022e-04 7.183982525021e-04 8.065868751146e-04 9.735068306327e-04 1.009143306874e-03 9.614877635613e-04 8.811613661237e-04 8.131666108966e-04 9.103894117288e-04 1.162724918686e-03 1.488593872637e-03 1.972353085876e-03
4.812658880837e-04 8.729012333788e-04 1.517090597190e-03 2.161456737667e-03 2.731574699283e-03 3.614290617406e-03 5.257437471300e-03 7.854511030018e-03 7.898880168796e-03 3.655679523945e-03 8.872143225744e-04 1.034465502016e-03 1.124826259911e-03 9.994014399126e-04 8.924280991778e-04 9.366029989906e-04 9.379977709614e-04 8.995153475553e-04 7.039090269245e-04 6.876589613967e-04 1.067968434654e-03 1.192160998471e-03 8.853567414917e-04 5.544570158236e-04 4.264028684702e-04 4.608407616615e-04 6.179932388477e-04 7.644893485121e-04 8.942357380874e-04 7.760046864860e-04 7.101397495717e-04 6.626826943830e-04 7.076328038238e-04 7.839429308660e-04 9.406168828718e-04 9.642188088037e-04 8.725969237275e-04 7.466535898857e-04 6.875788094476e-04 7.641451084055e-04 1.123680616729e-03 1.409573014826e-03 1.805116306059e-03
2.917784149759e-04 5.086379824206e-04 6.217634072527e-04 6.544623174705e-04 6.556879379787e-04 6.528830272146e-04 6.472301902249e-04 6.334314239211e-04 6.214520544745e-04 6.079417071305e-04 5.705456715077e-04 6.021499866620e-04 6.552932900377e-04 8.384193060920e-04 9.427272016183e-04 9.843433508649e-04 9.469153010286e-04 8.398018544540e-04 6.202463991940e-04 4.966074484400e-04 5.977320251986e-04 6.206388934515e-04 4.899722407572e-04 3.635217726696e-04 3.203409723938e-04 3.490681701805e-04 4.483678785618e-04 5.392879247665e-04 6.448179483414e-04 6.945183267817e-04 6.575747975148e-04 5.878064548597e-04 6.799645489082e-04 8.231849060394e-04 9.822932770476e-04 9.504997869954e-04 7.894379668869e-04 6.265278207138e-04 6.966704386286e-04 7.798988372087e-04 1.154756289907e-03 1.434057368897e-03 1.700464170426e-03
1.372080005240e-04 2.557568077464e-04 3.316721122246e-04 3.663153911475e-04 3.798106627073e-04 3.909139486495e-04 4.015181038994e-04 4.093499446753e-04 4.216502420604e-04 4.339882871136e-04 4.253403749317e-04 3.998854663223e-04 4.056878970005e-04 5.385049153119e-04 6.333648343571e-04 6.665507680736e-04 6.062195752747e-04 5.392353632487e-04 4.554103652481e-04 3.881672746502e-04 3.184800734743e-04 2.974296803586e-04 2.456461079419e-04 2.720611810219e-04 3.209084097762e-04 3.375240485184e-04 3.716187202372e-04 4.478693299461e-04 5.457352381200e-04 5.973175866529e-04 5.887740990147e-04 5.561760626733e-04 6.787092424929e-04 9.112721891142e-04 1.058764639311e-03 9.558451711200e-04 7.167814183049e-04 6.180961499922e-04 7.138409418985e-04 8.336112950929e-04 1.119625638239e-03 1.269728410989e-03 1.464740489610e-03
9.420987771591e-05 1.586943981238e-04 1.970818120753e-04 2.249527024105e-04 2.420396194793e-04 2.569830103312e-04 2.713079447858e-04 2.833025064319e-04 2.977027615998e-04 3.124462382402e-04 3.144291404169e-04 3.043380856980e-04 2.927829045802e-04 2.824245311785e-04 2.842217800207e-04 3.223653475288e-04 3.399742709007e-04 3.353970241733e-04 3.078527806792e-04 2.942371356767e-04 2.544079616200e-04 2.387204731349e-04 2.093817602145e-04 2.769845596049e-04 3.414303355385e-04 3.740570100490e-04 3.720504755620e-04 3.695604100358e-04 4.507537523750e-04 5.015438655391e-04 5.138784181327e-04 5.109632620588e-04 6.887459894642e-04 9.635780588724e-04 1.063150819391e-03 8.874706109054e-04 6.271064630710e-04 6.211399449967e-04 7.460441556759e-04 8.374922326766e-04 9.703967371024e-04 1.116933766752e-03 1.146893249825e-03
7.620007818332e-05 1.298092538491e-04 1.636446977500e-04 1.799907477107e-04 1.916632318171e-04 2.015601930907e-04 2.088340115733e-04 2.102265425492e-04 2.180211595260e-04 2.264926151838e-04 2.283077337779e-04 2.245092036901e-04 2.207268116763e-04 2.157059352612e-04 2.234531857539e-04 2.567558549345e-04 2.729204716161e-04 2.693174465094e-04 2.490903425496e-04 2.319487102795e-04 2.470482722856e-04 2.399030927336e-04 2.079991973005e-04 2.764523378573e-04 3.487758804113e-04 3.930464736186e-04 3.983727947343e-04 3.859717107844e-04 3.968739474658e-04 4.351176903583e-04 4.532870952971e-04 4.758523718920e-04 6.847404292785e-04 9.421446593478e-04 9.700930095278e-04 7.630378822796e-04 5.833585746586e-04 6.408298504539e-04 7.808423251845e-04 8.244349737652e-04 8.598391432315e-04 9.299419471063e-04 8.537810645066e-04
7.344732875936e-05 1.176696678158e-04 1.492701994721e-04 1.638230896788e-04 1.700674765743e-04 1.754582335707e-04 1.773855619831e-04 1.741992164170e-04 1.750322408043e-04 1.772863033693e-04 1.781079336070e-04 1.849052932812e-04 1.902807853185e-04 1.946483243955e-04 1.998453371925e-04 2.084482111968e-04 2.228840457974e-04 2.252202393720e-04 2.274087601108e-04 2.194666449213e-04 2.268491662107e-04 2.371318842052e-04 2.105218154611e-04 2.618563303258e-04 3.308305749670e-04 3.767722810153e-04 3.848905907944e-04 3.781492123380e-04 3.991002158727e-04 4.107786517125e-04 4.185853176750e-04 4.447686078493e-04 6.419796263799e-04 8.453871705569e-04 8.211969397962e-04 6.551737315021e-04 5.702130729333e-04 6.866977200843e-04 7.901166100055e-04 7.706938195042e-04 7.477944018319e-04 7.538784411736e-04 6.941439351067e-04
6.878103886265e-05 1.091981685022e-04 1.370160316583e-04 1.493301533628e-04 1.545843551867e-04 1.584810524946e-04 1.589150779182e-04 1.554537739139e-04 1.547584834043e-04 1.664283336140e-04 1.764878543327e-04 1.855632144725e-04 1.935940672411e-04 2.003459230764e-04 2.064767468255e-04 2.124202292180e-04 2.168158534914e-04 2.175192348659e-04 2.132201188942e-04 2.086075837724e-04 2.090527996188e-04 2.287440584041e-04 2.162385062547e-04 2.375402837060e-04 2.959646808449e-04 3.365857701283e-04 3.908989019692e-04 4.268799093552e-04 4.286192997824e-04 4.148173611611e-04 4.056236066390e-04 4.130788147449e-04 5.640175659209e-04 7.040454656817e-04 6.742122350261e-04 5.838967044838e-04 6.156011950225e-04 6.985018262640e-04 7.469627307728e-04 6.772248307243e-04 6.263409159146e-04 5.951367202215e-04 5.938103422523e-04
6.342068809317e-05 1.005173617159e-04 1.259180135094e-04 1.376669388264e-04 1.426211820217e-04 1.447632239433e-04 1.436985476175e-04 1.423419598723e-04 1.450725831091e-04 1.575140195200e-04 1.687301701168e-04 1.792495168047e-04 1.889159029815e-04 1.970193989109e-04 2.033085766016e-04 2.074044314213e-04 2.079437108478e-04 2.260207547806e-04 2.307432296220e-04 2.140786673408e-04 1.955005573109e-04 2.098106197082e-04 2.141193835996e-04 2.134831593139e-04 2.603905450087e-04 2.940487756860e-04 3.565574006643e-04 4.144204722252e-04 4.281558503862e-04 4.141581011936e-04 3.973884449806e-04 3.919218725059e-04 4.501013027038e-04 5.460864631459e-04 5.359422066249e-04 4.952146555297e-04 5.323271034285e-04 5.918485112488e-04 6.121501210146e-04 5.324788508005e-04 4.908040282317e-04 4.550668527372e-04 4.480372299440e-04
5.890203829040e-05 9.350787877338e-05 1.176116420538e-04 1.293075474678e-04 1.335824053967e-04 1.338470465271e-04 1.317087298958e-04 1.316988200415e-04 1.368679368170e-04 1.421143533662e-04 1.533998583909e-04 1.643077703193e-04 1.744100300130e-04 1.829229440773e-04 1.890905259643e-04 1.976531930268e-04 2.173387329094e-04 2.446199650876e-04 2.566589391790e-04 2.496610977687e-04 2.284645597683e-04 2.031728217844e-04 2.085769665428e-04 2.112449292326e-04 2.319471968804e-04 2.589505747892e-04 2.668452798389e-04 3.225077525713e-04 3.649786231108e-04 3.779393446166e-04 3.734298807103e-04 3.780214174185e-04 3.897774731740e-04 4.037331091240e-04 3.976579755545e-04 3.845293249469e-04 4.096656921320e-04 4.736794508062e-04 5.046419682913e-04 4.152450128458e-04 3.715325728990e-04 3.317960072309e-04 3.648657584563e-04
5.562662772718e-05 8.856819476932e-05 1.118344080169e-04 1.229171466548e-04 1.258592965314e-04 1.248431217391e-04 1.226847671205e-04 1.222085993504e-04 1.259065466002e-04 1.312358363066e-04 1.333337277174e-04 1.439191692043e-04 1.536557247164e-04 1.620064140297e-04 1.697879342828e-04 1.889886625577e-04 2.209347876487e-04 2.520726120565e-04 2.731665153988e-04 2.794920001179e-04 2.717892639339e-04 2.555273240432e-04 2.359385980526e-04 2.179099974455e-04 2.100194396917e-04 2.322765358258e-04 2.364891261095e-04 2.265349758090e-04 2.772284788080e-04 3.182132204529e-04 3.453107492533e-04 3.653490566649e-04 3.776122757699e-04 3.663504612632e-04 3.284216800239e-04 3.209782007616e-04 3.608040278777e-04 4.491768777370e-04 5.211315583438e-04 4.685794119723e-04 3.451477678027e-04 3.087488876190e-04 3.509949601721e-04
5.442840847536e-05 8.652261021780e-05 1.088414792321e-04 1.186169174616e-04 1.201423146995e-04 1.184333596029e-04 1.176612277050e-04 1.192366471514e-04 1.185728615383e-04 1.197929668706e-04 1.220599806402e-04 1.349041558569e-04 1.483952073613e-04 1.623889838811e-04 1.747651549522e-04 1.930977159645e-04 2.245248761028e-04 2.563481393736e-04 2.849681186490e-04 3.026772174053e-04 3.056733694393e-04 2.980476710945e-04 2.850973687600e-04 2.718921750784e-04 2.641421451699e-04 2.591730735730e-04 2.496861270629e-04 2.354700700380e-04 2.744504308794e-04 3.079391026404e-04 3.329721803311e-04 3.558247117326e-04 3.679544024635e-04 3.437445266172e-04 3.275836934336e-04 3.336896770634e-04 3.634111490101e-04 4.338251601439e-04 5.016621435061e-04 4.554395272862e-04 3.520349564496e-04 3.073639236391e-04 3.496991994325e-04
5.532641080208e-05 8.749104017625e-05 1.090704390663e-04 1.176175210276e-04 1.180988620035e-04 1.157010483439e-04 1.158211307484e-04 1.157111983048e-04 1.182514897664e-04 1.188889000332e-04 1.263819576707e-04 1.390941906720e-04 1.515250623925e-04 1.633593346924e-04 1.729227660690e-04 1.986488932744e-04 2.342145162402e-04 2.678399614524e-04 3.003320889547e-04 3.238895151298e-04 3.315536596347e-04 3.265845589340e-04 3.144291986246e-04 2.993224479724e-04 2.868993324228e-04 2.746181562543e-04 2.540893910918e-04 2.341962681385e-04 2.688374079298e-04 2.979970595334e-04 3.230373549741e-04 3.471882082522e-04 3.552374255378e-04 3.264905826654e-04 3.320718242321e-04 3.428545023780e-04 3.715122293215e-04 4.203695571050e-04 4.530445730779e-04 3.986626106780e-04 3.286281717010e-04 2.853077312466e-04 3.244295949116e-04
5.673935811501e-05 8.944801811595e-05 1.106817362597e-04 1.185024884762e-04 1.183720014524e-04 1.171321127913e-04 1.220910780830e-04 1.255525421584e-04 1.275234826608e-04 1.278354029637e-04 1.267209299840e-04 1.336734858342e-04 1.483348751208e-04 1.659711851971e-04 1.716674451018e-04 1.945251133293e-04 2.395090123173e-04 2.783020609058e-04 3.090568934567e-04 3.284349513706e-04 3.327432787046e-04 3.237833734602e-04 3.070080420002e-04 2.873303310480e-04 2.688726817723e-04 2.503110154066e-04 2.241258916911e-04 2.339329221286e-04 2.636908320710e-04 2.899586979765e-04 3.138738975395e-04 3.338335372973e-04 3.339783288538e-04 3.083028423134e-04 3.362966235727e-04 4.189658211544e-04 3.960361937061e-04 4.191179177724e-04 4.034214362036e-04 3.421747533139e-04 2.972389629576e-04 2.594826801214e-04 2.943296858575e-04
5.593235619017e-05 8.788904233370e-05 1.081126829376e-04 1.153300690930e-04 1.151516189566e-04 1.175820434582e-04 1.207815657835e-04 1.223445578944e-04 1.227534958161e-04 1.220287667820e-04 1.227364991792e-04 1.377956796205e-04 1.603857526788e-04 1.796393917175e-04 1.853902067523e-04 1.813470880734e-04 2.288893592777e-04 2.685225335881e-04 2.908705209848e-04 2.987702027895e-04 2.946296008304e-04 2.786576515064e-04 2.573640667833e-04 2.388779685134e-04 2.238848246634e-04 2.077844837913e-04 2.096328971675e-04 2.320068306290e-04 2.583086024970e-04 2.819185319822e-04 3.025101614185e-04 3.139330947306e-04 3.051873063669e-04 2.955963136628e-04 3.508866357151e-04 3.748005256057e-04 3.845444007311e-04 4.209736653138e-04 4.079018253833e-04 3.342462296132e-04 2.879418025259e-04 2.646547218319e-04 2.857172221411e-04
5.121457070345e-05 7.996132626431e-05 9.777615196072e-05 1.040455608745e-04 1.109142176574e-04 1.157188307843e-04 1.136362843681e-04 1.077542765415e-04 1.064974858309e-04 1.144179041148e-04 1.249899360118e-04 1.445479574613e-04 1.709051284706e-04 1.908511330839e-04 1.964217080968e-04 1.931233709911e-04 2.094908850268e-04 2.431872562738e-04 2.557835832704e-04 2.530070196372e-04 2.404573897365e-04 2.182001335314e-04 2.100590936607e-04 2.488293976057e-04 2.524622541387e-04 2.421447570669e-04 2.373181196162e-04 2.382896345807e-04 2.511350030545e-04 2.716776216403e-04 2.860192907974e-04 2.864747075364e-04 2.690077235457e-04 2.729445695877e-04 3.199081402272e-04 4.546751442831e-04 3.905899066012e-04 5.475409561768e-04 4.859201726504e-04 4.087874549441e-04 3.465442860033e-04 2.853188780136e-04 3.217342309654e-04
5.323542063707e-05 7.846999506000e-05 9.629471605876e-05 1.113072794396e-04 1.226167369168e-04 1.252829533769e-04 1.216498421854e-04 1.148136943812e-04 1.068501806003e-04 1.154600176960e-04 1.280190917896e-04 1.517169002909e-04 1.808651868487e-04 2.011711912928e-04 2.066535234917e-04 2.034012431977e-04 1.922963565448e-04 2.214553096564e-04 2.299594052602e-04 2.425178972771e-04 3.291424363852e-04 3.016061382368e-04 2.280566113768e-04 2.595107653178e-04 2.520508132875e-04 2.323074149899e-04 2.207140787505e-04 2.214366104454e-04 2.425257553114e-04 2.583677123766e-04 2.638722071424e-04 2.535304520279e-04 2.304590161657e-04 2.451438049320e-04 2.717958122957e-04 4.040110507049e-04 5.062762647867e-04 7.947778212838e-04 7.351750391535e-04 4.840737383347e-04 3.686518757604e-04 3.395366657060e-04 4.171531181782e-04
