VariationalSeries/SI/f99_max.grd
DSAA
101	101
32.816463539100	34.260883539100
35.556306596100	36.727886596100
5.240435712039e-06	8.793617486954e-01
[rows 19 to 37 of 101, columns 43 to 85 of 101]
8.512279018760e-03 1.052652392536e-02 1.368714030832e-02 1.395130250603e-02 9.058329276741e-03 1.397429872304e-02 7.021522615105e-03 7.396602537483e-03 7.916864007711e-03 8.030066266656e-03 7.328923791647e-03 1.085854694247e-02 1.308714598417e-02 1.305098645389e-02 8.664209395647e-03 1.058125961572e-02 1.393338665366e-02 1.305585540831e-02 7.205117959529e-03 1.161923073232e-02 5.330995656550e-03 7.496778853238e-03 1.005767844617e-02 4.966669250280e-03 4.944582004100e-03 5.756910890341e-03 4.755341447890e-03 6.060761399567e-03 5.622396711260e-03 4.452756606042e-03 4.799688234925e-03 6.533537991345e-03 7.376020774245e-03 5.712364334613e-03 5.151086952537e-03 4.137036390603e-03 2.842098241672e-03 3.169865347445e-03 3.504936117679e-03 2.918079262599e-03 2.678866963834e-03 2.375932876021e-03 2.583217574283e-03
7.655192632228e-03 1.031369250268e-02 1.462768018246e-02 1.687175966799e-02 1.221746299416e-02 1.235712319613e-02 7.225520908833e-03 7.838809862733e-03 6.864123977721e-03 8.595908060670e-03 8.994596078992e-03 1.015944313258e-02 1.401412952691e-02 1.388939563185e-02 1.067439652979e-02 1.149796973914e-02 1.361121144146e-02 1.475815940648e-02 8.505898527801e-03 1.123904623091e-02 6.095096003264e-03 1.136078778654e-02 1.413362473249e-02 6.531939841807e-03 5.769572220743e-03 5.894326139241e-03 5.921359639615e-03 6.269504781812e-03 4.884568043053e-03 4.738889634609e-03 6.599743384868e-03 8.618318475783e-03 7.696561515331e-03 6.193693261594e-03 5.025713704526e-03 4.142636898905e-03 3.016154048964e-03 3.706234972924e-03 2.870284253731e-03 2.410922897980e-03 2.570844022557e-03 2.266212133691e-03 2.360675251111e-03
8.254271931946e-03 1.176638901234e-02 1.350767724216e-02 1.766090653837e-02 1.505377981812e-02 1.057551242411e-02 7.239083759487e-03 8.308057673275e-03 6.573103833944e-03 8.045291528106e-03 8.485255762935e-03 9.689034894109e-03 1.332064066082e-02 1.510555855930e-02 1.287634670734e-02 1.228807028383e-02 1.304373890162e-02 1.613621041179e-02 9.701360017061e-03 1.041742041707e-02 6.853465922177e-03 1.407981943339e-02 1.547974534333e-02 7.346300873905e-03 5.636626388878e-03 6.917753256857e-03 6.684799678624e-03 5.423832684755e-03 4.567592404783e-03 6.566809955984e-03 9.202773682773e-03 8.921258151531e-03 6.025668699294e-03 7.066989783198e-03 4.981258418411e-03 3.814100055024e-03 3.589987521991e-03 3.811282105744e-03 3.135103266686e-03 2.441328950226e-03 2.402077196166e-03 1.780268154107e-03 1.758361817338e-03
7.883179932833e-03 1.109126396477e-02 1.145505253226e-02 1.685992814600e-02 1.666052080691e-02 1.103310193866e-02 9.590453468263e-03 8.803553879261e-03 6.475524976850e-03 7.048022001982e-03 8.275923319161e-03 9.822819381952e-03 1.105682644993e-02 1.594184711576e-02 1.434817630798e-02 1.196796074510e-02 1.206645276397e-02 1.731438934803e-02 1.068928278983e-02 9.337720461190e-03 7.609042804688e-03 1.398830674589e-02 1.349556446075e-02 6.456009112298e-03 6.066405214369e-03 7.288516964763e-03 6.067450623959e-03 4.891589283943e-03 6.913059856743e-03 9.739232249558e-03 9.573196992278e-03 6.649422924966e-03 5.085038486868e-03 7.344481535256e-03 3.582491772249e-03 3.571742912754e-03 4.431955982000e-03 3.344779834151e-03 3.596079535782e-03 2.296304563060e-03 2.561209723353e-03 2.138948533684e-03 1.930240308866e-03
6.411220878363e-03 7.684974931180e-03 1.186591852456e-02 1.493381056935e-02 1.679141074419e-02 1.116970553994e-02 1.193098351359e-02 1.001208648086e-02 7.027345709503e-03 6.012297701091e-03 8.625661022961e-03 9.590031579137e-03 1.142055168748e-02 1.712828874588e-02 1.453714538366e-02 1.126117445529e-02 1.086485292763e-02 1.803993433714e-02 1.140707451850e-02 1.120048481971e-02 8.880700916052e-03 1.150524988770e-02 1.006992720068e-02 5.981841124594e-03 7.590761408210e-03 7.050442509353e-03 5.126914940774e-03 7.375794928521e-03 1.055959146470e-02 1.025982107967e-02 6.963658612221e-03 4.131355322897e-03 5.511488765478e-03 6.891488097608e-03 3.708754433319e-03 3.831590292975e-03 4.670800641179e-03 3.500936785713e-03 3.945723176003e-03 2.395393094048e-03 2.433629473671e-03 2.014536643401e-03 2.048325026408e-03
8.335758000612e-03 8.264225907624e-03 1.340152602643e-02 1.263065449893e-02 1.596564054489e-02 1.247454527766e-02 1.143743935972e-02 1.267284620553e-02 1.101617142558e-02 8.419921621680e-03 9.178301319480e-03 9.058478288352e-03 1.245850976557e-02 1.832903921604e-02 1.306213531643e-02 1.080409623682e-02 9.263953194022e-03 1.845823973417e-02 1.430544629693e-02 1.237722579390e-02 1.050914172083e-02 1.116774417460e-02 6.756660062820e-03 7.325416430831e-03 7.793176453561e-03 5.246111657470e-03 8.011153899133e-03 1.139234844595e-02 1.084224600345e-02 7.264052983373e-03 3.889878978953e-03 3.110656281933e-03 7.374314591289e-03 5.762265995145e-03 3.528766799718e-03 4.970119800419e-03 4.288954660296e-03 3.528434084728e-03 4.192015621811e-03 2.965761348605e-03 2.124723745510e-03 2.023804467171e-03 1.777919474989e-03
1.309549622238e-02 8.112075738609e-03 8.069076575339e-03 1.388028170913e-02 1.471813861281e-02 1.318007800728e-02 1.017018035054e-02 1.160013396293e-02 1.319179218262e-02 1.295977737755e-02 1.104660704732e-02 1.363716088235e-02 1.354903448373e-02 1.906092837453e-02 1.131009031087e-02 9.835830889642e-03 1.289991196245e-02 1.860193721950e-02 1.619231142104e-02 1.187162566930e-02 1.133399270475e-02 1.204864215106e-02 7.586248219013e-03 7.982652634382e-03 6.490663625300e-03 8.387737907469e-03 1.241144258529e-02 1.162547338754e-02 7.560598663986e-03 4.975019022822e-03 6.995332427323e-03 4.334643483162e-03 8.607151918113e-03 5.036840215325e-03 4.132784437388e-03 5.316823720932e-03 5.157610867172e-03 3.622583579272e-03 4.327862523496e-03 3.274470567703e-03 1.964336959645e-03 1.899309223518e-03 2.200774149969e-03
1.751417480409e-02 8.344930596650e-03 8.147129788995e-03 1.279364712536e-02 1.326754689217e-02 1.350209303200e-02 1.097687426955e-02 1.124598085880e-02 1.097478438169e-02 1.421363465488e-02 1.550780422986e-02 1.381973177195e-02 1.464203838259e-02 1.932474225760e-02 9.823470376432e-03 1.512116100639e-02 1.809685118496e-02 1.863972842693e-02 1.573852263391e-02 9.410259313881e-03 1.077263150364e-02 1.104282308370e-02 7.665848825127e-03 6.595142185688e-03 8.458537049592e-03 1.320667285472e-02 1.273644436151e-02 7.973702624440e-03 7.045123260468e-03 9.742900729179e-03 8.843814022839e-03 8.027357980609e-03 8.388196118176e-03 5.634078755975e-03 5.322509910911e-03 4.406947642565e-03 5.622622556984e-03 3.834441769868e-03 4.343748092651e-03 3.255536314100e-03 2.093794522807e-03 2.410833258182e-03 3.109467215836e-03
1.912528090179e-02 8.574882522225e-03 9.858745150268e-03 8.494615554810e-03 1.448743138462e-02 1.365709397942e-02 1.167536899447e-02 1.195234805346e-02 1.120335888118e-02 1.424273755401e-02 1.495960261673e-02 1.303513720632e-02 1.562592200935e-02 1.863329857588e-02 1.649115420878e-02 2.002728916705e-02 1.931921020150e-02 1.812696270645e-02 1.070247311145e-02 9.582016617060e-03 1.108018867671e-02 1.116020977497e-02 7.855482399464e-03 8.100253529847e-03 1.377443503588e-02 1.406040601432e-02 8.810755796731e-03 7.216892670840e-03 1.060111075640e-02 8.794854395092e-03 7.132644299418e-03 7.892536930740e-03 6.505580618978e-03 6.134124472737e-03 5.274177528918e-03 3.641138784587e-03 5.505954846740e-03 4.138832446188e-03 4.259345587343e-03 2.948749111965e-03 2.577465493232e-03 3.451249329373e-03 3.900101641193e-03
1.679394580424e-02 1.251405663788e-02 1.142151840031e-02 8.079413324594e-03 1.059716194868e-02 1.374680176377e-02 1.449079997838e-02 1.271179970354e-02 1.482451893389e-02 2.178992144763e-02 1.243452075869e-02 1.152942609042e-02 1.628221198916e-02 1.716197468340e-02 2.138580195606e-02 2.066551521420e-02 1.790601387620e-02 1.754491962492e-02 1.172900851816e-02 1.287745498121e-02 1.151366252452e-02 1.111509557813e-02 7.402062881738e-03 1.398231647909e-02 1.550028938800e-02 1.001812238246e-02 8.246720768511e-03 1.124288607389e-02 9.940656833351e-03 6.496942136437e-03 9.463194757700e-03 8.286808617413e-03 4.894226789474e-03 5.665211472660e-03 4.670841153711e-03 5.016673821956e-03 5.010840483010e-03 4.524443298578e-03 4.133860114962e-03 3.809645306319e-03 4.281904082745e-03 4.805397242308e-03 4.052001051605e-03
1.133883371949e-02 1.884937472641e-02 1.251264195889e-02 9.937075898051e-03 1.193478982896e-02 1.353836990893e-02 1.297002192587e-02 1.361594721675e-02 1.944302394986e-02 2.698627673090e-02 1.814121007919e-02 1.256750337780e-02 1.641740091145e-02 2.039500139654e-02 2.179612591863e-02 2.989842370152e-02 1.587526500225e-02 1.628127135336e-02 1.314844843000e-02 1.302917115390e-02 1.179701276124e-02 1.090265903622e-02 1.384929940104e-02 1.645858027041e-02 1.129911281168e-02 9.284269064665e-03 1.109902001917e-02 1.109049562365e-02 9.463231079280e-03 9.492401033640e-03 1.005380973220e-02 5.681522656232e-03 5.371511448175e-03 4.841888789088e-03 4.154345486313e-03 3.884784411639e-03 6.779612973332e-03 5.352386273444e-03 4.920715931803e-03 5.711292847991e-03 5.689871963114e-03 4.175289999694e-03 2.772979205474e-03
1.268177945167e-02 2.088763751090e-02 1.294575911015e-02 1.098897960037e-02 1.407970581204e-02 1.298372074962e-02 1.349930465221e-02 1.702404022217e-02 2.242708019912e-02 2.712608315051e-02 2.168122492731e-02 2.149697206914e-02 1.901209726930e-02 2.236562408507e-02 2.619742229581e-02 3.790253400803e-02 1.652550697327e-02 1.789727620780e-02 1.775157265365e-02 1.451905444264e-02 1.150237210095e-02 1.382191292942e-02 1.731524989009e-02 1.244501303881e-02 1.039819791913e-02 1.095835957676e-02 1.058264262974e-02 1.167588215321e-02 1.136740297079e-02 1.143012195826e-02 8.605433627963e-03 4.701856058091e-03 6.421540398151e-03 3.935759421438e-03 4.104819614440e-03 4.194812383503e-03 9.345192462206e-03 6.271540652961e-03 6.579291541129e-03 5.297833587974e-03 3.218582365662e-03 1.855006441474e-03 1.841147779487e-03
2.513184770942e-02 1.652066968381e-02 1.811407506466e-02 1.167576946318e-02 1.711214892566e-02 1.326860580593e-02 1.455579139292e-02 1.968715339899e-02 2.362202107906e-02 2.299202606082e-02 2.202567085624e-02 2.224214747548e-02 2.118850313127e-02 1.715680025518e-02 1.799295842648e-02 2.419712394476e-02 1.367914211005e-02 1.769838854671e-02 1.934790238738e-02 1.614808291197e-02 1.438065990806e-02 1.812919229269e-02 1.356714591384e-02 1.157599408180e-02 1.073823217303e-02 9.834972210228e-03 1.054132264107e-02 1.247073523700e-02 1.251825410873e-02 1.125513855368e-02 7.010066416115e-03 4.483558703214e-03 6.838109344244e-03 5.435266532004e-03 6.552224978805e-03 6.966715678573e-03 1.054009236395e-02 6.157966330647e-03 4.872622434050e-03 3.367103403434e-03 3.018002724275e-03 2.283632522449e-03 2.238163724542e-03
4.083214327693e-02 1.784122362733e-02 2.027893252671e-02 1.480103377253e-02 1.898599229753e-02 1.623265445232e-02 1.603415608406e-02 2.262091450393e-02 2.429326251149e-02 1.913020014763e-02 2.654034830630e-02 3.260707482696e-02 1.832107827067e-02 2.149813622236e-02 1.310511492193e-02 1.529039628804e-02 1.444771327078e-02 1.722704991698e-02 1.664497330785e-02 1.510979980230e-02 1.925756037235e-02 1.465472299606e-02 1.210671942681e-02 1.083871629089e-02 1.165020652115e-02 1.096233725548e-02 1.089216861874e-02 1.359420083463e-02 1.368171162903e-02 1.238688640296e-02 8.527771569788e-03 7.568445522338e-03 7.509008981287e-03 6.770667154342e-03 6.552335806191e-03 1.008748263121e-02 8.675417862833e-03 4.172537010163e-03 4.508133977652e-03 4.607960581779e-03 4.271406680346e-03 3.300828160718e-03 2.417660085484e-03
4.476940631866e-02 4.672727733850e-02 1.944222673774e-02 1.943518035114e-02 2.092987857759e-02 1.966348104179e-02 2.705977112055e-02 2.536636218429e-02 2.398430369794e-02 1.785368099809e-02 2.740794233978e-02 3.637485578656e-02 2.176993712783e-02 2.074623852968e-02 1.659653149545e-02 1.689780503511e-02 1.800160296261e-02 1.701530627906e-02 1.647632941604e-02 2.062840759754e-02 1.605952903628e-02 1.383785437793e-02 1.184747926891e-02 9.272674098611e-03 1.149500254542e-02 1.271271705627e-02 1.176601834595e-02 1.462431997061e-02 1.525106746703e-02 1.356422808021e-02 1.009863428771e-02 7.453003432602e-03 6.627517286688e-03 5.625749472529e-03 9.141036309302e-03 1.046349946409e-02 4.665268585086e-03 4.744219128042e-03 4.946236964315e-03 5.015730857849e-03 4.740576725453e-03 3.962439950556e-03 2.750507788733e-03
2.159229665995e-02 6.305729597807e-02 4.604832082987e-02 1.926524005830e-02 2.207945659757e-02 2.451302483678e-02 2.619541250169e-02 2.665697038174e-02 2.131857722998e-02 1.871014200151e-02 3.126483410597e-02 3.564988076687e-02 2.802857384086e-02 1.897363923490e-02 1.736934296787e-02 1.950714737177e-02 3.039202652872e-02 1.905659772456e-02 2.289101108909e-02 1.763387210667e-02 1.277613732964e-02 1.244428008795e-02 1.048037782311e-02 1.284388825297e-02 1.297811418772e-02 1.476207189262e-02 1.623420789838e-02 1.253147982061e-02 1.481283176690e-02 1.479868311435e-02 1.150035858154e-02 6.171266082674e-03 6.238208618015e-03 9.673439897597e-03 1.048480998725e-02 6.129904650152e-03 4.210859537125e-03 4.251729696989e-03 4.233559127897e-03 4.298398271203e-03 4.283680114895e-03 3.967485390604e-03 3.192388918251e-03
3.967858478427e-02 2.992274984717e-02 7.358568161726e-02 3.424934670329e-02 2.235388010740e-02 3.016603738070e-02 2.263951115310e-02 2.527260035276e-02 3.330806642771e-02 2.571385167539e-02 3.566351160407e-02 2.836378291249e-02 2.988860569894e-02 2.505523338914e-02 2.059208787978e-02 1.925212703645e-02 4.420201107860e-02 2.666576206684e-02 2.136562392116e-02 2.612460404634e-02 1.554540731013e-02 1.271354872733e-02 1.357153803110e-02 1.428270246834e-02 1.375674735755e-02 1.446943450719e-02 2.046869695187e-02 1.248949766159e-02 1.539531443268e-02 1.608304679394e-02 1.304387953132e-02 8.408646099269e-03 1.066515967250e-02 9.865527041256e-03 5.642702337354e-03 4.765032790601e-03 4.499937873334e-03 4.212853964418e-03 3.915330395103e-03 3.644403070211e-03 3.691739635542e-03 3.815753618255e-03 3.467018483207e-03
5.369207635522e-02 7.006379961967e-02 4.228943958879e-02 7.241491973400e-02 2.701758779585e-02 3.656038269401e-02 3.130241483450e-02 3.338611498475e-02 4.675912857056e-02 3.850320354104e-02 4.442874714732e-02 2.579206414521e-02 2.714833058417e-02 2.831047773361e-02 2.538523077965e-02 2.002158947289e-02 5.188417434692e-02 2.938293479383e-02 3.066125512123e-02 2.125321328640e-02 1.159094553441e-02 1.278464030474e-02 1.623356156051e-02 1.471790857613e-02 1.336555927992e-02 1.268104277551e-02 1.996139250696e-02 1.371530722827e-02 1.729365251958e-02 1.706212386489e-02 1.353291887790e-02 1.077656447887e-02 8.079457096756e-03 4.274799954146e-03 4.163779318333e-03 4.343488253653e-03 4.305761307478e-03 4.602331668139e-03 4.518874920905e-03 4.287496674806e-03 4.674332682043e-03 5.431719589978e-03 5.671093240380e-03
1.055691838264e-01 7.024154812098e-02 7.420591264963e-02 6.144556030631e-02 5.585626140237e-02 4.114254564047e-02 4.509183764458e-02 3.984641283751e-02 4.088889807463e-02 4.520532488823e-02 5.230741575360e-02 3.049411624670e-02 2.679276280105e-02 2.878500148654e-02 3.154402971268e-02 2.987049147487e-02 4.000665992498e-02 2.960416860878e-02 2.951239421964e-02 2.355756610632e-02 1.927797496319e-02 2.287245541811e-02 2.301294356585e-02 1.903645507991e-02 1.389660127461e-02 1.187224220484e-02 1.566698215902e-02 1.688045822084e-02 1.789709739387e-02 1.494704931974e-02 1.048651617020e-02 6.629923358560e-03 5.800752900541e-03 6.198969669640e-03 7.326631806791e-03 8.029226213694e-03 8.394408971071e-03 8.352668024600e-03 7.925430312753e-03 7.249205838889e-03 6.592032499611e-03 6.580465007573e-03 5.825154017657e-03
