VariationalSeries/SI/f99_max.grd
DSAA
101	101
32.816463539100	34.260883539100
35.556306596100	36.727886596100
5.240435712039e-06	8.793617486954e-01
[rows 76 to 94 of 101, columns 43 to 85 of 101]
1.345074386336e-03 1.139570958912e-03 2.092363778502e-03 5.270021967590e-03 5.672675557435e-03 1.133073121309e-02 1.810933090746e-02 2.037508971989e-02 1.261629536748e-02 3.524166764691e-03 1.256873831153e-02 2.820477634668e-02 2.109763026237e-02 5.473967175931e-03 2.452312037349e-03 3.483864711598e-03 3.705699695274e-03 1.915222848766e-03 1.785919768736e-03 2.221527975053e-03 8.130478672683e-03 1.853913255036e-02 4.357417114079e-03 2.945517189801e-03 2.151564694941e-03 1.442954293452e-03 7.348156068474e-04 6.317414809018e-04 6.153589929454e-04 5.802750820294e-04 5.473975907080e-04 5.707703530788e-04 6.011747173034e-04 6.379606784321e-04 6.444976897910e-04 5.999157438055e-04 5.503472057171e-04 5.145541508682e-04 4.896103637293e-04 4.749081854243e-04 5.311107379384e-04 8.171546505764e-04 1.113431644626e-03
2.170474268496e-03 2.927692141384e-03 3.739069914445e-03 3.927622921765e-03 5.394629668444e-03 7.498051971197e-03 9.699999354780e-03 8.990298025310e-03 1.443533319980e-02 2.107962965965e-02 2.090805582702e-02 1.003825571388e-02 7.095062639564e-03 6.249265745282e-03 4.031433258206e-03 4.376808181405e-03 1.222046208568e-03 7.410416728817e-04 9.023539023474e-04 1.009731204249e-03 7.655288209207e-04 9.165103547275e-04 1.451370189898e-03 1.467321882956e-03 1.332019572146e-03 8.171508670785e-04 4.010116681457e-04 3.599351621233e-04 4.173521592747e-04 4.809660604224e-04 5.131927900948e-04 5.246021319181e-04 5.219018203206e-04 4.991301684640e-04 4.341792664491e-04 3.485217166599e-04 2.790655416902e-04 2.749055856839e-04 2.914228243753e-04 3.418362175580e-04 4.317554703448e-04 7.362419855781e-04 9.840263519436e-04
4.608950112015e-03 6.963222287595e-03 4.592293407768e-03 2.158545423299e-03 2.523597097024e-03 9.155467152596e-03 2.568145096302e-02 3.419779613614e-02 2.563598193228e-02 1.265901420265e-02 6.811822298914e-03 4.401863552630e-03 3.119105705991e-03 5.047932732850e-03 4.318143706769e-03 1.576879411004e-03 5.253736744635e-04 4.802314797416e-04 4.979044315405e-04 6.740003009327e-04 5.031601758674e-04 4.586201976053e-04 5.304804071784e-04 6.014712853357e-04 5.451202159747e-04 4.975899937563e-04 4.029474512208e-04 4.193978384137e-04 3.528009110596e-04 4.025136295240e-04 4.213999491185e-04 3.927699872293e-04 3.764597058762e-04 3.638800699264e-04 2.562782901805e-04 2.470359031577e-04 2.623584005050e-04 2.613495453261e-04 2.559087879490e-04 2.720803895500e-04 3.327959566377e-04 6.401311838999e-04 9.379199473187e-04
6.532810162753e-03 7.618985138834e-03 2.577433828264e-03 2.677590120584e-03 9.397936053574e-03 1.682779565454e-02 1.735772378743e-02 1.490365993232e-02 1.266837492585e-02 5.899582058191e-03 5.247316323221e-03 6.336994934827e-03 3.934612497687e-03 2.526815049350e-03 1.068891724572e-03 5.819264333695e-04 3.689292643685e-04 3.534745192155e-04 3.396413521841e-04 4.228260368109e-04 3.780511615332e-04 3.782505227719e-04 3.519314632285e-04 3.474426048342e-04 3.368752950337e-04 3.439521533437e-04 3.325312864035e-04 3.381923015695e-04 3.637414192781e-04 3.485072229523e-04 3.530823451001e-04 2.908784081228e-04 3.216888289899e-04 3.375479427632e-04 2.687404339667e-04 2.049714385066e-04 2.452271000948e-04 2.609051298350e-04 2.619913720991e-04 2.574378158897e-04 2.656161086634e-04 3.441675216891e-04 5.784665117972e-04
2.851678756997e-03 4.854945465922e-03 6.988827139139e-03 8.907451294363e-03 9.676332585514e-03 7.942438125610e-03 8.979962207377e-03 1.121933944523e-02 1.602942310274e-02 6.169296335429e-03 6.405154708773e-03 3.886641468853e-03 1.574030495249e-03 6.577203166671e-04 4.547566641122e-04 3.705684503075e-04 3.324900753796e-04 2.997999545187e-04 2.746578829829e-04 2.587430644780e-04 2.873837656807e-04 2.228937664768e-04 2.259042230435e-04 2.250982943224e-04 2.371277951170e-04 2.490884799045e-04 2.514086954761e-04 2.303296641912e-04 1.978043292183e-04 2.374329342274e-04 2.319464110769e-04 2.252607810078e-04 2.528209588490e-04 2.814535109792e-04 2.588834904600e-04 2.029684110312e-04 2.278556930833e-04 2.558162668720e-04 2.626760688145e-04 2.671050024219e-04 3.097286680713e-04 3.718592342921e-04 4.671525675803e-04
3.168629715219e-03 9.621853008866e-03 1.783818751574e-02 1.043966040015e-02 6.712420843542e-03 1.172599848360e-02 1.567048579454e-02 2.111243084073e-02 1.019507646561e-02 5.232435651124e-03 2.488936763257e-03 1.451022806577e-03 6.055610137992e-04 3.869114152621e-04 2.735349698924e-04 2.303610526724e-04 2.116564282915e-04 1.967116404558e-04 2.019004168687e-04 2.150940999854e-04 2.207365032518e-04 2.046946901828e-04 1.994516205741e-04 2.138354611816e-04 2.554771781433e-04 2.976108517032e-04 3.255491610616e-04 3.164729278069e-04 2.500426489860e-04 1.931782753672e-04 1.926146651385e-04 1.778139703674e-04 1.809176901588e-04 2.260739711346e-04 2.340420178371e-04 2.181717864005e-04 2.072324859910e-04 2.427278232062e-04 2.562283771113e-04 2.588053466752e-04 2.970445493702e-04 4.114175389986e-04 5.566153558902e-04
5.943160969764e-03 1.861831173301e-02 1.420853845775e-02 1.159374602139e-02 1.273477915674e-02 1.221605017781e-02 8.491748943925e-03 8.189396932721e-03 6.431772373617e-03 3.287472762167e-03 1.215412048623e-03 7.615986396559e-04 4.028065595776e-04 2.582157030702e-04 2.080305566778e-04 1.711460499791e-04 1.706456823740e-04 1.823078491725e-04 1.781555329217e-04 1.706501207082e-04 1.854466681834e-04 1.900703209685e-04 1.848003157647e-04 1.852967543527e-04 2.328899281565e-04 2.859205706045e-04 3.247301210649e-04 3.240057849325e-04 2.631941752043e-04 1.789170928532e-04 1.870615087682e-04 1.937617198564e-04 1.584811398061e-04 1.664855662966e-04 1.985184353543e-04 2.216315187979e-04 2.238852757728e-04 2.221566101070e-04 2.428260486340e-04 2.534771047067e-04 2.511980128475e-04 2.851743774954e-04 3.613077278715e-04
7.961687631905e-03 1.349442545325e-02 8.059930056334e-03 4.883949644864e-03 3.262340556830e-03 4.036386031657e-03 3.539433004335e-03 4.226785618812e-03 3.539600409567e-03 1.235032570548e-03 8.854485349730e-04 5.308873951435e-04 4.274579696357e-04 3.174287558068e-04 1.981755194720e-04 1.611170737306e-04 1.754519325914e-04 1.770179369487e-04 1.612308115000e-04 1.529309956823e-04 1.774491684046e-04 1.943523384398e-04 2.034401404671e-04 1.964306720765e-04 1.817370648496e-04 2.172010717914e-04 2.424550621072e-04 2.403663529549e-04 1.987577124964e-04 1.607440935913e-04 1.661511632847e-04 1.824260980356e-04 1.741469022818e-04 1.482448569732e-04 1.508315035608e-04 1.812629488995e-04 2.014484780375e-04 1.970472367248e-04 2.241842157673e-04 2.434636262478e-04 2.480226976331e-04 2.612506214064e-04 2.933623909485e-04
1.130835991353e-02 9.370709769428e-03 3.023199271411e-03 2.301906235516e-03 2.442764351144e-03 1.459713210352e-03 2.090629190207e-03 3.351171268150e-03 2.233806299046e-03 1.090485951863e-03 8.313414291479e-04 4.583537229337e-04 4.467449034564e-04 4.236547392793e-04 2.652427647263e-04 2.095833478961e-04 1.779170270311e-04 1.702612789813e-04 1.468471309636e-04 1.474285381846e-04 1.784150081221e-04 2.139983698726e-04 2.353584568482e-04 2.199617301812e-04 1.879484188976e-04 1.612577179912e-04 1.750562078087e-04 1.871068234323e-04 1.861068449216e-04 1.988752046600e-04 1.787976361811e-04 1.647970348131e-04 1.671718346188e-04 1.517035416327e-04 1.457147736801e-04 1.757689460646e-04 1.922321680468e-04 1.873040891951e-04 2.018715167651e-04 2.271073608426e-04 2.381612430327e-04 2.666734217200e-04 3.359685651958e-04
1.786554977298e-02 7.846365682781e-03 1.556275296025e-03 1.106474432163e-03 8.467069128528e-04 1.037183916196e-03 1.111650839448e-03 2.515540458262e-03 2.550498116761e-03 1.556728966534e-03 7.770286756568e-04 4.443969228305e-04 3.847293555737e-04 4.022056236863e-04 3.301643009763e-04 2.031475742115e-04 1.767034409568e-04 1.637365930947e-04 1.360880851280e-04 1.457421167288e-04 1.826307125157e-04 2.385411498835e-04 2.602583263069e-04 2.312031574547e-04 1.942160306498e-04 1.710769283818e-04 1.810314715840e-04 2.017085353145e-04 2.107586624334e-04 2.079686673824e-04 1.927126722876e-04 1.597215450602e-04 1.831862173276e-04 1.520143705420e-04 1.418764004484e-04 1.546729326947e-04 1.944734394783e-04 2.141708246199e-04 2.282291097799e-04 2.594895777293e-04 2.980863791890e-04 3.095072170254e-04 3.008538042195e-04
1.541050989181e-02 4.734863527119e-03 1.182485138997e-03 6.677045603283e-04 6.082027102821e-04 7.050720741972e-04 1.298017916270e-03 1.661673653871e-03 1.993223791942e-03 1.391599886119e-03 9.162834612653e-04 5.158981075510e-04 3.361444978509e-04 2.908772439696e-04 2.786488039419e-04 2.354458410991e-04 2.034586650552e-04 2.236284344690e-04 1.866696111392e-04 1.608654274605e-04 2.006880968111e-04 2.681551559363e-04 2.792554732878e-04 2.346147230128e-04 1.992463803617e-04 1.815856085159e-04 1.892758591566e-04 2.125721366610e-04 2.296660677530e-04 2.144723403035e-04 1.900584611576e-04 1.573087211000e-04 1.869191619335e-04 1.444430818083e-04 1.398689055350e-04 1.338365109405e-04 1.460703206249e-04 1.924779062392e-04 2.452587941661e-04 3.158641920891e-04 3.857130941469e-04 4.132328613196e-04 4.178879898973e-04
8.102537132800e-03 1.492026145570e-03 7.037107134238e-04 6.145708030090e-04 5.134922685102e-04 5.186430644244e-04 8.369244169444e-04 4.639693652280e-04 1.210210961290e-03 1.829240703955e-03 1.303450553678e-03 9.921801974997e-04 4.955671029165e-04 3.051842213608e-04 2.608564100228e-04 2.638733421918e-04 2.799113572109e-04 2.517407119740e-04 2.212434046669e-04 1.962118985830e-04 2.399911172688e-04 2.949685731437e-04 2.841450332198e-04 2.393322793068e-04 2.136489638360e-04 2.010665775742e-04 2.001512038987e-04 2.232087426819e-04 2.427266736049e-04 2.327724359930e-04 1.947970740730e-04 1.543464168208e-04 1.764286716934e-04 1.597578811925e-04 1.386780495523e-04 1.379372115480e-04 1.329686201643e-04 1.390761317452e-04 1.773099793354e-04 2.711045672186e-04 3.702440008055e-04 4.316387639847e-04 4.668452893384e-04
2.191490493715e-03 8.530150516890e-04 5.547942710109e-04 5.300912889652e-04 4.109024011996e-04 3.732891636901e-04 3.762606647797e-04 3.545558138285e-04 4.401725309435e-04 1.508496468887e-03 1.672776765190e-03 2.450390020385e-03 1.568617299199e-03 5.644560442306e-04 3.506575885694e-04 2.924459695350e-04 3.165189700667e-04 3.745483118109e-04 3.487800131552e-04 2.790106227621e-04 2.734567678999e-04 3.065260825679e-04 2.757266920526e-04 2.380670921411e-04 2.240945614176e-04 2.219439629698e-04 2.262158668600e-04 2.281349152327e-04 2.483774733264e-04 2.497758541722e-04 2.156310802093e-04 1.664456358412e-04 1.655281812418e-04 1.655139494687e-04 1.551104505779e-04 1.589270395925e-04 1.574061170686e-04 1.547166466480e-04 1.527635176899e-04 1.565987768117e-04 2.106626197929e-04 2.804906980600e-04 3.306547878310e-04
7.864283397794e-04 4.885716480203e-04 4.969037254341e-04 4.328355717007e-04 3.504355845507e-04 3.180128696840e-04 2.751769206952e-04 2.749983104877e-04 3.244607942179e-04 6.250841543078e-04 2.498260932043e-03 6.132283248007e-03 4.208644386381e-03 1.342740026303e-03 5.907604936510e-04 3.671807644423e-04 3.292477631476e-04 3.950208774768e-04 3.824026789516e-04 4.040612548124e-04 3.889717045240e-04 3.207239496987e-04 2.868015435524e-04 2.573810634203e-04 2.495422377251e-04 2.514217339922e-04 2.509966434445e-04 2.445309364703e-04 2.489729085937e-04 2.629443188198e-04 2.379627549089e-04 1.740429870551e-04 1.613687345525e-04 1.590246538399e-04 1.673075166764e-04 1.796549331630e-04 1.880769850686e-04 1.907484111143e-04 1.892271975521e-04 1.824397913879e-04 1.825490617193e-04 1.920433860505e-04 1.981472596526e-04
7.084168028086e-04 4.067573754583e-04 4.420950426720e-04 3.378343826625e-04 2.740308991633e-04 2.576275728643e-04 2.248237578897e-04 2.344765525777e-04 2.347554545850e-04 4.341165476944e-04 1.892582629807e-03 5.103813949972e-03 4.618419799954e-03 2.976367715746e-03 7.207975140773e-04 4.008983669337e-04 3.052488900721e-04 4.387527296785e-04 5.209202645347e-04 4.887192044407e-04 3.997732419521e-04 3.126219089609e-04 3.096167056356e-04 2.912694762927e-04 2.815293555614e-04 2.750638814177e-04 2.633417025208e-04 2.402840764262e-04 2.510971389711e-04 2.655903226696e-04 2.343011874473e-04 1.818660821300e-04 1.882570213638e-04 1.821742480388e-04 1.727480266709e-04 1.678107073531e-04 1.793356786948e-04 1.862976059783e-04 1.844205107773e-04 1.726358605083e-04 1.911958970595e-04 2.257082815049e-04 2.501799026504e-04
8.730736444704e-04 4.573236801662e-04 3.865458129440e-04 2.978402771987e-04 2.232991682831e-04 2.106688334607e-04 2.158146962756e-04 2.106909523718e-04 2.118995180354e-04 2.716008748394e-04 7.191896438599e-04 2.623098669574e-03 9.533475153148e-03 7.357373833656e-03 1.234773080796e-03 4.683310980909e-04 5.150430370122e-04 5.495210061781e-04 4.886956885457e-04 3.889887302648e-04 3.160352061968e-04 3.224692482036e-04 3.419117128942e-04 3.311758628115e-04 3.086984797847e-04 2.801322552841e-04 2.424117701594e-04 2.215166168753e-04 2.596293634269e-04 2.672597474884e-04 2.412614412606e-04 2.680359175429e-04 2.687221276574e-04 2.541812718846e-04 2.286292146891e-04 1.778071746230e-04 1.491677103331e-04 1.483476371504e-04 1.525046391180e-04 1.639418915147e-04 1.926072582137e-04 2.400143566774e-04 2.972714137286e-04
9.243009262718e-04 5.191612872295e-04 3.895309055224e-04 2.598902501632e-04 1.964014227269e-04 2.059992402792e-04 2.034260687651e-04 2.051416231552e-04 1.846884260885e-04 2.078223915305e-04 4.067239351571e-04 1.334990491159e-03 4.634197335690e-03 4.085688851774e-03 1.366139971651e-03 7.782750180922e-04 6.398064433597e-04 4.964883555658e-04 3.825161838904e-04 3.061358584091e-04 3.051318926737e-04 3.256704949308e-04 3.463495522738e-04 3.294622583780e-04 2.846430579666e-04 2.309735136805e-04 1.908379344968e-04 2.080174162984e-04 2.611667441670e-04 2.748281403910e-04 2.859710948542e-04 3.142725327052e-04 3.120875626337e-04 2.907618181780e-04 2.471920743119e-04 1.854728907347e-04 1.900898641907e-04 1.974020851776e-04 2.091015630867e-04 2.190228551626e-04 2.216728898929e-04 2.469476894476e-04 3.185515233781e-04
8.639684529044e-04 4.642600251827e-04 3.277025825810e-04 2.041109401034e-04 1.885465608211e-04 2.033681812463e-04 1.964389084606e-04 1.699152635410e-04 1.349970407318e-04 1.874050794868e-04 3.460041189101e-04 5.909933242947e-04 1.635785563849e-03 1.943813869730e-03 1.408254262060e-03 8.626665221527e-04 5.456443177536e-04 3.877890703734e-04 3.592925786506e-04 3.490165981930e-04 3.143980575260e-04 2.973777300213e-04 2.877062943298e-04 2.528375189286e-04 1.995063939830e-04 1.777458674042e-04 1.754154800437e-04 1.875183079392e-04 2.436118666083e-04 2.727231767494e-04 2.023904526141e-04 2.208387741121e-04 2.209192462033e-04 2.066214074148e-04 2.003579284064e-04 2.190846716985e-04 2.368877612753e-04 2.604045730550e-04 2.859339001589e-04 3.002648882102e-04 2.947820175905e-04 2.745583478827e-04 3.125875373371e-04
7.717767148279e-04 3.433863457758e-04 2.355575707043e-04 1.463022927055e-04 1.764909247868e-04 1.958108769031e-04 1.875693415059e-04 1.547842402942e-04 1.143106783275e-04 1.686432660790e-04 3.109082754236e-04 4.813245905098e-04 1.138231600635e-03 1.460245461203e-03 1.135461614467e-03 6.724884733558e-04 4.164025594946e-04 3.864278551191e-04 3.803099971265e-04 3.189319395460e-04 2.536612737458e-04 2.119350974681e-04 1.854848233052e-04 1.554708578624e-04 1.457032922190e-04 1.433236757293e-04 1.438121398678e-04 1.594818459125e-04 2.122885925928e-04 2.486020675860e-04 1.931565493578e-04 1.517486525699e-04 1.445027010050e-04 1.847101520980e-04 2.186065394199e-04 2.484224969521e-04 2.829780278262e-04 3.259265504312e-04 3.661537193693e-04 3.824765735772e-04 3.637165646069e-04 3.205781977158e-04 3.080881142523e-04
