VariationalSeries/SI/f9_max.grd
DSAA
101	101
32.816463539100	34.260883539100
35.556306596100	36.727886596100
2.118300413713e-03	3.621238327026e+01
[rows 38 to 56 of 101, columns 0 to 42 of 101]
1.845313906670e-01 3.660166561604e-01 4.696196317673e-01 5.456706285477e-01 6.172350645065e-01 6.803987026215e-01 7.263239026070e-01 7.436474561691e-01 7.180334925652e-01 6.913617253304e-01 6.304618120193e-01 5.404706597328e-01 4.393262565136e-01 3.398451805115e-01 3.619079291821e-01 4.084796905518e-01 6.084848642349e-01 6.435205936432e-01 5.563182830811e-01 8.399722576141e-01 1.020922660828e+00 1.050379276276e+00 8.086197972298e-01 5.312637090683e-01 4.135574400425e-01 5.113299489021e-01 4.749965369701e-01 5.019964575768e-01 4.562685191631e-01 4.165070950985e-01 3.813671767712e-01 3.570135533810e-01 5.967696309090e-01 7.627277374268e-01 1.012607336044e+00 1.211618542671e+00 1.089218020439e+00 8.047245144844e-01 4.822826981544e-01 5.071178674698e-01 6.083130240440e-01 5.935762524605e-01 1.902764916420e+00
1.025969311595e-01 1.992134600878e-01 2.590638101101e-01 3.097978532314e-01 3.700645864010e-01 4.399480521679e-01 5.192694067955e-01 5.997163057327e-01 6.689155697823e-01 7.165536284447e-01 7.260206341743e-01 6.929181814194e-01 6.332064867020e-01 5.663306713104e-01 4.801390767097e-01 3.843353986740e-01 3.993704319000e-01 6.098850369453e-01 6.374976634979e-01 9.042497277260e-01 1.037510633469e+00 9.269942641258e-01 7.783715724945e-01 6.839548349380e-01 5.226177573204e-01 4.523215293884e-01 4.038273096085e-01 4.279785156250e-01 4.205363094807e-01 5.039345026016e-01 5.221040248871e-01 7.828082442284e-01 6.212334036827e-01 4.580571055412e-01 6.392360329628e-01 7.910922765732e-01 1.080083966255e+00 1.122658610344e+00 1.032360792160e+00 1.035802841187e+00 7.723107933998e-01 4.513364136219e-01 6.465734243393e-01
7.156589627266e-02 1.343358159065e-01 1.511892825365e-01 1.716115474701e-01 2.004707604647e-01 2.406529337168e-01 2.898711264133e-01 3.471476137638e-01 4.142149090767e-01 4.917536079884e-01 5.766257643700e-01 6.521337032318e-01 7.010815143585e-01 7.048442959785e-01 6.613129973412e-01 5.691771507263e-01 4.925321042538e-01 4.163911044598e-01 6.355320215225e-01 1.163891553879e+00 1.381868958473e+00 1.204176425934e+00 7.946829795837e-01 5.675036311150e-01 4.311415553093e-01 5.263301730156e-01 6.354544758797e-01 4.971161782742e-01 3.743536174297e-01 4.545911848545e-01 4.052861332893e-01 8.904857039452e-01 1.237776637077e+00 9.540147781372e-01 4.957931041718e-01 6.397041082382e-01 1.063933491707e+00 1.411636710167e+00 1.428006410599e+00 1.373864650726e+00 1.460233092308e+00 1.448965311050e+00 9.744158387184e-01
6.663081794977e-02 1.303089112043e-01 1.556019037962e-01 1.680674254894e-01 1.790271401405e-01 1.869566887617e-01 1.919337660074e-01 1.942530870438e-01 2.110483497381e-01 2.535914778709e-01 3.139175176620e-01 3.879020810127e-01 4.739808440208e-01 5.634846687317e-01 6.413790583611e-01 6.896389722824e-01 7.134081721306e-01 6.756623983383e-01 7.480389475822e-01 6.536996364594e-01 7.250970602036e-01 8.654047250748e-01 9.495725631714e-01 9.219649434090e-01 8.380610346794e-01 7.098060846329e-01 5.967708230019e-01 7.138118147850e-01 8.526836037636e-01 6.526009440422e-01 5.049527287483e-01 5.169685482979e-01 8.313340544701e-01 1.254408001900e+00 1.208329081535e+00 6.787616610527e-01 6.100596785545e-01 6.508802175522e-01 7.841784954071e-01 1.089520215988e+00 1.085513591766e+00 7.650977373123e-01 1.327597737312e+00
1.092074662447e-01 2.091517448425e-01 2.327455431223e-01 2.399400025606e-01 2.456740885973e-01 2.516141533852e-01 2.544033825397e-01 2.527141273022e-01 2.466986179352e-01 2.346356064081e-01 2.315182536840e-01 2.363080531359e-01 2.390693128109e-01 2.985107600689e-01 3.799714744091e-01 4.726057648659e-01 5.643815398216e-01 6.555338501930e-01 9.220637679100e-01 1.023385763168e+00 6.432352662086e-01 5.315257906914e-01 6.113746166229e-01 6.446145176888e-01 7.197149991989e-01 8.079557418823e-01 8.789006471634e-01 9.191190600395e-01 9.220710396767e-01 9.326971769333e-01 9.082757830620e-01 8.148424625397e-01 6.779247522354e-01 6.888819336891e-01 9.163444042206e-01 1.317647933960e+00 1.138291597366e+00 7.886588573456e-01 7.704993486404e-01 7.703958749771e-01 1.029106974602e+00 1.234936237335e+00 1.069864273071e+00
9.797023236752e-02 1.901843100786e-01 1.422820985317e-01 1.382308751345e-01 1.523014754057e-01 1.680043786764e-01 1.858635395765e-01 2.073037475348e-01 2.309093326330e-01 2.552235722542e-01 2.782865464687e-01 2.975874841213e-01 3.069556057453e-01 3.050143420696e-01 2.899150550365e-01 2.642524838448e-01 2.886906266212e-01 3.766629397869e-01 5.088638067245e-01 1.082756876945e+00 1.064715027809e+00 6.541560888290e-01 5.960571765900e-01 5.820265412331e-01 6.351641416550e-01 6.101409196854e-01 5.793829560280e-01 5.752011537552e-01 6.043244600296e-01 6.649109721184e-01 7.631165385246e-01 8.298924565315e-01 7.684147953987e-01 7.702088952065e-01 8.434760570526e-01 9.270085692406e-01 1.072071909904e+00 1.543256163597e+00 1.191608548164e+00 1.043061852455e+00 1.049223065376e+00 1.081017374992e+00 1.174745798111e+00
1.246772706509e-01 6.295001506805e-01 2.533148229122e-01 4.972972869873e-01 1.321396827698e-01 1.251102238894e-01 1.704007238150e-01 1.492909044027e-01 1.757839173079e-01 2.039489895105e-01 2.302173376083e-01 2.471901327372e-01 2.541567087173e-01 2.589501440525e-01 2.671159207821e-01 2.790325284004e-01 2.932243049145e-01 3.069727718830e-01 7.183188199997e-01 1.361176371574e+00 9.707075953484e-01 5.021098256111e-01 5.843829512596e-01 6.168997883797e-01 6.023212671280e-01 5.594138503075e-01 6.199520230293e-01 6.966670751572e-01 7.601945400238e-01 7.896819710732e-01 7.364603281021e-01 6.544585227966e-01 7.724761962891e-01 9.420992136002e-01 1.014882326126e+00 1.065618038177e+00 1.066986322403e+00 1.015433669090e+00 1.368637919426e+00 1.910236716270e+00 1.436093688011e+00 1.121132135391e+00 1.285888195038e+00
1.325070261955e-01 1.192150935531e-01 1.718406379223e-01 2.026258558035e-01 2.122633010149e-01 2.789605557919e-01 2.826919555664e-01 2.503060996532e-01 2.146926969290e-01 1.857354789972e-01 2.240591794252e-01 2.556115388870e-01 2.759224474430e-01 2.848319411278e-01 2.852507531643e-01 2.809866964817e-01 2.798763513565e-01 2.926915884018e-01 6.024207115173e+00 5.362500667572e+00 2.776466012001e-01 2.493871599436e-01 2.939636409283e-01 3.499843478203e-01 3.999909162521e-01 4.472400546074e-01 4.997539520264e-01 5.568112134933e-01 6.064655184746e-01 6.257264614105e-01 8.444133400917e-01 1.078898072243e+00 1.233083963394e+00 1.248050570488e+00 1.109619140625e+00 1.038723111153e+00 8.818185329437e-01 1.114788413048e+00 1.271774888039e+00 1.543439269066e+00 1.763868212700e+00 2.222958564758e+00 1.741104602814e+00
1.205637335777e+00 2.658603191376e+00 2.100262939930e-01 2.383091300726e-01 2.508336901665e-01 2.454679161310e-01 2.242279201746e-01 1.989942491055e-01 1.750666350126e-01 1.529535949230e-01 1.390469372272e-01 1.181791871786e-01 9.418585151434e-02 7.104209810495e-02 7.624824345112e-02 4.119692742825e-01 8.078653216362e-01 9.040931463242e-01 2.202362060547e+00 2.455282926559e+00 1.861629337072e-01 1.912096142769e-01 3.159829974174e-01 2.079802155495e-01 2.090770155191e-01 2.238400280476e-01 2.377480417490e-01 3.477361798286e-01 3.480797708035e-01 4.625313580036e-01 5.958974957466e-01 7.001051902771e-01 7.244027256966e-01 9.499815702438e-01 1.259577155113e+00 1.512866973877e+00 1.673160552979e+00 1.800807118416e+00 1.879443764687e+00 1.863261103630e+00 1.676898360252e+00 2.339729547501e+00 2.654175758362e+00
3.315144777298e-01 5.557158589363e-01 4.311109706759e-02 5.233009159565e-02 5.900463461876e-02 3.247243463993e-01 7.407341599464e-01 6.075659990311e-01 3.316318690777e-01 1.037110462785e-01 8.827541023493e-02 1.000619232655e-01 9.961389750242e-02 8.558192849159e-02 4.405856728554e-01 5.000384449959e-01 2.676393091679e-01 3.638004362583e-01 7.160220146179e-01 1.013818383217e+00 2.026796579361e+00 1.972881853580e-01 2.590357363224e-01 5.085517168045e-01 3.974059224129e-01 3.275043070316e-01 1.998592764139e-01 1.871169656515e-01 3.245941102505e-01 3.792296946049e-01 4.833682477474e-01 4.010607302189e-01 6.776841878891e-01 7.246125936508e-01 6.414057612419e-01 6.520819664001e-01 1.149210691452e+00 1.605671525002e+00 1.508272767067e+00 1.096484422684e+00 1.306204199791e+00 1.853387475014e+00 2.506765365601e+00
1.778602302074e-01 3.124991357327e-01 2.747692167759e-02 2.596257440746e-02 1.664801836014e-01 6.414514183998e-01 1.250283837318e+00 9.884390830994e-01 3.638550341129e-01 3.246336802840e-02 3.087766654789e-02 2.891204878688e-02 3.150342777371e-02 3.548229858279e-02 3.704743385315e-01 3.256771564484e-01 3.820258080959e-01 7.276190519333e-01 1.253874063492e+00 3.033512830734e-01 7.679386734962e-01 5.416547298431e+00 3.398491740227e-01 7.425965070724e-01 1.831603527069e+00 9.411154389381e-01 5.896207690239e-01 5.324723124504e-01 5.579206347466e-01 6.093849539757e-01 5.762169361115e-01 8.808031678200e-01 4.914908111095e-01 5.815539956093e-01 9.180334806442e-01 1.610504746437e+00 7.959229946136e-01 5.186887979507e-01 1.117959141731e+00 1.594855785370e+00 1.851263999939e+00 2.006069660187e+00 2.034339189529e+00
1.454318463802e-01 2.091401070356e-01 2.747384086251e-02 2.168607339263e-02 2.292132005095e-02 3.725041747093e-01 7.699984312057e-01 4.738952219486e-01 3.265470266342e-01 6.841748952866e-02 2.460360527039e-02 1.142356172204e-01 1.502261310816e-01 1.305503249168e-01 1.727387011051e-01 2.874567210674e-01 4.793237745762e-01 8.277593851089e-01 1.375826835632e+00 1.218880176544e+00 1.057736039162e+00 9.242440462112e-01 2.065476328135e-01 4.521596133709e-01 1.738584041595e+00 6.390089392662e-01 1.778637766838e+00 1.362108230591e+00 3.181420862675e-01 7.484111785889e-01 2.603639841080e+00 3.596280336380e+00 3.774548053741e+00 8.416276574135e-01 1.296229124069e+00 1.220508933067e+00 1.120146751404e+00 7.261015772820e-01 5.821869373322e-01 9.843211770058e-01 2.658823013306e+00 1.537166237831e+00 1.211947679520e+00
4.309177771211e-02 1.289151459932e-01 7.421416044235e-02 4.412401840091e-02 3.178009018302e-02 2.633184008300e-02 7.379692792892e-02 7.897164672613e-02 8.813164383173e-02 8.656739443541e-02 6.389368325472e-02 1.221797689795e-01 1.458226740360e-01 2.086683958769e-01 2.547065913677e-01 2.322857826948e-01 3.989767730236e-01 7.949460744858e-01 1.146373510361e+00 7.497811317444e-01 7.200459241867e-01 5.181068778038e-01 3.589037656784e-01 5.196270346642e-01 1.193556666374e+00 1.718543767929e+00 1.428751468658e+00 1.003979206085e+00 1.137453794479e+00 4.842803776264e-01 2.734801471233e-01 2.814385294914e-01 3.462139070034e-01 4.473226070404e-01 1.353861451149e+00 1.590637779236e+01 5.788842678070e+00 2.884315729141e+00 1.690906167030e+00 4.005814552307e+00 1.923796057701e+00 2.314211845398e+00 3.468902826309e+00
4.249708354473e-02 6.947582960129e-02 8.282271772623e-02 4.488541930914e-02 3.165156021714e-02 2.937637455761e-02 6.810722500086e-02 6.973768025637e-02 6.800137460232e-02 6.312105059624e-02 7.791595906019e-02 9.472544491291e-02 1.126641705632e-01 2.590425610542e-01 2.909015119076e-01 3.087542355061e-01 4.557456672192e-01 6.800465583801e-01 9.302455186844e-01 8.483880162239e-01 4.430157840252e-01 3.003946840763e-01 3.194800019264e-01 2.955010831356e-01 5.323398709297e-01 5.157892704010e+00 1.446430683136e+00 2.582701683044e+00 1.113402009010e+00 2.666760385036e-01 1.565984189510e-01 1.320291310549e-01 1.478683948517e-01 1.708835959435e-01 2.030460834503e-01 1.091615200043e+00 9.365118026733e+00 1.881096005440e+00 7.636438608170e-01 1.703563094139e+00 1.331831455231e+00 1.315004348755e+00 2.082581520081e+00
3.230287507176e-02 5.793351680040e-02 7.824873924255e-02 9.033431857824e-02 9.417388588190e-02 8.706684410572e-02 7.758874446154e-02 6.974112987518e-02 6.763662397861e-02 6.801703572273e-02 8.085129410028e-02 9.373690932989e-02 1.069549620152e-01 1.225270703435e-01 2.562084496021e-01 2.515597343445e-01 3.642028272152e-01 4.549688696861e-01 5.455211400986e-01 3.943223059177e-01 2.880193591118e-01 2.001958936453e-01 1.579371243715e-01 1.725841015577e-01 2.306417226791e-01 1.293151617050e+00 1.328548789024e+00 4.115038514137e-01 2.462518215179e-01 1.688246279955e-01 1.154929995537e-01 1.199924796820e-01 1.095272079110e-01 1.519595086575e-01 1.889623999596e-01 5.003033876419e-01 1.787845015526e+00 9.206678271294e-01 5.317075848579e-01 1.694323122501e-01 1.043461561203e+00 8.111379146576e-01 6.342952251434e-01
5.149668827653e-02 8.668418228626e-02 1.106584370136e-01 1.243998557329e-01 1.279251873493e-01 1.224617809057e-01 1.151314005256e-01 1.037664562464e-01 8.979216217995e-02 7.625672966242e-02 8.769414573908e-02 9.959460049868e-02 1.111835837364e-01 1.225937530398e-01 2.416705489159e-01 2.235924005508e-01 2.995865643024e-01 2.485551834106e-01 3.114722967148e-01 2.877964079380e-01 1.977098733187e-01 1.451009064913e-01 1.243319064379e-01 1.071865484118e-01 1.491547673941e-01 1.149355530739e+00 8.658514022827e-01 3.056689202785e-01 2.321373075247e-01 1.982626616955e-01 1.400096118450e-01 9.761169552803e-02 1.114961057901e-01 7.948919385672e-02 1.268049180508e-01 1.960011571646e-01 1.292096227407e-01 3.249605000019e-01 2.281319618225e+00 3.341179609299e+00 1.933202385902e+00 6.561471819878e-01 4.237381219864e-01
2.577215433121e-02 5.470180511475e-02 6.813228130341e-02 7.475228607655e-02 7.259376347065e-02 6.909651309252e-02 6.669355183840e-02 6.293204426765e-02 7.434123754501e-02 8.569835871458e-02 9.851773828268e-02 1.109200492501e-01 1.222727894783e-01 1.283132880926e-01 2.160225212574e-01 2.211486548185e-01 2.148562669754e-01 1.987411528826e-01 2.916602492332e-01 1.983221322298e-01 1.558418422937e-01 2.145951092243e-01 1.038647666574e-01 7.062187045813e-02 1.208047866821e-01 4.222548902035e-01 2.806715071201e-01 2.423169761896e-01 2.249729931355e-01 1.953415721655e-01 1.281800866127e-01 7.856898754835e-02 1.064007058740e-01 8.267311006784e-02 1.022916436195e-01 1.900244951248e-01 1.380369961262e-01 3.699660301208e-01 1.656205415726e+00 1.007717370987e+00 6.074942350388e-01 4.906213879585e-01 5.748888254166e-01
2.380923740566e-02 3.640460222960e-02 4.575814306736e-02 5.006710812449e-02 4.996255785227e-02 4.758943244815e-02 5.409003049135e-02 6.679797172546e-02 7.859080284834e-02 9.228648245335e-02 1.059884652495e-01 1.181590706110e-01 1.287812441587e-01 1.313444525003e-01 2.147673219442e-01 2.177178263664e-01 1.078901961446e-01 1.303957253695e-01 1.356399804354e-01 2.972026765347e-01 1.650065034628e-01 1.823189854622e-01 1.247704103589e-01 1.173800379038e-01 1.715485751629e-01 1.927692741156e-01 1.020075321198e+00 1.905911564827e-01 1.811268627644e-01 1.619390547276e-01 8.945865929127e-02 7.042910903692e-02 8.021204918623e-02 1.208133026958e-01 1.094323322177e-01 1.690827757120e-01 2.704273760319e-01 3.338186144829e-01 5.018847584724e-01 7.450031042099e-01 4.673212468624e-01 5.289995074272e-01 8.196624517441e-01
2.044229768217e-02 3.723927587271e-02 4.592507332563e-02 5.113973096013e-02 8.063425123692e-02 4.821493849158e-02 5.204943567514e-02 6.482090055943e-02 7.859396189451e-02 9.376084059477e-02 1.066065058112e-01 1.178419440985e-01 1.260577142239e-01 1.247377917171e-01 2.000329196453e-01 2.022853791714e-01 1.184736192226e-01 1.186398863792e-01 1.002886071801e-01 3.008771836758e-01 1.512901633978e-01 1.932685971260e-01 1.258897930384e-01 1.292197406292e-01 1.531962901354e-01 2.717595398426e-01 4.427193403244e-01 1.949123293161e-01 1.688836067915e-01 1.243430972099e-01 7.213097065687e-02 7.350488007069e-02 6.425621360540e-02 9.654211252928e-02 1.176420077682e-01 1.626905947924e-01 1.845762580633e-01 2.244918346405e-01 2.758104205132e-01 3.018053770065e-01 4.002401232719e-01 6.150537729263e-01 1.024662256241e+00
