VariationalSeries/SI/f9_max.grd
DSAA
101	101
32.816463539100	34.260883539100
35.556306596100	36.727886596100
2.118300413713e-03	3.621238327026e+01
[rows 76 to 94 of 101, columns 0 to 42 of 101]
5.428859964013e-03 2.010497637093e-02 2.858334034681e-02 2.758030407131e-02 2.729802951217e-02 2.737098746002e-02 2.797655761242e-02 2.390239015222e-02 2.230055071414e-02 2.435596846044e-02 2.650423161685e-02 2.510146424174e-02 2.874696254730e-02 3.366100043058e-02 3.353334963322e-02 2.964413538575e-02 2.357530221343e-02 2.273367717862e-02 2.940139919519e-02 8.175467140973e-03 9.977940469980e-03 1.341889705509e-02 3.991348296404e-02 3.581846505404e-02 2.955900691450e-02 2.551854774356e-02 1.987176947296e-02 1.833292283118e-02 2.037799172103e-02 2.157266251743e-02 2.078546024859e-02 2.180601283908e-02 3.218719363213e-02 4.190085828304e-02 4.628936201334e-02 4.695626348257e-02 3.340457379818e-02 1.509770564735e-02 6.989739090204e-02 5.517805740237e-02 6.009843945503e-02 5.881742388010e-02 2.614691555500e-01
6.414656061679e-03 1.551068015397e-02 2.580022066832e-02 2.525594644248e-02 2.530125156045e-02 2.485958114266e-02 2.591792866588e-02 2.270427346230e-02 2.041432075202e-02 2.171153761446e-02 2.428779192269e-02 2.315548993647e-02 2.510467544198e-02 2.973073348403e-02 3.136999160051e-02 2.675142884254e-02 2.362263016403e-02 1.845577545464e-02 1.589545980096e-02 7.662937510759e-03 2.667899429798e-02 2.869923599064e-02 3.123937733471e-02 3.099997341633e-02 2.746461518109e-02 2.595986053348e-02 2.149445004761e-02 2.131593972445e-02 2.367588877678e-02 2.396565862000e-02 2.235836163163e-02 2.319902740419e-02 2.612565085292e-02 3.675461933017e-02 4.705085232854e-02 5.141943693161e-02 5.186170712113e-02 4.637287184596e-02 7.487550377846e-02 7.119721919298e-02 7.378815859556e-02 1.307461857796e-01 7.471223473549e-01
6.829420570284e-03 1.186423096806e-02 2.349320612848e-02 2.380388043821e-02 2.398637123406e-02 2.339078299701e-02 2.444987371564e-02 2.217797748744e-02 1.932422816753e-02 1.985476166010e-02 2.247595414519e-02 2.202316001058e-02 2.283728867769e-02 2.682828903198e-02 2.955009415746e-02 2.672117017210e-02 2.363495901227e-02 1.514270715415e-02 1.393675897270e-02 6.774851121008e-03 1.361207477748e-02 1.569976657629e-02 2.008030191064e-02 2.433562278748e-02 2.599809505045e-02 2.609613724053e-02 2.376498095691e-02 2.577836811543e-02 2.635412290692e-02 2.576104737818e-02 2.406917139888e-02 2.634996548295e-02 2.927789092064e-02 3.084358386695e-02 4.401982948184e-02 5.206974968314e-02 5.496414750814e-02 5.495846271515e-02 1.204787194729e-01 3.136531114578e-01 4.540359377861e-01 6.119521856308e-01 6.206489801407e-01
6.166586186737e-03 9.747051633894e-03 2.194997854531e-02 2.327985316515e-02 2.322025224566e-02 2.282794937491e-02 2.348442003131e-02 2.202866226435e-02 1.888660714030e-02 1.891493238509e-02 2.137436904013e-02 2.177914977074e-02 2.200343459845e-02 2.527978457510e-02 2.832620032132e-02 2.740344777703e-02 2.396106719971e-02 1.506939530373e-02 1.408141478896e-02 1.323779579252e-02 1.842515356839e-02 2.427308633924e-02 2.960880473256e-02 2.525260113180e-02 3.261645138264e-02 3.671509772539e-02 3.216005116701e-02 2.950129657984e-02 2.850754372776e-02 2.787944488227e-02 2.861170843244e-02 3.081259503961e-02 3.609503805637e-02 5.615646764636e-02 6.988304108381e-02 6.375169008970e-02 5.630999431014e-02 1.377527117729e-01 3.582051098347e-01 5.434131026268e-01 4.213189780712e-01 2.756400406361e-01 7.286856770515e-01
4.791253712028e-03 8.497286587954e-03 2.159795910120e-02 2.344116009772e-02 2.336984500289e-02 2.313961088657e-02 2.362974174321e-02 2.242512442172e-02 1.905311644077e-02 1.884509436786e-02 2.091615833342e-02 2.186460047960e-02 2.187993004918e-02 2.482158504426e-02 2.793663367629e-02 2.797500416636e-02 2.440017089248e-02 1.535686478019e-02 1.404193881899e-02 1.740346662700e-02 2.584320865571e-02 3.609002009034e-02 4.546143114567e-02 4.126134142280e-02 8.630569279194e-02 1.051293164492e-01 7.637076079845e-02 4.954448714852e-02 4.808891564608e-02 4.161241278052e-02 3.618667274714e-02 3.456031903625e-02 4.306427016854e-02 7.639435678720e-02 1.082991138101e-01 1.103263869882e-01 7.409546524286e-02 8.181196451187e-02 2.715408504009e-01 4.432998895645e-01 3.177147805691e-01 1.930927038193e-01 3.705030083656e-01
6.489771418273e-03 9.465688839555e-03 2.191947586834e-02 2.385436557233e-02 2.380219660699e-02 2.346805296838e-02 2.400629967451e-02 2.276527322829e-02 1.943036355078e-02 1.918490044773e-02 2.099706977606e-02 2.202341146767e-02 2.188874594867e-02 2.465856820345e-02 2.770095877349e-02 2.850987389684e-02 2.477264590561e-02 1.600520126522e-02 1.736833900213e-02 2.034646831453e-02 3.089346550405e-02 4.392672702670e-02 5.532006919384e-02 7.166284322739e-02 4.503081738949e-02 3.243516087532e-01 2.269502282143e-01 1.262689828873e-01 8.193115890026e-02 6.492743641138e-02 4.670480638742e-02 3.655268996954e-02 3.971426561475e-02 7.834443449974e-02 1.314837634563e-01 1.463789045811e-01 9.803047031164e-02 1.618704348803e-01 3.628765046597e-01 4.356523752213e-01 2.430390566587e-01 1.676871031523e-01 2.406093627214e-01
9.057572111487e-03 1.312363427132e-02 2.255562692881e-02 2.405335940421e-02 2.386787161231e-02 2.368176355958e-02 2.451063320041e-02 2.290253341198e-02 1.957750879228e-02 1.933098398149e-02 2.105537615716e-02 2.195809595287e-02 2.200318500400e-02 2.473261766136e-02 2.771540358663e-02 2.885800972581e-02 2.512955479324e-02 1.993765868247e-02 2.070491388440e-02 2.452371083200e-02 3.655182942748e-02 4.873419553041e-02 5.340884625912e-02 1.739982515574e-01 3.178867697716e-01 7.049306631088e-01 5.353642702103e-01 2.284883856773e-01 1.176725700498e-01 9.180832654238e-02 5.983579903841e-02 3.977669775486e-02 3.849261999130e-02 8.582766354084e-02 1.569561213255e-01 1.683090925217e-01 1.018063575029e-01 1.872901618481e-01 3.876263797283e-01 3.359430432320e-01 1.628797054291e-01 1.738677322865e-01 4.550854563713e-01
1.126215141267e-02 1.609490811825e-02 2.271452546120e-02 2.372712083161e-02 2.350615151227e-02 2.330278046429e-02 2.434863522649e-02 2.231710217893e-02 1.955359801650e-02 1.920791342854e-02 2.074892632663e-02 2.134819328785e-02 2.335486933589e-02 2.508718706667e-02 2.684230171144e-02 2.819178812206e-02 2.609233558178e-02 2.447524480522e-02 2.393740415573e-02 3.013301268220e-02 4.329540953040e-02 5.185170099139e-02 7.486244291067e-02 2.976883351803e-01 7.122957110405e-01 9.990281462669e-01 9.547386765480e-01 3.424462676048e-01 1.310882866383e-01 1.077282503247e-01 7.227216660976e-02 4.720965027809e-02 6.762827932835e-02 1.336508244276e-01 2.125577330589e-01 1.837061047554e-01 9.334711730480e-02 2.238882333040e-01 3.226474225521e-01 2.283670455217e-01 1.827637851238e-01 2.871767580509e-01 1.048632144928e+00
6.661280058324e-03 1.072238758206e-02 2.227529883385e-02 2.298501506448e-02 2.289547957480e-02 2.273662388325e-02 2.367398142815e-02 2.461163885891e-02 1.898532547057e-02 1.867979951203e-02 2.460500039160e-02 2.830634638667e-02 3.151233494282e-02 3.432512655854e-02 3.700262308121e-02 3.952577337623e-02 4.119284451008e-02 4.038283973932e-02 4.336876794696e-02 3.788532316685e-02 5.157789960504e-02 5.422094836831e-02 9.889122843742e-02 3.487535417080e-01 7.435097098351e-01 9.317270517349e-01 6.910104155540e-01 3.035221397877e-01 1.129456683993e-01 1.037286370993e-01 1.013841554523e-01 3.306030929089e-01 3.721646070480e-01 1.880739629269e-01 2.996689677238e-01 1.898445934057e-01 1.549681574106e-01 2.313039749861e-01 2.392852455378e-01 1.667129546404e-01 2.017270326614e-01 7.700261473656e-01 3.095311164856e+00
9.881871752441e-03 1.449619699270e-02 2.134342864156e-02 2.175711281598e-02 2.728119306266e-02 2.866334468126e-02 2.946136891842e-02 2.951337397099e-02 2.846985682845e-02 2.644271776080e-02 2.477976121008e-02 2.887041121721e-02 3.270419314504e-02 3.639027103782e-02 4.041258990765e-02 4.525654762983e-02 7.976638525724e-02 5.326721072197e-02 8.435381203890e-02 5.311403423548e-02 5.061721056700e-02 5.041764304042e-02 9.142827242613e-02 2.655028700829e-01 5.028318762779e-01 5.519026517868e-01 3.701678812504e-01 1.712604165077e-01 7.842392474413e-02 8.400363475084e-02 3.447752594948e-01 1.212725877762e+00 1.307644367218e+00 7.815524339676e-01 5.815661549568e-01 3.418031334877e-01 2.643032968044e-01 2.801597118378e-01 2.824947834015e-01 1.844499260187e-01 3.733549714088e-01 2.350569486618e+00 3.569859027863e+00
4.262614250183e-02 8.508242666721e-02 9.641488641500e-02 9.966988116503e-02 9.842718392611e-02 8.932527154684e-02 8.358395844698e-02 8.532217144966e-02 8.829209208488e-02 8.766210824251e-02 8.381508290768e-02 8.294100314379e-02 8.285043388605e-02 8.639919757843e-02 8.776521682739e-02 8.910283446312e-02 1.041246801615e-01 1.219385117292e-01 1.033969447017e-01 9.852954745293e-02 8.730997145176e-02 7.571847736835e-02 7.041697204113e-02 1.097092404962e-01 1.802743822336e-01 1.812946647406e-01 1.174954324961e-01 6.331419944763e-02 4.660627990961e-02 5.870357900858e-02 3.391111493111e-01 1.273511290550e+00 1.754943370819e+00 1.845846652985e+00 1.535755276680e+00 5.051620006561e-01 3.794744610786e-01 6.972589492798e-01 1.172944784164e+00 5.921038389206e-01 1.308614373207e+00 2.212512016296e+00 7.976343631744e-01
4.084035009146e-02 6.222566962242e-02 7.342317700386e-02 7.324928790331e-02 6.654628366232e-02 5.737496167421e-02 4.823647812009e-02 4.364248737693e-02 4.763888195157e-02 4.949147626758e-02 5.207555741072e-02 5.641037970781e-02 6.094682961702e-02 6.695811450481e-02 7.231760025024e-02 7.300714403391e-02 6.762100011110e-02 6.280084699392e-02 6.618121266365e-02 7.329323142767e-02 7.293409854174e-02 6.013618782163e-02 6.001305207610e-02 6.581255793571e-02 5.807666853070e-02 3.872527554631e-02 2.748221345246e-02 2.222095988691e-02 2.597633562982e-02 3.683002665639e-02 1.506111323833e-01 5.897381305695e-01 2.115751504898e+00 3.184673547745e+00 2.642507553101e+00 1.179147660732e-01 4.106603264809e-01 1.152457475662e+00 2.427373170853e+00 1.285481452942e+00 9.391561746597e-01 6.263876557350e-01 6.632481813431e-01
4.750667512417e-02 7.166916131973e-02 8.308149874210e-02 8.063508570194e-02 7.059454917908e-02 5.811710283160e-02 4.760844260454e-02 5.230444669724e-02 5.820742622018e-02 6.091349571943e-02 6.172633543611e-02 6.160993129015e-02 5.951834470034e-02 5.467260256410e-02 5.376227572560e-02 5.483632162213e-02 5.103410035372e-02 4.164438694715e-02 4.326323047280e-02 4.187164083123e-02 3.352764993906e-02 3.331360593438e-02 3.692946210504e-02 3.693634644151e-02 3.055840730667e-02 2.090331912041e-02 1.618974469602e-02 1.399423088878e-02 1.668879948556e-02 2.253562398255e-02 8.459092676640e-02 2.351256310940e-01 9.739206433296e-01 1.861016392708e+00 2.138247013092e+00 1.062194466591e+00 4.756066203117e-01 8.683334589005e-01 1.786738395691e+00 1.502283334732e+00 1.986908912659e-01 5.313193798065e-01 4.031592607498e-01
3.520665690303e-02 5.260917916894e-02 6.023769453168e-02 5.748799443245e-02 4.926258325577e-02 4.372269287705e-02 4.764771088958e-02 5.053240060806e-02 5.313392728567e-02 5.417294800282e-02 5.149563029408e-02 4.473491013050e-02 3.620498254895e-02 2.904461510479e-02 2.581363916397e-02 2.620904520154e-02 2.515379898250e-02 3.554474189878e-02 4.127994179726e-02 3.884959965944e-02 3.089727088809e-02 2.218245901167e-02 2.128159254789e-02 2.190677449107e-02 1.907994225621e-02 1.495786849409e-02 1.509993057698e-02 1.579492911696e-02 2.122074924409e-02 3.155307471752e-02 7.085853815079e-02 2.009649872780e-01 1.845302134752e-01 3.441114127636e-01 4.362857937813e-01 4.203353822231e-01 4.385230839252e-01 6.701440811157e-01 1.899490118027e+00 1.030974388123e+00 2.401085615158e+00 4.408350884914e-01 3.850577771664e-01
1.655819080770e-02 1.090666558594e-02 2.777312509716e-02 2.713303640485e-02 2.827978320420e-02 1.137292198837e-02 2.919369935989e-02 3.301967307925e-02 3.401565551758e-02 3.416278585792e-02 3.232186287642e-02 2.825538069010e-02 2.322912588716e-02 1.861386932433e-02 1.019854471087e-02 1.965124905109e-02 3.412113711238e-02 4.361769556999e-02 4.119984060526e-02 3.090794198215e-02 1.975169219077e-02 2.051468752325e-02 3.438466042280e-02 3.652257472277e-02 2.537625096738e-02 1.688678003848e-02 1.813757419586e-02 2.007589861751e-02 2.589586190879e-02 4.028968513012e-02 6.808080524206e-02 9.969742596149e-02 1.431857198477e-01 1.549911648035e-01 1.192393973470e-01 9.222240000963e-02 1.882826536894e-01 8.458042144775e-01 3.575169563293e+00 1.626571655273e+00 2.240729182959e-01 3.901325762272e-01 3.018220663071e-01
1.042754482478e-02 7.851355709136e-03 1.917144283652e-02 2.168665267527e-02 1.545245200396e-02 8.644982241094e-03 2.057937346399e-02 2.169023081660e-02 2.073933184147e-02 1.967972330749e-02 1.853300072253e-02 1.735458336771e-02 1.623052544892e-02 1.624500751495e-02 1.604730263352e-02 1.856896467507e-02 3.164134919643e-02 3.756356611848e-02 3.230721876025e-02 2.239587157965e-02 2.490207180381e-02 4.632847383618e-02 6.918317079544e-02 5.814053490758e-02 3.011991456151e-02 2.040769346058e-02 2.277160994709e-02 2.785697020590e-02 3.803962469101e-02 6.148532405496e-02 6.975430995226e-02 1.146877184510e-01 1.107815578580e-01 5.604767799377e-02 5.451155826449e-02 6.976104527712e-02 1.439617574215e-01 1.399220705032e+00 4.185379505157e+00 2.245079994202e+00 4.609864950180e-01 3.648035228252e-01 1.421586126089e-01
9.965572506189e-03 1.434839516878e-02 1.796719431877e-02 1.554102730006e-02 1.685638725758e-02 1.823740825057e-02 2.167146466672e-02 2.342195250094e-02 2.511976100504e-02 2.564205974340e-02 2.845444157720e-02 3.005177527666e-02 3.147319331765e-02 3.249813988805e-02 3.293028101325e-02 3.270428255200e-02 3.187875449657e-02 3.174441307783e-02 3.374746814370e-02 3.718935325742e-02 6.532637774944e-02 9.209509193897e-02 9.551995992661e-02 6.280554831028e-02 2.537978626788e-02 2.445099316537e-02 5.053775012493e-02 4.646628350019e-02 3.434211015701e-02 6.462053954601e-02 8.380644023418e-02 9.738394618034e-02 7.150844484568e-02 4.984848946333e-02 5.724060535431e-02 8.315163105726e-02 4.204223752022e-01 1.902476549149e+00 2.996017217636e+00 1.694696068764e+00 9.988095760345e-01 3.013930022717e-01 9.835874289274e-02
7.054485380650e-03 1.013328041881e-02 1.268853340298e-02 1.439274847507e-02 1.533666811883e-02 1.578302308917e-02 1.707889698446e-02 1.871386542916e-02 1.991530507803e-02 2.088083513081e-02 2.423675730824e-02 2.617482468486e-02 2.802563644946e-02 2.955403178930e-02 3.049102425575e-02 3.065931051970e-02 3.005501441658e-02 2.993027120829e-02 3.173260390759e-02 5.159685388207e-02 8.614949882030e-02 1.147131696343e-01 1.113423928618e-01 6.786934286356e-02 2.573011443019e-02 4.151498526335e-02 5.844984203577e-02 3.246685490012e-02 4.461231082678e-02 7.374402135611e-02 8.750570565462e-02 9.728601574898e-02 7.505255192518e-02 6.837268918753e-02 6.423196941614e-02 2.225935310125e-01 8.888367414474e-01 3.418092966080e+00 2.284570693970e+00 6.513497233391e-01 3.994210064411e-01 2.581449449062e-01 1.006195023656e-01
4.686345811933e-03 6.726498715580e-03 8.449869230390e-03 9.643082506955e-03 1.084264647216e-02 1.227016653866e-02 1.374540757388e-02 1.539809722453e-02 1.697833277285e-02 1.922850869596e-02 2.131292782724e-02 2.346777915955e-02 2.556328289211e-02 2.734804898500e-02 2.850677445531e-02 2.880756184459e-02 2.824023179710e-02 2.802602015436e-02 3.260605409741e-02 6.232128292322e-02 9.876347333193e-02 1.251740008593e-01 1.158865541220e-01 6.674764305353e-02 2.475849725306e-02 4.621617123485e-02 4.836050793529e-02 3.133604675531e-02 6.768913567066e-02 7.977070659399e-02 8.127488940954e-02 9.204937517643e-02 9.559060633183e-02 7.602075487375e-02 1.359973996878e-01 3.246551454067e-01 5.384204983711e-01 1.903262138367e+00 6.501634716988e-01 3.175457119942e-01 1.898887008429e-01 1.993036717176e-01 1.374381184578e-01
