VariationalSeries/SI/f9_max.grd
DSAA
101	101
32.816463539100	34.260883539100
35.556306596100	36.727886596100
2.118300413713e-03	3.621238327026e+01
[rows 19 to 37 of 101, columns 43 to 85 of 101]
9.111740440130e-02 1.052597537637e-01 1.343302279711e-01 1.337410658598e-01 1.374791413546e-01 1.604215651751e-01 1.152992919087e-01 1.111609935760e-01 1.145158484578e-01 2.664604187012e-01 3.331388235092e-01 2.252382189035e-01 4.418890774250e-01 1.773422807455e-01 3.085102140903e-01 3.874758780003e-01 1.644520461559e-01 1.685663014650e-01 1.774390786886e-01 1.803585141897e-01 2.256579548120e-01 2.556427717209e-01 1.948028951883e-01 1.680305749178e-01 1.066048517823e-01 5.455233529210e-02 6.402288377285e-02 6.259220093489e-02 5.428201332688e-02 4.052514582872e-02 4.027106240392e-02 6.129670515656e-02 6.915730983019e-02 5.352830886841e-02 3.997362777591e-02 5.171626061201e-02 9.346882253885e-02 1.623136699200e-01 1.411930024624e-01 7.030235230923e-02 3.803529590368e-02 3.126013278961e-02 2.472962066531e-02
8.919256180525e-02 1.412019729614e-01 1.846032738686e-01 1.695151180029e-01 1.526399105787e-01 1.732307672501e-01 1.295265406370e-01 1.213159784675e-01 1.316072046757e-01 2.574562430382e-01 3.641480505466e-01 2.439889758825e-01 4.626478552818e-01 2.092098295689e-01 3.065638542175e-01 3.766051828861e-01 1.618979275227e-01 1.657156050205e-01 1.955561339855e-01 2.035743147135e-01 2.312158495188e-01 2.195780426264e-01 1.517965197563e-01 1.025761589408e-01 5.795809999108e-02 6.529033184052e-02 6.043536216021e-02 5.148913711309e-02 3.901287913322e-02 3.718035295606e-02 6.210494041443e-02 8.095265179873e-02 7.220681011677e-02 4.418428614736e-02 4.503182321787e-02 5.603781342506e-02 1.345651298761e-01 1.897578239441e-01 1.278742700815e-01 5.212256312370e-02 3.495162725449e-02 2.759795635939e-02 1.900883764029e-02
9.088698774576e-02 1.871679872274e-01 2.482043653727e-01 2.314753979445e-01 2.099707126617e-01 1.853398382664e-01 1.442880481482e-01 1.320411264896e-01 1.514379233122e-01 2.449301481247e-01 3.942424058914e-01 2.563766539097e-01 4.648444056511e-01 2.428968250751e-01 2.872445583344e-01 3.606366515160e-01 1.729324758053e-01 1.819380074739e-01 2.103055119514e-01 2.199060618877e-01 2.366007566452e-01 2.476921379566e-01 1.083020046353e-01 6.184701621532e-02 6.746603548527e-02 6.051295250654e-02 4.852190613747e-02 3.578409180045e-02 3.573962673545e-02 6.201436743140e-02 8.668956160545e-02 8.387628942728e-02 5.657518282533e-02 4.410113021731e-02 5.004257336259e-02 8.159507811069e-02 1.837507933378e-01 1.951278150082e-01 9.916704148054e-02 4.041955992579e-02 3.164030984044e-02 2.222911268473e-02 1.523543242365e-02
1.075441837311e-01 2.248669713736e-01 3.009067475796e-01 2.921595275402e-01 2.770400643349e-01 2.412040829659e-01 1.931350380182e-01 1.518234759569e-01 1.798079460859e-01 2.269349843264e-01 4.248706996441e-01 2.701851427555e-01 4.565958678722e-01 2.742556929588e-01 2.886802256107e-01 3.305206894875e-01 1.873885691166e-01 1.994715780020e-01 2.192867845297e-01 2.208125144243e-01 2.627559602261e-01 2.721951305866e-01 1.150333359838e-01 7.065425813198e-02 6.140483170748e-02 5.086303502321e-02 3.659128025174e-02 4.092641174793e-02 6.547905504704e-02 9.203136712313e-02 9.027151763439e-02 6.259594857693e-02 4.469985514879e-02 4.705142602324e-02 5.744160711765e-02 1.318035721779e-01 2.268209010363e-01 1.712527871132e-01 6.773948669434e-02 3.658519685268e-02 2.663513831794e-02 1.857014372945e-02 1.675703562796e-02
1.225889176130e-01 2.451104968786e-01 3.256686031818e-01 3.285090923309e-01 3.275071978569e-01 2.993083298206e-01 2.509602904320e-01 2.042641043663e-01 2.193259745836e-01 2.034406810999e-01 4.427435100079e-01 2.867409586906e-01 4.199372828007e-01 3.061747848988e-01 3.109703063965e-01 2.883716821671e-01 2.009069174528e-01 2.155535072088e-01 2.203931212425e-01 2.127209603786e-01 2.872965037823e-01 2.951568663120e-01 1.213383749127e-01 6.266757100821e-02 5.082013085485e-02 3.986502066255e-02 4.593304172158e-02 7.006012648344e-02 1.000659540296e-01 9.704014658928e-02 6.575460731983e-02 4.562703892589e-02 4.437536746264e-02 4.799576476216e-02 8.032187074423e-02 1.960470676422e-01 2.390242815018e-01 1.256005913019e-01 4.279640316963e-02 3.202760219574e-02 1.998567953706e-02 1.752006262541e-02 1.778593845665e-02
1.368981748819e-01 2.465883791447e-01 3.314099907875e-01 3.442619442940e-01 3.542768359184e-01 3.373427689075e-01 2.960617542267e-01 2.515651881695e-01 2.706421017647e-01 2.190647274256e-01 4.467691183090e-01 3.377636373043e-01 4.151581823826e-01 3.353328108788e-01 3.226326107979e-01 2.381866872311e-01 2.193460613489e-01 2.280338853598e-01 2.173336595297e-01 2.394581139088e-01 3.114638626575e-01 3.193139135838e-01 1.285439580679e-01 5.171086266637e-02 4.819752648473e-02 5.040519684553e-02 7.633157819510e-02 1.082825437188e-01 1.028513908386e-01 6.879780441523e-02 4.820530489087e-02 4.635526984930e-02 4.777801036835e-02 6.287641823292e-02 1.379269659519e-01 2.542694211006e-01 2.064948827028e-01 7.733934372663e-02 4.296863451600e-02 2.545806579292e-02 1.433215383440e-02 1.629190891981e-02 2.914615906775e-02
1.626294702291e-01 2.236815690994e-01 3.066517710686e-01 3.329596817493e-01 3.600903153419e-01 3.591625094414e-01 3.279303014278e-01 2.872149348259e-01 3.317823708057e-01 2.596686780453e-01 4.409171342850e-01 3.920545876026e-01 4.575927257538e-01 3.605083823204e-01 3.160589635372e-01 2.351942062378e-01 2.389521300793e-01 2.285908758640e-01 2.141864746809e-01 2.675350308418e-01 3.360802829266e-01 3.423514068127e-01 1.346465945244e-01 5.609542503953e-02 5.341190472245e-02 8.018552511930e-02 1.183507740498e-01 1.106248944998e-01 7.181745022535e-02 5.156131088734e-02 5.052264034748e-02 5.149851366878e-02 5.358026176691e-02 9.949790686369e-02 2.113778740168e-01 2.719742059708e-01 1.422983556986e-01 4.709123820066e-02 4.443295672536e-02 2.485178597271e-02 3.194096684456e-02 5.134801939130e-02 7.211413979530e-02
1.885857284069e-01 1.758805662394e-01 2.455149292946e-01 2.863311469555e-01 3.329468071461e-01 3.525860607624e-01 3.354685902596e-01 2.995986938477e-01 4.125936627388e-01 2.902178764343e-01 4.206550419331e-01 4.204285740852e-01 5.036468505859e-01 3.854488432407e-01 2.896852493286e-01 2.464042305946e-01 2.481319755316e-01 2.174693048000e-01 2.602354586124e-01 2.668206691742e-01 3.620232343674e-01 3.661630749702e-01 1.421534568071e-01 5.633244290948e-02 8.114126324654e-02 1.263516843319e-01 1.215969771147e-01 7.598331570625e-02 5.775619298220e-02 5.717091634870e-02 5.573624745011e-02 5.579452961683e-02 8.535468578339e-02 1.695439815521e-01 2.721906602383e-01 2.254232913256e-01 7.962290942669e-02 4.175128415227e-02 4.466880112886e-02 5.628801137209e-02 7.908714562654e-02 9.748326241970e-02 1.055497080088e-01
1.923224776983e-01 2.035506218672e-01 1.803774088621e-01 2.282786369324e-01 2.751564085484e-01 3.049399256706e-01 3.012120425701e-01 2.781825661659e-01 4.948612451553e-01 2.932036221027e-01 3.909716606140e-01 4.294130206108e-01 5.433154702187e-01 4.036834836006e-01 3.252516686916e-01 2.646700739861e-01 2.455506622791e-01 1.949999481440e-01 2.859725058079e-01 2.346981018782e-01 3.829527199268e-01 3.856478631496e-01 1.529527455568e-01 7.796707749367e-02 1.322240978479e-01 1.346936374903e-01 8.423765003681e-02 6.554017961025e-02 6.440301984549e-02 6.229617819190e-02 5.920875072479e-02 8.513544499874e-02 1.507808417082e-01 2.465681284666e-01 2.696973681450e-01 1.398570984602e-01 5.263441428542e-02 6.229263171554e-02 8.939327299595e-02 1.089659407735e-01 1.150478571653e-01 1.091079488397e-01 9.158024936914e-02
2.328208088875e-01 2.064654529095e-01 2.056860178709e-01 2.275794893503e-01 2.344664335251e-01 2.575077414513e-01 2.908829152584e-01 2.893619835377e-01 5.421892404556e-01 2.840164899826e-01 3.616608977318e-01 4.289323389530e-01 5.842448472977e-01 4.399171173573e-01 3.907834589481e-01 3.112286925316e-01 2.414676249027e-01 2.504217028618e-01 2.771941423416e-01 1.804612874985e-01 3.979266583920e-01 3.841004073620e-01 1.592099815607e-01 1.346712708473e-01 1.489841938019e-01 9.610290080309e-02 7.439433038235e-02 7.379714399576e-02 7.027363777161e-02 6.737977266312e-02 9.196010231972e-02 1.536754667759e-01 2.297637462616e-01 2.684779167175e-01 1.868006289005e-01 6.562599539757e-02 9.914740175009e-02 1.240970268846e-01 1.310889869928e-01 1.187431663275e-01 9.524456411600e-02 7.069796323776e-02 4.979905113578e-02
2.655225098133e-01 1.838310509920e-01 2.097044885159e-01 2.126620709896e-01 2.766001522541e-01 2.608730196953e-01 3.180448412895e-01 3.122750222683e-01 5.692954659462e-01 2.993351519108e-01 3.288484811783e-01 4.246992766857e-01 6.267801523209e-01 4.570501148701e-01 4.345972836018e-01 3.675377368927e-01 3.032395541668e-01 2.870090603828e-01 2.328623682261e-01 2.179825603962e-01 3.982337713242e-01 3.557682335377e-01 1.508800536394e-01 1.587173044682e-01 1.087513193488e-01 8.386762440205e-02 8.419384807348e-02 8.440127223730e-02 8.316875249147e-02 1.026969254017e-01 1.668547838926e-01 2.337531596422e-01 2.513878047466e-01 1.898465454578e-01 1.044545397162e-01 1.396919339895e-01 1.523426324129e-01 1.373548209667e-01 1.061729714274e-01 7.371696829796e-02 4.972141608596e-02 3.396752849221e-02 2.357920631766e-02
2.740961611271e-01 1.957190036774e-01 2.007280737162e-01 2.162451297045e-01 3.137321472168e-01 2.613389194012e-01 3.483619093895e-01 3.696695566177e-01 5.868917107582e-01 3.156540393829e-01 2.914364337921e-01 4.627310633659e-01 6.635313034058e-01 4.288935065269e-01 4.369776546955e-01 3.958617150784e-01 3.498003482819e-01 2.989019751549e-01 2.497205883265e-01 2.627457082272e-01 3.716717958450e-01 2.991686165333e-01 1.675371527672e-01 1.201762482524e-01 8.825335651636e-02 9.239748120308e-02 9.139936417341e-02 1.024202480912e-01 1.159056946635e-01 1.847401261330e-01 2.420253604650e-01 2.402517348528e-01 1.676332652569e-01 1.502013057470e-01 1.739674359560e-01 1.634370386600e-01 1.252127438784e-01 8.221619576216e-02 5.175654217601e-02 3.369417786598e-02 2.696708776057e-02 1.863074675202e-02 1.699594780803e-02
2.713753879070e-01 2.638891041279e-01 1.913703531027e-01 2.437837272882e-01 3.357684612274e-01 2.580570578575e-01 3.756701946259e-01 4.425104856491e-01 6.145402193069e-01 3.318494856358e-01 2.706290781498e-01 5.287308096886e-01 6.975237727165e-01 4.126569330692e-01 3.891223371029e-01 3.858730196953e-01 3.687192201614e-01 3.368274569511e-01 2.960904538631e-01 2.902770638466e-01 3.032970428467e-01 2.100485712290e-01 1.405356228352e-01 1.174131259322e-01 1.011602059007e-01 1.015638038516e-01 9.342682361603e-02 1.371002197266e-01 2.053478211164e-01 2.560513317585e-01 2.264514416456e-01 1.507284194231e-01 1.936782300472e-01 1.921610683203e-01 1.523735076189e-01 9.935732930899e-02 1.180070042610e-01 4.653628543019e-02 4.473850131035e-02 3.269848600030e-02 2.629134990275e-02 2.071683295071e-02 1.867065206170e-02
3.338858187199e-01 2.802170515060e-01 2.070448249578e-01 2.563285827637e-01 3.283337652683e-01 3.144877552986e-01 4.052887260914e-01 5.017355680466e-01 6.261502504349e-01 3.535472452641e-01 3.392025232315e-01 6.057512760162e-01 7.141804695129e-01 3.881314694881e-01 3.116336762905e-01 3.443135321140e-01 3.573863804340e-01 3.472118377686e-01 3.195695877075e-01 2.755216360092e-01 2.255246490240e-01 1.822936534882e-01 1.524892747402e-01 1.314662992954e-01 1.181351765990e-01 1.140251085162e-01 1.666487008333e-01 2.287837564945e-01 2.610605359077e-01 2.139018326998e-01 2.004956007004e-01 2.202153056860e-01 1.867353767157e-01 1.247457787395e-01 7.138276100159e-02 1.132635772228e-01 9.727706760168e-02 7.530760020018e-02 6.479720026255e-02 3.440964221954e-02 3.201134130359e-02 2.481627464294e-02 2.051598764956e-02
4.189026653767e-01 2.717034518719e-01 3.514048159122e-01 2.494207918644e-01 2.890455126762e-01 4.020403623581e-01 4.347383677959e-01 5.500268936157e-01 7.386634945869e-01 4.010405540466e-01 4.397264420986e-01 6.884250044823e-01 7.138321995735e-01 3.496643304825e-01 2.464698553085e-01 2.869386076927e-01 3.147959411144e-01 3.241219818592e-01 3.096887171268e-01 2.756015658379e-01 2.266635745764e-01 1.817842870951e-01 1.528501361609e-01 1.378291249275e-01 1.521831899881e-01 2.047285884619e-01 2.462615817785e-01 2.479039281607e-01 2.023645490408e-01 2.400901764631e-01 2.381790429354e-01 1.867559701204e-01 1.071059033275e-01 7.803776115179e-02 1.029444262385e-01 1.176511123776e-01 6.620670109987e-02 5.690625309944e-02 4.430693387985e-02 3.749167919159e-02 3.559725731611e-02 3.872855380177e-02 5.071958154440e-02
4.042941331863e-01 4.217355251312e-01 3.723652660847e-01 2.325797975063e-01 3.222807645798e-01 4.699413180351e-01 4.575893878937e-01 5.980463624001e-01 8.740850687027e-01 4.330388307571e-01 5.233286619186e-01 7.464578151703e-01 6.820913553238e-01 3.103685677052e-01 3.085761964321e-01 2.295912206173e-01 2.773088514805e-01 2.859748005867e-01 2.738023698330e-01 3.915585279465e-01 4.241763651371e-01 1.711819767952e-01 1.502660661936e-01 2.002486586571e-01 2.393901944160e-01 2.457011640072e-01 2.051292806864e-01 2.538076043129e-01 2.627608180046e-01 2.747642695904e-01 1.873301416636e-01 9.088817983866e-02 7.054216414690e-02 1.092385128140e-01 1.182209625840e-01 6.900792568922e-02 3.914500027895e-02 4.943946376443e-02 6.165205687284e-02 7.530350238085e-02 8.952683955431e-02 9.995418787003e-02 1.042914465070e-01
4.534869492054e-01 5.342141985893e-01 3.262402713299e-01 4.366061091423e-01 3.558395206928e-01 4.871051311493e-01 4.740539789200e-01 6.262940168381e-01 1.054502844810e+00 4.827198982239e-01 5.927113890648e-01 7.829042673111e-01 6.104793548584e-01 2.874440550804e-01 2.918240129948e-01 3.113826215267e-01 3.305782675743e-01 4.050401151180e-01 7.848229408264e-01 1.198185443878e+00 7.131592631340e-01 2.017080336809e-01 2.425955832005e-01 2.424790859222e-01 2.172769457102e-01 2.756375968456e-01 2.692191600800e-01 3.116002380848e-01 2.487237602472e-01 1.468100100756e-01 1.193295270205e-01 9.532726556063e-02 1.207516789436e-01 1.115344688296e-01 1.069787740707e-01 1.135512217879e-01 1.181523278356e-01 1.197882667184e-01 1.195108443499e-01 1.145618855953e-01 1.046695113182e-01 9.150938689709e-02 7.729217410088e-02
4.737601578236e-01 5.891764760017e-01 5.456183552742e-01 4.414258897305e-01 3.875064551830e-01 4.148554503918e-01 5.696669816971e-01 6.432760953903e-01 1.306675076485e+00 5.604540109634e-01 6.969014406204e-01 7.872478961945e-01 4.982903897762e-01 3.512590527534e-01 2.513094544411e-01 3.332095444202e-01 3.334008455276e-01 8.531829714775e-01 1.406043887138e+00 9.749580621719e-01 3.276315927505e-01 2.462475150824e-01 2.356716394424e-01 3.009454011917e-01 2.942780852318e-01 3.472513258457e-01 2.805134057999e-01 1.729072481394e-01 1.609188169241e-01 1.771321147680e-01 1.743508130312e-01 1.609214693308e-01 1.436120271683e-01 1.273613423109e-01 1.132920160890e-01 1.002552211285e-01 8.822920918465e-02 7.647477090359e-02 6.483460217714e-02 5.411141738296e-02 4.394302889705e-02 3.498119860888e-02 3.443375974894e-02
5.587404370308e-01 7.734579443932e-01 6.592102646828e-01 4.589513540268e-01 5.554808974266e-01 4.887297153473e-01 6.850985884666e-01 7.391785979271e-01 1.573679566383e+00 6.642187237740e-01 8.002466559410e-01 7.247948646545e-01 3.906314373016e-01 3.208549916744e-01 3.644382953644e-01 3.582797050476e-01 1.118439674377e+00 1.315101981163e+00 7.173635959625e-01 2.747923135757e-01 2.362856864929e-01 3.277820348740e-01 3.248084485531e-01 3.955647945404e-01 3.150604665279e-01 2.587892115116e-01 2.445887923241e-01 1.975073963404e-01 1.765216141939e-01 1.605529487133e-01 1.356192827225e-01 1.134617626667e-01 9.991821646690e-02 9.116520732641e-02 7.938476651907e-02 6.471386551857e-02 5.124110355973e-02 4.197059199214e-02 4.094533622265e-02 3.934555500746e-02 3.447508439422e-02 3.322397544980e-02 3.202721476555e-02
