VariationalSeries/SI/f9_max.grd
DSAA
101	101
32.816463539100	34.260883539100
35.556306596100	36.727886596100
2.118300413713e-03	3.621238327026e+01
[rows 57 to 75 of 101, columns 0 to 42 of 101]
2.139913290739e-02 3.931540623307e-02 4.367397353053e-02 4.838125035167e-02 4.080421477556e-02 4.458503425121e-02 4.760333895683e-02 6.181865185499e-02 7.723781466484e-02 9.184258431196e-02 1.033270359039e-01 1.129987165332e-01 1.175913959742e-01 1.142689138651e-01 1.962239444256e-01 1.844330132008e-01 1.187531277537e-01 9.565649926662e-02 8.571640402079e-02 1.128104627132e-01 1.421860307455e-01 2.413318306208e-01 1.767099648714e-01 1.147801429033e-01 1.100856959820e-01 1.057856604457e-01 1.394913494587e-01 2.647398412228e-01 2.742227911949e-01 1.708231717348e-01 1.356164216995e-01 8.448453992605e-02 6.990484148264e-02 8.741158246994e-02 1.284327656031e-01 1.526793837547e-01 1.467604488134e-01 1.429397016764e-01 1.909822523594e-01 2.438678890467e-01 3.483211100101e-01 6.252818107605e-01 1.043223261833e+00
2.378373593092e-02 5.296019092202e-02 6.947100907564e-02 4.476388543844e-02 4.331520572305e-02 4.256327822804e-02 4.223847389221e-02 5.857292562723e-02 7.401993870735e-02 8.793785423040e-02 9.847269952297e-02 1.114733517170e-01 1.079378128052e-01 1.025005728006e-01 1.102497279644e-01 1.735859811306e-01 1.039408445358e-01 7.055531442165e-02 7.189091295004e-02 1.016973555088e-01 1.573513448238e-01 1.969189345837e-01 1.414877474308e-01 8.182788640261e-02 6.105690449476e-02 8.160858601332e-02 1.312185674906e-01 3.371848464012e-01 2.826350927353e-01 1.749551147223e-01 1.368056833744e-01 1.179860383272e-01 7.052968442440e-02 8.553785830736e-02 1.163152977824e-01 1.244077980518e-01 1.111366376281e-01 1.250375509262e-01 1.514195352793e-01 3.266097903252e-01 4.428718686104e-01 6.378531455994e-01 8.872825503349e-01
2.482917904854e-02 4.839444160461e-02 6.392704695463e-02 4.821652546525e-02 4.688606038690e-02 4.875579103827e-02 6.499437987804e-02 9.611272811890e-02 1.797115504742e-01 2.599765360355e-01 7.333274930716e-02 9.638538211584e-02 9.724879264832e-02 9.453237056732e-02 9.055019915104e-02 9.295758605003e-02 8.406054973602e-02 5.177150294185e-02 5.831803753972e-02 9.117007255554e-02 1.509514153004e-01 1.704878062010e-01 1.219694539905e-01 7.181116938591e-02 1.758814789355e-02 5.713666975498e-02 1.009387299418e-01 2.653997838497e-01 2.350459992886e-01 1.442635059357e-01 1.186053603888e-01 6.441558897495e-02 6.719955056906e-02 7.091683894396e-02 6.651977449656e-02 8.214198052883e-02 9.676364064217e-02 1.149600967765e-01 1.445758342743e-01 3.609817028046e-01 4.669412076473e-01 6.361177563667e-01 6.872491836548e-01
2.549648098648e-02 4.961731657386e-02 6.268249452114e-02 5.199087411165e-02 5.994767695665e-02 8.061584830284e-02 1.191279441118e-01 1.813853681087e-01 1.866723746061e-01 8.820676058531e-02 7.789729535580e-02 8.229514956474e-02 8.462288230658e-02 8.460354059935e-02 8.091091364622e-02 8.084224909544e-02 6.767267733812e-02 4.617648944259e-02 8.619333058596e-02 1.161874607205e-01 1.091252192855e-01 1.211530417204e-01 9.071749448776e-02 2.595295384526e-02 1.400731876493e-02 5.007701739669e-02 6.730439513922e-02 1.161190643907e-01 1.088414788246e-01 6.436479836702e-02 6.205198913813e-02 5.974624305964e-02 7.116442173719e-02 6.356509029865e-02 6.381750106812e-02 7.394089549780e-02 9.459019452333e-02 1.083951517940e-01 1.413993984461e-01 3.557420969009e-01 4.805878698826e-01 5.892794132233e-01 5.005114674568e-01
2.599724195898e-02 5.246279388666e-02 5.448867380619e-02 5.169843509793e-02 5.400292202830e-02 5.168460309505e-02 4.993675276637e-02 4.418325424194e-02 4.268073290586e-02 5.438131093979e-02 6.263156980276e-02 6.678468734026e-02 7.017158716917e-02 7.045213878155e-02 6.689816713333e-02 6.772544234991e-02 5.679240077734e-02 4.297025129199e-02 7.017877697945e-02 9.790437668562e-02 1.134341955185e-01 1.389979757369e-02 8.937699720263e-03 3.837329149246e-02 3.438333794475e-02 3.703632950783e-02 4.417608305812e-02 5.334739387035e-02 5.870900303125e-02 5.938651040196e-02 5.757806077600e-02 5.549751967192e-02 5.655480548739e-02 5.854565650225e-02 6.628518551588e-02 7.050095498562e-02 9.135381132364e-02 1.023067906499e-01 1.637029051781e-01 3.250842988491e-01 4.554569423199e-01 4.556887447834e-01 3.228375613689e-01
2.478429861367e-02 5.017929524183e-02 5.025100708008e-02 4.882036149502e-02 4.901612922549e-02 4.896767437458e-02 4.621903970838e-02 4.087394848466e-02 4.097006097436e-02 4.497112333775e-02 4.281673207879e-02 5.329525098205e-02 5.614485219121e-02 5.652252212167e-02 5.522448942065e-02 5.517456680536e-02 4.864596575499e-02 4.061396420002e-02 5.608988180757e-02 5.031119659543e-02 3.396696969867e-02 3.128578141332e-02 2.090722694993e-02 2.378633245826e-02 2.796790376306e-02 2.954510413110e-02 3.637972101569e-02 4.401507228613e-02 4.972440004349e-02 5.224895104766e-02 5.252510681748e-02 5.234051123261e-02 5.401449277997e-02 6.088170409203e-02 7.111870497465e-02 6.741938740015e-02 7.346145063639e-02 8.210370689631e-02 1.742883920670e-01 3.107672631741e-01 3.498096764088e-01 2.784160077572e-01 2.728337049484e-01
2.141446247697e-02 4.445093870163e-02 4.457895085216e-02 4.364071413875e-02 4.348922148347e-02 4.372372478247e-02 4.090083763003e-02 3.598106279969e-02 3.661572188139e-02 4.052451625466e-02 3.858759254217e-02 3.814779222012e-02 4.563535004854e-02 4.680345952511e-02 5.025239288807e-02 4.609799012542e-02 4.206546768546e-02 3.894216939807e-02 3.646299242973e-02 3.108933195472e-02 2.789127081633e-02 2.606162056327e-02 1.224424969405e-02 6.049688905478e-03 5.200021341443e-02 3.246225044131e-02 3.257767111063e-02 3.460972756147e-02 3.996029868722e-02 4.401886090636e-02 4.673087224364e-02 4.883371666074e-02 5.196988210082e-02 6.413677334785e-02 7.122901082039e-02 6.526882946491e-02 6.797107309103e-02 7.013215869665e-02 1.533667594194e-01 2.393599301577e-01 2.457756400108e-01 1.738931685686e-01 2.378504425287e-01
1.728603802621e-02 3.840735554695e-02 3.961972147226e-02 3.837383165956e-02 3.800955414772e-02 3.839384391904e-02 3.666178882122e-02 3.193944692612e-02 3.251980617642e-02 3.581754863262e-02 3.460928797722e-02 3.400847315788e-02 4.161949828267e-02 4.211434721947e-02 4.361083358526e-02 4.262574389577e-02 4.072107002139e-02 3.898435458541e-02 3.819329664111e-02 3.227106109262e-02 2.983089163899e-02 2.597827650607e-02 1.147330459207e-02 8.109743706882e-03 4.461520165205e-02 2.669854648411e-02 3.469983115792e-02 3.398558869958e-02 3.380373865366e-02 3.740915656090e-02 2.784026414156e-02 4.576012119651e-02 4.983401298523e-02 6.525978446007e-02 6.493416428566e-02 6.341174244881e-02 6.394894421101e-02 6.763174384832e-02 1.321433782578e-01 1.896974891424e-01 1.766788810492e-01 1.248313710093e-01 2.003846913576e-01
1.329800859094e-02 3.381871804595e-02 3.635540232062e-02 3.466898575425e-02 3.473113477230e-02 3.486340120435e-02 3.379732370377e-02 2.935410290956e-02 2.974164485931e-02 3.265309706330e-02 4.674747213721e-02 6.569848954678e-02 3.790794685483e-02 3.983002528548e-02 4.113857820630e-02 4.316914081573e-02 4.261166229844e-02 4.126689955592e-02 4.089275747538e-02 3.466388210654e-02 3.675871342421e-02 3.231644630432e-02 1.496479846537e-02 9.595841169357e-03 1.796394772828e-02 9.470200166106e-03 3.339811414480e-02 3.251083195210e-02 3.170407190919e-02 3.324680402875e-02 3.823438659310e-02 4.305050522089e-02 4.713799804449e-02 6.965577602386e-02 7.633665204048e-02 5.784000456333e-02 5.388776212931e-02 6.252160668373e-02 1.147090047598e-01 1.643120646477e-01 1.614583581686e-01 6.351023912430e-02 1.349696666002e-01
9.974103420973e-03 2.984547242522e-02 3.451495990157e-02 3.287881240249e-02 3.296313062310e-02 3.287207707763e-02 3.248200193048e-02 2.831059321761e-02 2.787899598479e-02 3.388933464885e-02 4.223730787635e-02 5.944619700313e-02 7.363594323397e-02 3.974338248372e-02 4.066424444318e-02 4.479101672769e-02 4.636960476637e-02 4.499841481447e-02 4.381783679128e-02 4.386829212308e-02 4.305107891560e-02 4.104485735297e-02 3.910251706839e-02 2.603188529611e-02 3.064856864512e-02 2.454711124301e-02 2.985074743629e-02 2.882659435272e-02 2.733971364796e-02 3.121255524457e-02 3.601439297199e-02 4.059064760804e-02 1.213386561722e-02 6.547173857689e-02 8.944277465343e-02 4.851214960217e-02 5.593707412481e-02 6.354169547558e-02 1.029023081064e-01 1.513058394194e-01 4.307647049427e-02 2.886532247066e-02 7.530993223190e-02
8.054851554334e-03 2.755911462009e-02 3.425493463874e-02 3.272106498480e-02 3.296342492104e-02 3.287513926625e-02 3.264594450593e-02 2.886710502207e-02 3.187619894743e-02 3.062736429274e-02 3.152666985989e-02 3.001311793923e-02 5.480151996017e-02 4.099317640066e-02 4.109402745962e-02 3.718083351851e-02 5.057088658214e-02 4.962844774127e-02 4.713453724980e-02 4.738026112318e-02 4.870144650340e-02 4.935568571091e-02 4.932937026024e-02 4.730879515409e-02 4.088703170419e-02 2.963552810252e-02 2.781570143998e-02 3.134770691395e-02 3.319164738059e-02 3.197884559631e-02 3.470220416784e-02 3.841089457273e-02 1.273897010833e-02 5.538170039654e-02 9.402423352003e-02 4.571414738894e-02 4.837596789002e-02 5.386301875114e-02 9.030532836914e-02 1.338647753000e-01 4.133107513189e-02 8.523765206337e-02 5.693262070417e-02
7.233406417072e-03 2.662871591747e-02 3.470522537827e-02 3.313933685422e-02 3.349402174354e-02 3.325204178691e-02 3.351930528879e-02 2.961496822536e-02 2.968662604690e-02 3.130592033267e-02 3.289326280355e-02 3.093459829688e-02 3.674399107695e-02 4.274042695761e-02 4.254830628633e-02 3.733501210809e-02 2.667447924614e-02 5.296837538481e-02 5.211304873228e-02 5.208624526858e-02 5.489296838641e-02 5.719108507037e-02 5.818186327815e-02 5.597417429090e-02 4.799145087600e-02 3.439894318581e-02 3.123945742846e-02 3.534791246057e-02 3.784452006221e-02 3.733851388097e-02 3.391243517399e-02 3.679175302386e-02 3.313224762678e-02 4.383717104793e-02 9.103489667177e-02 5.433775112033e-02 3.676023706794e-02 4.233562201262e-02 8.001767098904e-02 1.166240125895e-01 1.245253905654e-01 1.081540063024e-01 5.348260328174e-02
7.322846446186e-03 2.725858800113e-02 3.600949421525e-02 3.430169448256e-02 3.466159850359e-02 3.420841321349e-02 3.458417207003e-02 3.004444018006e-02 2.888172306120e-02 3.254990652204e-02 3.457836434245e-02 3.209727257490e-02 3.848679736257e-02 4.503306373954e-02 4.387516528368e-02 3.862432017922e-02 2.773565985262e-02 2.044611237943e-02 5.882063135505e-02 5.811730772257e-02 6.161890923977e-02 6.502240896225e-02 3.922029957175e-02 6.183462217450e-02 5.305115133524e-02 3.862850368023e-02 3.011297248304e-02 3.531879186630e-02 3.944491967559e-02 4.107443243265e-02 3.858999162912e-02 3.493997827172e-02 2.711693756282e-02 3.397989273071e-02 8.097361028194e-02 6.060738861561e-02 3.511239960790e-02 4.044448211789e-02 7.283717393875e-02 1.018742322922e-01 1.126974225044e-01 7.806669175625e-02 1.966455951333e-02
8.380313403904e-03 2.915696986020e-02 3.744703158736e-02 3.585917130113e-02 3.604682907462e-02 3.544307872653e-02 3.551157191396e-02 3.093052282929e-02 3.008042834699e-02 3.419620543718e-02 3.604981303215e-02 3.366323933005e-02 4.106893762946e-02 4.763702675700e-02 4.267851263285e-02 4.007949680090e-02 4.230915755033e-02 6.220221519470e-02 6.451566517353e-02 6.376981735229e-02 6.663706898689e-02 3.275155276060e-02 4.105424135923e-02 6.371182203293e-02 5.379831045866e-02 4.021057114005e-02 2.715772017837e-02 3.336188569665e-02 3.903125226498e-02 4.292921721935e-02 4.357813298702e-02 3.937320783734e-02 1.169642806053e-02 2.511947229505e-02 6.649278849363e-02 6.384944915771e-02 3.530024737120e-02 4.124288633466e-02 6.819269806147e-02 8.670692145824e-02 8.316417783499e-02 3.313116356730e-02 2.167247794569e-02
1.004243642092e-02 3.178893029690e-02 3.885518014431e-02 3.730988129973e-02 3.735981509089e-02 3.685029968619e-02 3.642702847719e-02 3.121956624091e-02 3.098187595606e-02 3.546414524317e-02 3.715268149972e-02 3.509901836514e-02 4.326140135527e-02 4.930417612195e-02 4.387382045388e-02 4.325550794601e-02 5.055318772793e-02 5.870104953647e-02 6.511785835028e-02 6.654106080532e-02 6.753113120794e-02 6.558457762003e-02 6.826516240835e-02 6.031237915158e-02 4.940684139729e-02 3.737407177687e-02 2.509897388518e-02 2.876777760684e-02 3.541855141521e-02 4.128202423453e-02 4.381567612290e-02 6.089558359236e-03 1.055986713618e-02 2.081997506320e-02 5.632369220257e-02 6.505622714758e-02 3.838163241744e-02 4.406553506851e-02 6.452925503254e-02 7.062610238791e-02 5.884306132793e-02 4.971453920007e-02 4.478266462684e-02
1.151741389185e-02 3.362610191107e-02 3.900882974267e-02 3.765152767301e-02 3.790852427483e-02 3.783092275262e-02 3.672058507800e-02 3.162540122867e-02 3.155658021569e-02 3.636725246906e-02 3.707679733634e-02 3.551371395588e-02 4.393457248807e-02 4.952674731612e-02 4.374225810170e-02 4.105449840426e-02 4.376785457134e-02 5.026691406965e-02 5.863004922867e-02 6.353928893805e-02 6.388602405787e-02 2.070642262697e-02 6.083280593157e-02 5.359659716487e-02 4.305657371879e-02 3.214887902141e-02 2.270110696554e-02 2.240394242108e-02 2.779283188283e-02 3.505302220583e-02 2.398554235697e-02 7.376740220934e-03 4.664108902216e-02 4.115616530180e-02 4.892528429627e-02 6.538356840611e-02 4.120268300176e-02 4.165056720376e-02 6.169323623180e-02 5.782561004162e-02 4.776736721396e-02 4.880642890930e-02 6.130776926875e-02
1.155662722886e-02 3.294783830643e-02 3.728469088674e-02 3.588822856545e-02 3.622620180249e-02 3.676344454288e-02 3.556640073657e-02 2.994551323354e-02 3.024082258344e-02 3.491279482841e-02 3.528057783842e-02 3.379965946078e-02 4.191967099905e-02 4.708271846175e-02 4.170123860240e-02 3.933332487941e-02 3.609791025519e-02 4.052886739373e-02 4.733209684491e-02 5.435148254037e-02 5.673863738775e-02 5.059804022312e-02 5.307732522488e-02 4.785914346576e-02 3.869658708572e-02 2.847264520824e-02 2.166051045060e-02 2.335250377655e-02 2.311539649963e-02 2.624679543078e-02 3.417209163308e-02 4.188370332122e-02 5.185183882713e-02 4.742772877216e-02 4.677796736360e-02 6.353976577520e-02 4.443669691682e-02 5.913380533457e-02 5.968403443694e-02 5.130566656590e-02 4.779072105885e-02 5.753431469202e-02 7.768011093140e-02
9.988707490265e-03 2.997377887368e-02 3.475480154157e-02 3.333367779851e-02 3.333366662264e-02 3.416089341044e-02 3.316254913807e-02 2.763110585511e-02 2.778382226825e-02 3.187390789390e-02 3.242967650294e-02 3.072815015912e-02 3.764465451241e-02 4.309356585145e-02 3.876970708370e-02 3.651082143188e-02 2.861151099205e-02 3.245234861970e-02 3.676294907928e-02 3.863608837128e-02 4.847571998835e-02 4.888932779431e-02 4.719992354512e-02 4.346461966634e-02 3.585115075111e-02 2.677960321307e-02 2.441638894379e-02 2.468172833323e-02 2.362736873329e-02 2.205056324601e-02 2.737599797547e-02 3.973414748907e-02 4.940189048648e-02 4.911640658975e-02 4.268817976117e-02 5.800151452422e-02 5.600124597549e-02 7.582791894674e-02 5.748755484819e-02 4.816941544414e-02 2.409105561674e-02 6.035876646638e-02 7.499018311501e-02
7.297684438527e-03 2.519567497075e-02 3.168063610792e-02 3.033787384629e-02 3.010627441108e-02 3.070386312902e-02 3.051653131843e-02 2.555149793625e-02 2.499980106950e-02 2.795182168484e-02 2.933794073761e-02 2.778249979019e-02 3.314218297601e-02 3.843813017011e-02 3.601908311248e-02 3.302425518632e-02 2.321320958436e-02 2.664494328201e-02 3.124590218067e-02 2.353435754776e-02 1.983614265919e-02 2.067225240171e-02 3.298629075289e-02 3.936445713043e-02 3.264041617513e-02 2.520729973912e-02 2.520480379462e-02 2.266130410135e-02 2.095988392830e-02 1.949476636946e-02 1.972553879023e-02 3.023881092668e-02 4.163463413715e-02 4.644252732396e-02 4.418724775314e-02 5.034209042788e-02 4.950122162700e-02 8.388517051935e-02 6.027851998806e-02 4.697608947754e-02 4.811658337712e-02 5.475085601211e-02 6.748160719872e-02
